#           k/h    P           
    0.10787E-04    0.46948E+02
    0.11153E-04    0.48486E+02
    0.11531E-04    0.50073E+02
    0.11922E-04    0.51713E+02
    0.12326E-04    0.53406E+02
    0.12744E-04    0.55154E+02
    0.13176E-04    0.56960E+02
    0.13622E-04    0.58825E+02
    0.14084E-04    0.60751E+02
    0.14561E-04    0.62740E+02
    0.15055E-04    0.64794E+02
    0.15565E-04    0.66916E+02
    0.16093E-04    0.69106E+02
    0.16638E-04    0.71369E+02
    0.17202E-04    0.73706E+02
    0.17785E-04    0.76119E+02
    0.18388E-04    0.78611E+02
    0.19011E-04    0.81185E+02
    0.19656E-04    0.83843E+02
    0.20322E-04    0.86588E+02
    0.21011E-04    0.89423E+02
    0.21723E-04    0.92351E+02
    0.22459E-04    0.95374E+02
    0.23220E-04    0.98497E+02
    0.24007E-04    0.10172E+03
    0.24821E-04    0.10505E+03
    0.25663E-04    0.10849E+03
    0.26532E-04    0.11204E+03
    0.27432E-04    0.11571E+03
    0.28361E-04    0.11950E+03
    0.29323E-04    0.12341E+03
    0.30317E-04    0.12745E+03
    0.31344E-04    0.13163E+03
    0.32407E-04    0.13594E+03
    0.33505E-04    0.14039E+03
    0.34641E-04    0.14498E+03
    0.35815E-04    0.14973E+03
    0.37029E-04    0.15463E+03
    0.38284E-04    0.15969E+03
    0.39582E-04    0.16492E+03
    0.40923E-04    0.17032E+03
    0.42310E-04    0.17590E+03
    0.43744E-04    0.18165E+03
    0.45227E-04    0.18760E+03
    0.46760E-04    0.19374E+03
    0.48345E-04    0.20009E+03
    0.49984E-04    0.20664E+03
    0.51678E-04    0.21340E+03
    0.53430E-04    0.22039E+03
    0.55241E-04    0.22760E+03
    0.57113E-04    0.23505E+03
    0.59049E-04    0.24275E+03
    0.61050E-04    0.25069E+03
    0.63120E-04    0.25890E+03
    0.65259E-04    0.26737E+03
    0.67471E-04    0.27613E+03
    0.69758E-04    0.28517E+03
    0.72122E-04    0.29450E+03
    0.74567E-04    0.30414E+03
    0.77094E-04    0.31409E+03
    0.79708E-04    0.32438E+03
    0.82409E-04    0.33499E+03
    0.85203E-04    0.34596E+03
    0.88091E-04    0.35728E+03
    0.91076E-04    0.36897E+03
    0.94163E-04    0.38105E+03
    0.97355E-04    0.39352E+03
    0.10065E-03    0.40640E+03
    0.10407E-03    0.41970E+03
    0.10759E-03    0.43343E+03
    0.11124E-03    0.44761E+03
    0.11501E-03    0.46226E+03
    0.11891E-03    0.47738E+03
    0.12294E-03    0.49300E+03
    0.12711E-03    0.50913E+03
    0.13142E-03    0.52579E+03
    0.13587E-03    0.54299E+03
    0.14048E-03    0.56075E+03
    0.14524E-03    0.57909E+03
    0.15016E-03    0.59803E+03
    0.15525E-03    0.61758E+03
    0.16051E-03    0.63778E+03
    0.16595E-03    0.65863E+03
    0.17158E-03    0.68017E+03
    0.17739E-03    0.70241E+03
    0.18341E-03    0.72537E+03
    0.18962E-03    0.74907E+03
    0.19605E-03    0.77356E+03
    0.20269E-03    0.79883E+03
    0.20956E-03    0.82493E+03
    0.21667E-03    0.85188E+03
    0.22401E-03    0.87971E+03
    0.23160E-03    0.90844E+03
    0.23945E-03    0.93810E+03
    0.24757E-03    0.96873E+03
    0.25596E-03    0.10003E+04
    0.26464E-03    0.10330E+04
    0.27361E-03    0.10667E+04
    0.28288E-03    0.11015E+04
    0.29247E-03    0.11374E+04
    0.30238E-03    0.11745E+04
    0.31263E-03    0.12128E+04
    0.32323E-03    0.12523E+04
    0.33419E-03    0.12931E+04
    0.34551E-03    0.13352E+04
    0.35722E-03    0.13787E+04
    0.36933E-03    0.14235E+04
    0.38185E-03    0.14698E+04
    0.39479E-03    0.15176E+04
    0.40818E-03    0.15669E+04
    0.42201E-03    0.16178E+04
    0.43632E-03    0.16703E+04
    0.45110E-03    0.17245E+04
    0.46639E-03    0.17805E+04
    0.48220E-03    0.18382E+04
    0.49855E-03    0.18977E+04
    0.51545E-03    0.19591E+04
    0.53292E-03    0.20225E+04
    0.55098E-03    0.20879E+04
    0.56966E-03    0.21553E+04
    0.58896E-03    0.22249E+04
    0.60893E-03    0.22966E+04
    0.62957E-03    0.23706E+04
    0.65091E-03    0.24469E+04
    0.67297E-03    0.25256E+04
    0.69578E-03    0.26067E+04
    0.71936E-03    0.26903E+04
    0.74375E-03    0.27765E+04
    0.76895E-03    0.28654E+04
    0.79502E-03    0.29570E+04
    0.82197E-03    0.30513E+04
    0.84983E-03    0.31486E+04
    0.87863E-03    0.32488E+04
    0.90841E-03    0.33521E+04
    0.93920E-03    0.34584E+04
    0.97104E-03    0.35680E+04
    0.10040E-02    0.36808E+04
    0.10380E-02    0.37969E+04
    0.10732E-02    0.39165E+04
    0.11095E-02    0.40396E+04
    0.11471E-02    0.41663E+04
    0.11860E-02    0.42967E+04
    0.12262E-02    0.44308E+04
    0.12678E-02    0.45688E+04
    0.13108E-02    0.47107E+04
    0.13552E-02    0.48566E+04
    0.14011E-02    0.50067E+04
    0.14486E-02    0.51609E+04
    0.14977E-02    0.53193E+04
    0.15485E-02    0.54821E+04
    0.16010E-02    0.56493E+04
    0.16552E-02    0.58209E+04
    0.17113E-02    0.59972E+04
    0.17693E-02    0.61780E+04
    0.18293E-02    0.63636E+04
    0.18913E-02    0.65539E+04
    0.19554E-02    0.67491E+04
    0.20217E-02    0.69491E+04
    0.20902E-02    0.71541E+04
    0.21611E-02    0.73640E+04
    0.22343E-02    0.75790E+04
    0.23101E-02    0.77990E+04
    0.23884E-02    0.80242E+04
    0.24693E-02    0.82544E+04
    0.25530E-02    0.84898E+04
    0.26396E-02    0.87303E+04
    0.27290E-02    0.89760E+04
    0.28215E-02    0.92269E+04
    0.29172E-02    0.94829E+04
    0.30160E-02    0.97439E+04
    0.31183E-02    0.10010E+05
    0.32240E-02    0.10281E+05
    0.33332E-02    0.10557E+05
    0.34462E-02    0.10838E+05
    0.35630E-02    0.11124E+05
    0.36838E-02    0.11415E+05
    0.38087E-02    0.11710E+05
    0.39378E-02    0.12009E+05
    0.40712E-02    0.12313E+05
    0.42092E-02    0.12621E+05
    0.43519E-02    0.12933E+05
    0.44994E-02    0.13249E+05
    0.46519E-02    0.13568E+05
    0.48096E-02    0.13891E+05
    0.49726E-02    0.14217E+05
    0.51411E-02    0.14545E+05
    0.53154E-02    0.14876E+05
    0.54956E-02    0.15209E+05
    0.56818E-02    0.15543E+05
    0.58744E-02    0.15879E+05
    0.60735E-02    0.16217E+05
    0.62794E-02    0.16554E+05
    0.64923E-02    0.16891E+05
    0.67123E-02    0.17228E+05
    0.69398E-02    0.17564E+05
    0.71751E-02    0.17898E+05
    0.74183E-02    0.18229E+05
    0.76697E-02    0.18557E+05
    0.79297E-02    0.18883E+05
    0.81984E-02    0.19203E+05
    0.84763E-02    0.19519E+05
    0.87636E-02    0.19829E+05
    0.90607E-02    0.20132E+05
    0.93678E-02    0.20428E+05
    0.96853E-02    0.20715E+05
    0.10014E-01    0.20993E+05
    0.10353E-01    0.21261E+05
    0.10704E-01    0.21517E+05
    0.11067E-01    0.21761E+05
    0.11442E-01    0.21992E+05
    0.11830E-01    0.22208E+05
    0.12231E-01    0.22409E+05
    0.12645E-01    0.22592E+05
    0.13074E-01    0.22758E+05
    0.13517E-01    0.22905E+05
    0.13975E-01    0.23032E+05
    0.14449E-01    0.23137E+05
    0.14939E-01    0.23220E+05
    0.15445E-01    0.23278E+05
    0.15968E-01    0.23313E+05
    0.16510E-01    0.23321E+05
    0.17069E-01    0.23302E+05
    0.17648E-01    0.23256E+05
    0.18246E-01    0.23181E+05
    0.18864E-01    0.23077E+05
    0.19504E-01    0.22942E+05
    0.20165E-01    0.22778E+05
    0.20848E-01    0.22582E+05
    0.21555E-01    0.22356E+05
    0.22286E-01    0.22099E+05
    0.23041E-01    0.21812E+05
    0.23822E-01    0.21496E+05
    0.24629E-01    0.21150E+05
    0.25464E-01    0.20777E+05
    0.26327E-01    0.20378E+05
    0.27220E-01    0.19955E+05
    0.28142E-01    0.19510E+05
    0.29096E-01    0.19045E+05
    0.30082E-01    0.18564E+05
    0.31102E-01    0.18069E+05
    0.32156E-01    0.17564E+05
    0.33246E-01    0.17052E+05
    0.34373E-01    0.16537E+05
    0.35538E-01    0.16024E+05
    0.36743E-01    0.15516E+05
    0.37988E-01    0.15011E+05
    0.39276E-01    0.14517E+05
    0.40607E-01    0.14039E+05
    0.41983E-01    0.13582E+05
    0.43407E-01    0.13148E+05
    0.44878E-01    0.12741E+05
    0.46399E-01    0.12360E+05
    0.47972E-01    0.12007E+05
    0.49598E-01    0.11680E+05
    0.51279E-01    0.11376E+05
    0.53017E-01    0.11094E+05
    0.54814E-01    0.10830E+05
    0.56672E-01    0.10580E+05
    0.58593E-01    0.10340E+05
    0.60579E-01    0.10125E+05
    0.62632E-01    0.98960E+04
    0.64755E-01    0.96633E+04
    0.66950E-01    0.94180E+04
    0.69219E-01    0.91528E+04
    0.71565E-01    0.88617E+04
    0.73991E-01    0.85407E+04
    0.76499E-01    0.81896E+04
    0.79092E-01    0.78117E+04
    0.81773E-01    0.74138E+04
    0.84544E-01    0.70053E+04
    0.87410E-01    0.65963E+04
    0.90373E-01    0.61972E+04
    0.93436E-01    0.58176E+04
    0.96603E-01    0.54665E+04
    0.99877E-01    0.51516E+04
    0.10326E+00    0.48786E+04
    0.10676E+00    0.46499E+04
    0.11038E+00    0.44632E+04
    0.11412E+00    0.43116E+04
    0.11799E+00    0.41840E+04
    0.12199E+00    0.40663E+04
    0.12613E+00    0.39429E+04
    0.13040E+00    0.37998E+04
    0.13482E+00    0.36282E+04
    0.13939E+00    0.34280E+04
    0.14411E+00    0.32075E+04
    0.14900E+00    0.29798E+04
    0.15405E+00    0.27593E+04
    0.15927E+00    0.25601E+04
    0.16467E+00    0.23943E+04
    0.17025E+00    0.22660E+04
    0.17602E+00    0.21689E+04
    0.18199E+00    0.20893E+04
    0.18816E+00    0.20123E+04
    0.19453E+00    0.19246E+04
    0.20113E+00    0.18181E+04
    0.20795E+00    0.16952E+04
    0.21499E+00    0.15679E+04
    0.22228E+00    0.14501E+04
    0.22982E+00    0.13523E+04
    0.23761E+00    0.12774E+04
    0.24566E+00    0.12180E+04
    0.25399E+00    0.11615E+04
    0.26259E+00    0.10983E+04
    0.27149E+00    0.10261E+04
    0.28070E+00    0.95093E+03
    0.29021E+00    0.88252E+03
    0.30005E+00    0.82638E+03
    0.31022E+00    0.78032E+03
    0.32073E+00    0.73751E+03
    0.33160E+00    0.69201E+03
    0.34284E+00    0.64388E+03
    0.35447E+00    0.59831E+03
    0.36648E+00    0.55896E+03
    0.37890E+00    0.52493E+03
    0.39174E+00    0.49230E+03
    0.40502E+00    0.45918E+03
    0.41875E+00    0.42710E+03
    0.43294E+00    0.39833E+03
    0.44762E+00    0.37251E+03
    0.46279E+00    0.34783E+03
    0.47848E+00    0.32381E+03
    0.49470E+00    0.30146E+03
    0.51146E+00    0.28110E+03
    0.52880E+00    0.26198E+03
    0.54672E+00    0.24376E+03
    0.56525E+00    0.22680E+03
    0.58441E+00    0.21112E+03
    0.60422E+00    0.19638E+03
    0.62470E+00    0.18255E+03
    0.64588E+00    0.16972E+03
    0.66777E+00    0.15773E+03
    0.69040E+00    0.14652E+03
    0.71381E+00    0.13609E+03
    0.73800E+00    0.12637E+03
    0.76301E+00    0.11730E+03
    0.78888E+00    0.10885E+03
    0.81562E+00    0.10099E+03
    0.84326E+00    0.93669E+02
    0.87184E+00    0.86856E+02
    0.90139E+00    0.80517E+02
    0.93195E+00    0.74623E+02
    0.96354E+00    0.69143E+02
    0.99620E+00    0.64050E+02
    0.10300E+01    0.59319E+02
    0.10649E+01    0.54923E+02
    0.11010E+01    0.50840E+02
    0.11383E+01    0.47051E+02
    0.11769E+01    0.43534E+02
    0.12168E+01    0.40272E+02
    0.12580E+01    0.37246E+02
    0.13006E+01    0.34440E+02
    0.13447E+01    0.31838E+02
    0.13903E+01    0.29426E+02
    0.14374E+01    0.27192E+02
    0.14861E+01    0.25122E+02
    0.15365E+01    0.23206E+02
    0.15886E+01    0.21431E+02
    0.16424E+01    0.19788E+02
    0.16981E+01    0.18267E+02
    0.17557E+01    0.16861E+02
    0.18152E+01    0.15559E+02
    0.18767E+01    0.14356E+02
    0.19403E+01    0.13243E+02
    0.20061E+01    0.12214E+02
    0.20741E+01    0.11264E+02
    0.21444E+01    0.10385E+02
    0.22171E+01    0.95733E+01
    0.22922E+01    0.88236E+01
    0.23699E+01    0.81313E+01
    0.24502E+01    0.74920E+01
    0.25333E+01    0.69020E+01
    0.26192E+01    0.63574E+01
    0.27079E+01    0.58548E+01
    0.27997E+01    0.53912E+01
    0.28946E+01    0.49635E+01
    0.29927E+01    0.45690E+01
    0.30942E+01    0.42053E+01
    0.31991E+01    0.38700E+01
    0.33075E+01    0.35609E+01
    0.34196E+01    0.32760E+01
    0.35355E+01    0.30135E+01
    0.36553E+01    0.27717E+01
    0.37792E+01    0.25489E+01
    0.39073E+01    0.23437E+01
    0.40398E+01    0.21547E+01
    0.41767E+01    0.19807E+01
    0.43183E+01    0.18206E+01
    0.44646E+01    0.16731E+01
    0.46160E+01    0.15375E+01
    0.47724E+01    0.14126E+01
    0.49342E+01    0.12977E+01
    0.51014E+01    0.11920E+01
    0.52743E+01    0.10948E+01
    0.54531E+01    0.10055E+01
    0.56380E+01    0.92325E+00
    0.58291E+01    0.84767E+00
    0.60266E+01    0.77819E+00
    0.62309E+01    0.71433E+00
    0.64421E+01    0.65563E+00
    0.66605E+01    0.60170E+00
    0.68862E+01    0.55214E+00
    0.71196E+01    0.50660E+00
    0.73609E+01    0.46478E+00
    0.76104E+01    0.42636E+00
    0.78684E+01    0.39108E+00
    0.81351E+01    0.35868E+00
    0.84108E+01    0.32894E+00
    0.86959E+01    0.30163E+00
    0.89907E+01    0.27656E+00
    0.92954E+01    0.25355E+00
    0.96105E+01    0.23243E+00
    0.99362E+01    0.21305E+00
    0.10273E+02    0.19527E+00
    0.10621E+02    0.17895E+00
    0.10981E+02    0.16399E+00
    0.11353E+02    0.15026E+00
    0.11738E+02    0.13767E+00
    0.12136E+02    0.12612E+00
    0.12548E+02    0.11553E+00
    0.12973E+02    0.10583E+00
    0.13413E+02    0.96925E-01
    0.13867E+02    0.88765E-01
    0.14337E+02    0.81285E-01
    0.14823E+02    0.74430E-01
    0.15326E+02    0.68146E-01
    0.15845E+02    0.62389E-01
    0.16382E+02    0.57113E-01
    0.16937E+02    0.52279E-01
    0.17511E+02    0.47851E-01
    0.18105E+02    0.43794E-01
    0.18719E+02    0.40078E-01
    0.19353E+02    0.36675E-01
    0.20009E+02    0.33558E-01
    0.20687E+02    0.30703E-01
    0.21389E+02    0.28090E-01
    0.22114E+02    0.25696E-01
    0.22863E+02    0.23506E-01
    0.23638E+02    0.21500E-01
    0.24439E+02    0.19664E-01
    0.25268E+02    0.17983E-01
    0.26124E+02    0.16445E-01
    0.27009E+02    0.15038E-01
    0.27925E+02    0.13750E-01
    0.28871E+02    0.12571E-01
    0.29850E+02    0.11493E-01
    0.30862E+02    0.10506E-01
    0.31908E+02    0.96034E-02
    0.32989E+02    0.87777E-02
    0.34108E+02    0.80225E-02
    0.35264E+02    0.73318E-02
    0.36459E+02    0.67000E-02
    0.37695E+02    0.61223E-02
    0.38972E+02    0.55940E-02
    0.40293E+02    0.51110E-02
    0.41659E+02    0.46693E-02
    0.43071E+02    0.42655E-02
    0.44531E+02    0.38963E-02
    0.46041E+02    0.35589E-02
    0.47601E+02    0.32505E-02
    0.49215E+02    0.29685E-02
    0.50883E+02    0.27109E-02
    0.52607E+02    0.24754E-02
    0.54390E+02    0.22602E-02
    0.56234E+02    0.20636E-02
    0.58140E+02    0.18839E-02
    0.60111E+02    0.17198E-02
    0.62148E+02    0.15698E-02
    0.64255E+02    0.14328E-02
    0.66433E+02    0.13077E-02
    0.68684E+02    0.11934E-02
    0.71012E+02    0.10890E-02
    0.73419E+02    0.99364E-03
    0.75908E+02    0.90657E-03
    0.78481E+02    0.82705E-03
    0.81141E+02    0.75444E-03
    0.83891E+02    0.68815E-03
    0.86735E+02    0.62762E-03
    0.89675E+02    0.57237E-03
    0.92714E+02    0.52193E-03
    0.95857E+02    0.47588E-03
    0.99106E+02    0.43385E-03
    0.10246E+03    0.39550E-03
    0.10594E+03    0.36049E-03
    0.10953E+03    0.32855E-03
    0.11324E+03    0.29940E-03
    0.11708E+03    0.27280E-03
    0.12105E+03    0.24854E-03
    0.12515E+03    0.22640E-03
    0.12939E+03    0.20621E-03
    0.13378E+03    0.18779E-03
    0.13831E+03    0.17099E-03
    0.14300E+03    0.15567E-03
    0.14785E+03    0.14170E-03
    0.15286E+03    0.12896E-03
    0.15804E+03    0.11734E-03
    0.16340E+03    0.10676E-03
    0.16894E+03    0.97106E-04
    0.17466E+03    0.88309E-04
    0.18058E+03    0.80293E-04
    0.18670E+03    0.72989E-04
    0.19303E+03    0.66334E-04
    0.19957E+03    0.60271E-04
    0.20634E+03    0.54749E-04
