# Real space DM power spectrum.
# The power spectum is corrected for shot-noise and window function.
# Ngrid=512	Interlacing was set to True.
# redshift=0.677100	model=tabulated	Hz_file=/g100/home/userexternal/mbaldi00/SOURCE/DAKAR2/DST_m09_m01_Hz.dat	zDf_file=/g100_scratch/userexternal/mbaldi00/DAKAR2/DST_m09_m01_CoDECS2/linear_growth.txt	H0=67.66	Om=0.311049	Ob=0.04897468161869667	sigma8=0.6728650210648598	ns=0.9665	Tcmb=0.0	Neff=3.046	m_nu=[0]	Fid_model=w0waCDM	Fid_H0=67.6591	Fid_Om=0.311452	Fid_w0=-0.9001	Fid_wa=-0.1024	
# n_dm=1.073742e+00[h/Mpc]^3
# k[h/Mpc]		Pk_dm[Mpc^3/h^3]		Nmodes
8.018239401280879974e-03 8.373955830203161895e+03 1.800000000000000000e+01
1.401654949351664563e-02 9.979956782264094727e+03 6.200000000000000000e+01
1.969250245970122562e-02 7.382215361098853464e+03 9.800000000000000000e+01
2.551337480545044084e-02 1.121470201075871955e+04 2.100000000000000000e+02
3.202906010406358223e-02 8.712985820282527129e+03 3.500000000000000000e+02
3.846520933840009981e-02 7.509825899647607002e+03 4.500000000000000000e+02
4.443307405343879801e-02 6.000471501345650722e+03 6.020000000000000000e+02
5.042305588722229004e-02 5.361615593435883056e+03 7.620000000000000000e+02
5.690925724269420977e-02 5.059471041698589033e+03 1.142000000000000000e+03
6.341842361688614094e-02 4.374579477425384539e+03 1.250000000000000000e+03
6.949987936003544642e-02 4.159966139702476539e+03 1.458000000000000000e+03
7.558128466088295805e-02 4.161259967392308681e+03 1.814000000000000000e+03
8.196268225887480552e-02 3.384883645285806779e+03 2.178000000000000000e+03
8.830226267620121250e-02 3.061372920820100262e+03 2.498000000000000000e+03
9.435210882776298713e-02 2.723339081696933135e+03 2.622000000000000000e+03
1.005600000334900268e-01 2.593825118408009075e+03 3.338000000000000000e+03
1.070138172820522676e-01 2.214009972428071251e+03 3.722000000000000000e+03
1.134272720352065417e-01 2.080501531142410840e+03 4.170000000000000000e+03
1.196088736356262089e-01 2.018989742133966502e+03 4.358000000000000000e+03
1.257803526943431782e-01 1.913460413619266092e+03 5.034000000000000000e+03
1.321489366516601371e-01 1.792383693176172073e+03 5.714000000000000000e+03
1.384562346816501366e-01 1.653341997385263994e+03 5.982000000000000000e+03
1.446496334058954558e-01 1.591365254220295128e+03 6.602000000000000000e+03
1.508534077925902661e-01 1.447654511927488329e+03 7.130000000000000000e+03
1.571727997187746806e-01 1.348416200452519206e+03 8.034000000000000000e+03
1.635416756874734368e-01 1.234863704150924832e+03 8.606000000000000000e+03
1.698255044437522454e-01 1.153181626906964084e+03 9.066000000000000000e+03
1.761012440422073944e-01 1.132151391739779228e+03 9.962000000000000000e+03
1.823997330750334323e-01 1.068880430979886796e+03 1.055000000000000000e+04
1.886505794152418258e-01 1.060746389878618174e+03 1.122600000000000000e+04
1.949080233860110145e-01 9.911538906643110067e+02 1.214600000000000000e+04
2.011423980633682551e-01 9.336545095688084075e+02 1.260600000000000000e+04
2.073952711124279202e-01 8.743197279977654262e+02 1.380200000000000000e+04
2.137387912274538171e-01 8.426531290995067138e+02 1.475400000000000000e+04
2.200329442788883927e-01 8.268903833619383477e+02 1.519400000000000000e+04
2.262928915227388205e-01 7.686292098187235524e+02 1.645400000000000000e+04
2.325983565681614684e-01 7.356752997875157689e+02 1.715400000000000000e+04
2.388889575828848644e-01 7.176226027511263510e+02 1.826600000000000000e+04
2.451217204984029174e-01 6.839351307587178326e+02 1.875000000000000000e+04
2.513735730109318833e-01 6.625165374629450525e+02 2.023400000000000000e+04
2.577068704519516196e-01 6.298552042319113298e+02 2.145000000000000000e+04
2.640202590165574015e-01 6.216291455066157141e+02 2.196200000000000000e+04
2.702896249217050517e-01 5.954195426542653422e+02 2.346200000000000000e+04
2.765613443273721161e-01 5.732559330613548809e+02 2.404200000000000000e+04
2.828696817722480827e-01 5.583574309904812480e+02 2.594600000000000000e+04
2.891484548613966754e-01 5.254521677385785097e+02 2.611800000000000000e+04
2.953521325173381618e-01 5.164433956686768852e+02 2.750600000000000000e+04
3.016073414663040242e-01 5.098205868728489349e+02 2.906600000000000000e+04
3.079380380657114613e-01 4.880218465551053555e+02 3.045000000000000000e+04
3.142758188292146815e-01 4.680464356006727940e+02 3.174200000000000000e+04
3.205460861690284657e-01 4.599636541695705887e+02 3.225000000000000000e+04
3.268125857401938394e-01 4.421387796151655607e+02 3.425000000000000000e+04
3.331235790942642661e-01 4.346864920584301899e+02 3.545400000000000000e+04
3.394044287142444771e-01 4.257486466848674240e+02 3.643400000000000000e+04
3.456389225992096970e-01 4.097451011820853637e+02 3.768200000000000000e+04
3.518805674449744791e-01 3.977463890352995577e+02 3.929400000000000000e+04
3.582029755837912721e-01 3.883504087052571094e+02 4.142600000000000000e+04
3.645115539318926068e-01 3.803512334088391071e+02 4.206600000000000000e+04
3.707638220461956791e-01 3.683266447742003606e+02 4.349000000000000000e+04
3.770538406945189158e-01 3.606255020720083166e+02 4.570200000000000000e+04
3.833585849945114754e-01 3.550879123183810862e+02 4.663400000000000000e+04
3.896511111060295685e-01 3.464847914427672322e+02 4.855400000000000000e+04
3.958767350353735170e-01 3.386346483687034947e+02 4.887000000000000000e+04
4.021123550664917334e-01 3.300921091668594727e+02 5.155400000000000000e+04
4.084534706459355680e-01 3.238109957836762760e+02 5.409000000000000000e+04
4.147693430455148822e-01 3.210502659660922404e+02 5.431400000000000000e+04
4.210541279197388409e-01 3.105119738583488811e+02 5.691000000000000000e+04
4.273285528543883660e-01 3.050299174657449726e+02 5.748200000000000000e+04
4.336210871857300031e-01 2.987091617060561362e+02 6.062600000000000000e+04
4.399178901492071248e-01 2.886520516043865996e+02 6.120600000000000000e+04
4.461481615369914944e-01 2.847320304699745748e+02 6.257000000000000000e+04
4.524185591367541615e-01 2.811864318754073793e+02 6.573000000000000000e+04
4.587151924004577719e-01 2.730972291453857110e+02 6.668600000000000000e+04
4.650253487526455620e-01 2.710739573473335327e+02 6.969800000000000000e+04
4.713138026405762626e-01 2.639134779280549878e+02 7.002600000000000000e+04
4.775801322871031096e-01 2.615820527312432660e+02 7.274600000000000000e+04
4.838809178367569630e-01 2.546009428105133452e+02 7.491000000000000000e+04
4.901499165155780435e-01 2.520029105412557442e+02 7.572200000000000000e+04
4.963993143780123241e-01 2.475830054255886807e+02 7.837800000000000000e+04
5.026659111298577010e-01 2.440211452499503082e+02 8.003000000000000000e+04
5.089643413427887841e-01 2.401675882998105180e+02 8.318600000000000000e+04
5.152747315442799403e-01 2.354736097476862540e+02 8.466600000000000000e+04
5.215661708673858810e-01 2.317884565024071435e+02 8.654600000000000000e+04
5.278286396879566800e-01 2.285757235142945660e+02 8.813400000000000000e+04
5.341160320652750260e-01 2.254424893941843493e+02 9.153800000000000000e+04
5.404304286902661403e-01 2.218804191419770859e+02 9.313800000000000000e+04
5.466976878455739319e-01 2.181741834691195834e+02 9.447800000000000000e+04
5.529595373159058580e-01 2.139530864144257976e+02 9.727400000000000000e+04
5.592440147746206014e-01 2.124998941973777278e+02 9.969000000000000000e+04
5.655545845518847869e-01 2.075573605328998781e+02 1.025900000000000000e+05
5.718545124332512497e-01 2.047703638472790999e+02 1.037700000000000000e+05
5.781226402320145397e-01 2.044007068388086168e+02 1.063460000000000000e+05
5.844054810026423352e-01 2.004681025539014456e+02 1.085460000000000000e+05
5.906692678833675991e-01 1.982566188302939452e+02 1.107260000000000000e+05
5.969160111309492756e-01 1.943220382985883532e+02 1.123220000000000000e+05
6.031708558297608214e-01 1.926385799191286026e+02 1.158900000000000000e+05
6.094688112237535149e-01 1.895485622409040900e+02 1.187660000000000000e+05
6.158118423264375974e-01 1.872388028567080198e+02 1.222980000000000000e+05
6.221022681713845870e-01 1.850132592912212033e+02 1.220900000000000000e+05
6.283660508217905338e-01 1.821083881002116414e+02 1.258100000000000000e+05
6.346461619227155015e-01 1.798322003210861908e+02 1.281900000000000000e+05
6.409396473976692876e-01 1.772895577710492034e+02 1.309940000000000000e+05
6.472371834330832296e-01 1.768067160428147133e+02 1.337220000000000000e+05
6.534767429514126702e-01 1.738204065083356795e+02 1.338860000000000000e+05
6.597637022409679197e-01 1.701614067939538870e+02 1.405380000000000000e+05
6.660751593608625898e-01 1.691070147655270546e+02 1.405940000000000000e+05
6.723401943305717943e-01 1.666435760980310192e+02 1.435940000000000000e+05
6.786079373829640993e-01 1.662725732629895958e+02 1.463100000000000000e+05
6.849135514418230875e-01 1.649278476875816750e+02 1.506500000000000000e+05
6.912250943479077980e-01 1.622922907855751760e+02 1.519140000000000000e+05
6.974710436131158486e-01 1.606133911765416542e+02 1.533980000000000000e+05
7.037307548900212373e-01 1.591472757302760215e+02 1.578660000000000000e+05
7.100217936516199924e-01 1.568834516663186776e+02 1.606580000000000000e+05
7.163250787242370077e-01 1.554188376915604408e+02 1.641020000000000000e+05
7.226009447591926760e-01 1.541047999510521151e+02 1.649940000000000000e+05
7.288716701068771453e-01 1.520863989443718651e+02 1.698500000000000000e+05
7.351879459163250807e-01 1.507045439116897683e+02 1.729860000000000000e+05
7.414685146977839647e-01 1.492324323565494808e+02 1.738940000000000000e+05
7.477104477723024445e-01 1.466798733886831201e+02 1.767780000000000000e+05
7.539885226758882286e-01 1.472098199870725352e+02 1.818020000000000000e+05
7.602914782916944114e-01 1.451163160958828371e+02 1.844300000000000000e+05
7.665892437025125794e-01 1.434973526157798460e+02 1.872420000000000000e+05
7.728738187058056264e-01 1.425513896461466743e+02 1.902500000000000000e+05
7.791494140893913123e-01 1.410024261920667641e+02 1.925700000000000000e+05
7.854515901778583720e-01 1.401316673272276034e+02 1.982540000000000000e+05
7.917409748104085043e-01 1.382206206385270946e+02 1.980740000000000000e+05
7.979940385111662371e-01 1.372508996476067580e+02 2.020500000000000000e+05
8.042571846768763466e-01 1.358412635802637851e+02 2.055020000000000000e+05
8.105619462845171652e-01 1.357710783823495717e+02 2.106660000000000000e+05
8.168641867275381330e-01 1.336599044879851590e+02 2.124260000000000000e+05
8.231256696255031535e-01 1.330303262814882714e+02 2.139180000000000000e+05
8.294110748726144511e-01 1.314126234148683920e+02 2.209940000000000000e+05
8.357113707437004990e-01 1.301983349763275442e+02 2.215220000000000000e+05
8.419948002460609926e-01 1.283051806907591583e+02 2.263140000000000000e+05
8.482593350903800955e-01 1.282962945204244249e+02 2.272940000000000000e+05
8.545301115901441369e-01 1.276834558012569971e+02 2.329620000000000000e+05
8.608435414229801408e-01 1.262252088906226533e+02 2.378180000000000000e+05
8.671393362117422177e-01 1.246283297714612530e+02 2.383980000000000000e+05
8.733948081113820372e-01 1.236188600961050241e+02 2.414180000000000000e+05
8.796646205952306508e-01 1.229856526865080895e+02 2.468180000000000000e+05
8.859565087287600837e-01 1.224229306245874227e+02 2.499060000000000000e+05
8.922534924202312201e-01 1.217419269483564506e+02 2.547020000000000000e+05
8.985217857854136403e-01 1.203732863760090765e+02 2.544180000000000000e+05
9.047744920414614311e-01 1.199102546625308747e+02 2.603540000000000000e+05
9.110610772062064378e-01 1.187563901821078218e+02 2.649740000000000000e+05
9.173652030728716156e-01 1.174405561699607006e+02 2.687220000000000000e+05
9.236564978724189912e-01 1.163546010818607641e+02 2.715620000000000000e+05
9.299448038968107788e-01 1.161837050392691140e+02 2.755860000000000000e+05
9.362445064485998003e-01 1.143937853878385766e+02 2.801900000000000000e+05
9.425390102875164100e-01 1.139197207935792875e+02 2.828340000000000000e+05
9.488116425969939094e-01 1.132090428214640525e+02 2.851700000000000000e+05
9.550714374598537892e-01 1.125060424585354752e+02 2.898860000000000000e+05
9.613552636148307018e-01 1.121492685811402055e+02 2.944740000000000000e+05
9.676548604748713700e-01 1.106812758400650836e+02 2.994980000000000000e+05
9.739319897320198871e-01 1.101648642248697740e+02 2.999580000000000000e+05
9.801989291478477861e-01 1.093663711263830294e+02 3.058580000000000000e+05
9.864886628427461668e-01 1.088619938986755074e+02 3.107940000000000000e+05
9.927793936164199806e-01 1.081000749506334984e+02 3.130820000000000000e+05
9.990361166530091763e-01 1.071456788745406499e+02 3.160460000000000000e+05
1.005310172388236056e+00 1.065318483221066117e+02 3.222180000000000000e+05
1.011625805491854102e+00 1.057125863375533044e+02 3.285620000000000000e+05
1.017917766942204150e+00 1.052208284055973451e+02 3.279900000000000000e+05
1.024197689983066040e+00 1.042325573831514163e+02 3.352820000000000000e+05
1.030472573734562358e+00 1.040564322844493148e+02 3.359700000000000000e+05
1.036757776698311151e+00 1.032241243454521822e+02 3.440660000000000000e+05
1.043033361905228329e+00 1.026909724463028226e+02 3.437180000000000000e+05
1.049301684494551079e+00 1.012208945077007769e+02 3.514980000000000000e+05
1.055593059295673708e+00 1.009039526907191942e+02 3.544580000000000000e+05
1.061871457102441241e+00 1.006233368186343000e+02 3.585660000000000000e+05
1.068178001041605985e+00 9.984135975531825125e+01 3.661220000000000000e+05
1.074470180493512173e+00 9.955182441425851891e+01 3.658100000000000000e+05
1.080737053769623701e+00 9.902095151034181697e+01 3.716220000000000000e+05
1.087020489212936480e+00 9.785879195092536520e+01 3.759860000000000000e+05
1.093314462971749057e+00 9.732516014249993930e+01 3.821700000000000000e+05
1.099587869600829659e+00 9.691389163739128776e+01 3.818180000000000000e+05
1.105847463881620474e+00 9.642148844460038504e+01 3.895740000000000000e+05
1.112134280670179054e+00 9.607954362231718903e+01 3.936980000000000000e+05
1.118428377412835406e+00 9.512836830652847198e+01 3.994580000000000000e+05
1.124715645780198781e+00 9.492020220523247076e+01 4.022220000000000000e+05
1.130996124361501431e+00 9.458543002170519287e+01 4.069220000000000000e+05
1.137284456696317392e+00 9.380025996785840903e+01 4.128420000000000000e+05
1.143571288435853983e+00 9.336730074184839623e+01 4.153460000000000000e+05
1.149847667202570811e+00 9.279532291355828022e+01 4.211820000000000000e+05
1.156130444085272213e+00 9.224373354065492947e+01 4.250180000000000000e+05
1.162419353814765133e+00 9.149348804286663039e+01 4.311380000000000000e+05
1.168705445387328012e+00 9.093211559731612681e+01 4.343820000000000000e+05
1.174988745725767281e+00 9.032683074928318945e+01 4.395140000000000000e+05
1.181273977502684147e+00 9.017867027510727951e+01 4.447380000000000000e+05
1.187562659051211167e+00 8.945433156541258768e+01 4.489100000000000000e+05
1.193823213156303353e+00 8.903939319794577045e+01 4.506180000000000000e+05
1.200093696126397269e+00 8.818732724673304801e+01 4.595540000000000000e+05
1.206384684590767753e+00 8.819972733620407723e+01 4.631060000000000000e+05
1.212657716259795793e+00 8.742235355909636496e+01 4.670940000000000000e+05
1.218950061014193453e+00 8.709644526034402645e+01 4.749380000000000000e+05
1.225240784026401242e+00 8.653255105118242341e+01 4.771860000000000000e+05
1.231532244371714047e+00 8.587657558289376425e+01 4.846700000000000000e+05
1.237823116543606217e+00 8.593246256326671073e+01 4.870100000000000000e+05
1.244104630523539479e+00 8.539885252684119621e+01 4.933140000000000000e+05
1.250385916236761652e+00 8.499179185512971912e+01 4.963220000000000000e+05
1.256652750742101254e+00 8.418373776000547082e+01 5.017020000000000000e+05
1.262935091931613352e+00 8.388695326982433187e+01 5.085620000000000000e+05
1.269233477511062080e+00 8.348258371853056303e+01 5.142420000000000000e+05
1.275514616938773216e+00 8.314952088804517416e+01 5.161580000000000000e+05
1.281786872211649220e+00 8.285366102667192933e+01 5.226020000000000000e+05
1.288079462048372426e+00 8.211245326594473681e+01 5.306580000000000000e+05
1.294361149637119013e+00 8.199661143816086906e+01 5.300420000000000000e+05
1.300627926004322754e+00 8.164252159790594021e+01 5.388780000000000000e+05
1.306914643728855463e+00 8.116983707473302445e+01 5.441300000000000000e+05
1.313214369136572968e+00 8.078763530281645444e+01 5.511060000000000000e+05
1.319506178663429896e+00 8.042145784063266944e+01 5.539820000000000000e+05
1.325784332573166857e+00 7.969562416174616715e+01 5.582420000000000000e+05
1.332057263563118710e+00 7.935437956480274124e+01 5.645460000000000000e+05
1.338340549575027794e+00 7.894446227150034190e+01 5.704940000000000000e+05
1.344633835480066875e+00 7.876922635197816192e+01 5.767620000000000000e+05
1.350907484373135237e+00 7.827257065891973298e+01 5.782340000000000000e+05
1.357175487163077676e+00 7.786856678211685789e+01 5.856660000000000000e+05
1.363467141694861828e+00 7.767585789257582007e+01 5.944460000000000000e+05
1.369755686854475130e+00 7.748426079371715502e+01 5.952500000000000000e+05
1.376032186684321701e+00 7.681451850645485990e+01 6.034020000000000000e+05
1.382313839440675540e+00 7.641619183970696838e+01 6.073820000000000000e+05
1.388610058625191268e+00 7.626723174379102943e+01 6.170100000000000000e+05
1.394895499348251855e+00 7.578780813367826852e+01 6.167780000000000000e+05
1.401166240321837453e+00 7.531027961251336933e+01 6.247460000000000000e+05
1.407434432864556273e+00 7.499353197796054360e+01 6.280620000000000000e+05
1.413722933193898301e+00 7.486395119338939708e+01 6.394100000000000000e+05
1.420027475896342928e+00 7.424222327780942976e+01 6.429540000000000000e+05
1.426307149789788564e+00 7.416026934704080986e+01 6.459740000000000000e+05
1.432584485912613337e+00 7.388907865570173783e+01 6.534900000000000000e+05
1.438876982104692948e+00 7.361053768636226380e+01 6.607460000000000000e+05
1.445167658311597991e+00 7.307377487575659814e+01 6.646460000000000000e+05
1.451434581318592487e+00 7.264473581079415965e+01 6.672900000000000000e+05
1.457714146029685631e+00 7.253951982797408959e+01 6.790340000000000000e+05
1.464013702919821469e+00 7.216511785062348849e+01 6.827220000000000000e+05
1.470311375243267715e+00 7.175852375906409009e+01 6.912380000000000000e+05
1.476585168270965198e+00 7.166886737545728181e+01 6.886020000000000000e+05
1.482847620858654736e+00 7.125235211781888722e+01 7.008260000000000000e+05
1.489134257848029552e+00 7.088045700257586645e+01 7.056620000000000000e+05
1.495410090151012339e+00 7.035395997021737458e+01 7.100820000000000000e+05
1.501688804650891385e+00 7.024447369938120289e+01 7.191620000000000000e+05
1.507973225127458239e+00 7.007499933608026765e+01 7.222500000000000000e+05
1.514255586288884459e+00 6.993850012090474877e+01 7.315100000000000000e+05
1.520548655276809047e+00 6.935809057672570077e+01 7.364420000000000000e+05
1.526828765310179747e+00 6.922305225160891951e+01 7.408980000000000000e+05
1.533114430439595610e+00 6.886607477367647334e+01 7.501580000000000000e+05
1.539410813276927970e+00 6.838598672266377321e+01 7.548660000000000000e+05
1.545694858079805112e+00 6.809434689514502281e+01 7.608260000000000000e+05
1.551969964575633298e+00 6.782102090748087164e+01 7.640340000000000000e+05
1.558245721095042446e+00 6.772683421627056077e+01 7.738460000000000000e+05
1.564534844516594525e+00 6.742927631164280911e+01 7.797140000000000000e+05
1.570816980798636520e+00 6.703916883571253038e+01 7.843140000000000000e+05
1.577093092211928615e+00 6.664118589833300632e+01 7.913420000000000000e+05
1.583381338673179872e+00 6.625243942413867160e+01 7.994580000000000000e+05
1.589671280639133322e+00 6.611488333324103905e+01 8.049620000000000000e+05
1.595952830483094553e+00 6.601850881319255393e+01 8.095500000000000000e+05
1.602217313416965272e+00 6.582513688610653446e+01 8.134580000000000000e+05
