# Real space DM power spectrum.
# The power spectum is corrected for shot-noise and window function.
# Ngrid=512	Interlacing was set to True.
# redshift=2.161320	model=tabulated	Hz_file=/g100/home/userexternal/mbaldi00/SOURCE/DAKAR2/DST_m09_m01_Hz.dat	zDf_file=/g100_scratch/userexternal/mbaldi00/DAKAR2/DST_m09_m01_CoDECS2/linear_growth.txt	H0=67.66	Om=0.311049	Ob=0.04897468161869667	sigma8=0.6728650210648598	ns=0.9665	Tcmb=0.0	Neff=3.046	m_nu=[0]	Fid_model=w0waCDM	Fid_H0=67.6591	Fid_Om=0.311452	Fid_w0=-0.9001	Fid_wa=-0.1024	
# n_dm=1.073742e+00[h/Mpc]^3
# k[h/Mpc]		Pk_dm[Mpc^3/h^3]		Nmodes
8.018239401280879974e-03 2.786985778119828865e+03 1.800000000000000000e+01
1.401654949351664563e-02 3.318734000006029419e+03 6.200000000000000000e+01
1.969250245970122562e-02 2.467088288394772007e+03 9.800000000000000000e+01
2.551337480545044084e-02 3.763351117901575435e+03 2.100000000000000000e+02
3.202906010406358223e-02 2.920685105996813036e+03 3.500000000000000000e+02
3.846520933840009981e-02 2.521632566314273390e+03 4.500000000000000000e+02
4.443307405343879801e-02 2.021064109319072259e+03 6.020000000000000000e+02
5.042305588722229004e-02 1.799498795535620729e+03 7.620000000000000000e+02
5.690925724269420977e-02 1.689127455884228766e+03 1.142000000000000000e+03
6.341842361688614094e-02 1.471621477425384683e+03 1.250000000000000000e+03
6.949987936003544642e-02 1.390047329688758964e+03 1.458000000000000000e+03
7.558128466088295805e-02 1.389296764525715389e+03 1.814000000000000000e+03
8.196268225887480552e-02 1.133625725175613979e+03 2.178000000000000000e+03
8.830226267620121250e-02 1.030019337953807280e+03 2.498000000000000000e+03
9.435210882776298713e-02 9.125821213613113514e+02 2.622000000000000000e+03
1.005600000334900268e-01 8.619927337465348955e+02 3.338000000000000000e+03
1.070138172820522676e-01 7.368906145559595871e+02 3.722000000000000000e+03
1.134272720352065417e-01 6.806594448114756233e+02 4.170000000000000000e+03
1.196088736356262089e-01 6.642754236392440816e+02 4.358000000000000000e+03
1.257803526943431782e-01 6.332949885100090341e+02 5.034000000000000000e+03
1.321489366516601371e-01 5.867619308380551502e+02 5.714000000000000000e+03
1.384562346816501366e-01 5.465121327914828271e+02 5.982000000000000000e+03
1.446496334058954558e-01 5.201486531903042305e+02 6.602000000000000000e+03
1.508534077925902661e-01 4.697615596133228451e+02 7.130000000000000000e+03
1.571727997187746806e-01 4.361185280601866339e+02 8.034000000000000000e+03
1.635416756874734368e-01 3.953625712204112688e+02 8.606000000000000000e+03
1.698255044437522454e-01 3.667004058612989184e+02 9.066000000000000000e+03
1.761012440422073944e-01 3.602183210712387904e+02 9.962000000000000000e+03
1.823997330750334323e-01 3.394414736339153364e+02 1.055000000000000000e+04
1.886505794152418258e-01 3.367210023852990162e+02 1.122600000000000000e+04
1.949080233860110145e-01 3.154746752847620996e+02 1.214600000000000000e+04
2.011423980633682551e-01 2.922706645743612057e+02 1.260600000000000000e+04
2.073952711124279202e-01 2.769044983209068960e+02 1.380200000000000000e+04
2.137387912274538171e-01 2.636736320139706322e+02 1.475400000000000000e+04
2.200329442788883927e-01 2.538143994209090408e+02 1.519400000000000000e+04
2.262928915227388205e-01 2.351252442176538864e+02 1.645400000000000000e+04
2.325983565681614684e-01 2.220476036233558261e+02 1.715400000000000000e+04
2.388889575828848644e-01 2.157547745457173676e+02 1.826600000000000000e+04
2.451217204984029174e-01 2.054781574253845235e+02 1.875000000000000000e+04
2.513735730109318833e-01 1.972382311468434466e+02 2.023400000000000000e+04
2.577068704519516196e-01 1.875224303391374292e+02 2.145000000000000000e+04
2.640202590165574015e-01 1.869249632827745700e+02 2.196200000000000000e+04
2.702896249217050517e-01 1.778629191780057965e+02 2.346200000000000000e+04
2.765613443273721161e-01 1.678610199925586244e+02 2.404200000000000000e+04
2.828696817722480827e-01 1.626475527818941771e+02 2.594600000000000000e+04
2.891484548613966754e-01 1.514789308904277902e+02 2.611800000000000000e+04
2.953521325173381618e-01 1.483612135993101901e+02 2.750600000000000000e+04
3.016073414663040242e-01 1.444957399726906715e+02 2.906600000000000000e+04
3.079380380657114613e-01 1.396668876060084870e+02 3.045000000000000000e+04
3.142758188292146815e-01 1.331606691083282499e+02 3.174200000000000000e+04
3.205460861690284657e-01 1.299608634718961468e+02 3.225000000000000000e+04
3.268125857401938394e-01 1.236870861845086154e+02 3.425000000000000000e+04
3.331235790942642661e-01 1.225204882224737162e+02 3.545400000000000000e+04
3.394044287142444771e-01 1.183121450655008999e+02 3.643400000000000000e+04
3.456389225992096970e-01 1.123499257667676829e+02 3.768200000000000000e+04
3.518805674449744791e-01 1.091758566384959437e+02 3.929400000000000000e+04
3.582029755837912721e-01 1.058399563323511643e+02 4.142600000000000000e+04
3.645115539318926068e-01 1.029679666375748894e+02 4.206600000000000000e+04
3.707638220461956791e-01 9.955174249781497053e+01 4.349000000000000000e+04
3.770538406945189158e-01 9.621828794571186450e+01 4.570200000000000000e+04
3.833585849945114754e-01 9.418221046994429457e+01 4.663400000000000000e+04
3.896511111060295685e-01 9.075198879005067454e+01 4.855400000000000000e+04
3.958767350353735170e-01 8.888476091218623765e+01 4.887000000000000000e+04
4.021123550664917334e-01 8.612093331241558758e+01 5.155400000000000000e+04
4.084534706459355680e-01 8.436423113216950753e+01 5.409000000000000000e+04
4.147693430455148822e-01 8.237499807935954266e+01 5.431400000000000000e+04
4.210541279197388409e-01 7.924256602141333872e+01 5.691000000000000000e+04
4.273285528543883660e-01 7.771015649709393358e+01 5.748200000000000000e+04
4.336210871857300031e-01 7.579860352969619441e+01 6.062600000000000000e+04
4.399178901492071248e-01 7.315941199389088467e+01 6.120600000000000000e+04
4.461481615369914944e-01 7.132518214010403312e+01 6.257000000000000000e+04
4.524185591367541615e-01 7.017060196516848691e+01 6.573000000000000000e+04
4.587151924004577719e-01 6.761187239884222322e+01 6.668600000000000000e+04
4.650253487526455620e-01 6.665070273457560290e+01 6.969800000000000000e+04
4.713138026405762626e-01 6.436950140504922047e+01 7.002600000000000000e+04
4.775801322871031096e-01 6.321610821195697838e+01 7.274600000000000000e+04
4.838809178367569630e-01 6.124231245408562785e+01 7.491000000000000000e+04
4.901499165155780435e-01 6.082785573551896618e+01 7.572200000000000000e+04
4.963993143780123241e-01 5.892835743763286160e+01 7.837800000000000000e+04
5.026659111298577010e-01 5.792941090033141194e+01 8.003000000000000000e+04
5.089643413427887841e-01 5.629758613598486505e+01 8.318600000000000000e+04
5.152747315442799403e-01 5.501150571537105094e+01 8.466600000000000000e+04
5.215661708673858810e-01 5.383282019339228697e+01 8.654600000000000000e+04
5.278286396879566800e-01 5.327430748869720389e+01 8.813400000000000000e+04
5.341160320652750260e-01 5.184843009640638911e+01 9.153800000000000000e+04
5.404304286902661403e-01 5.068483302245552835e+01 9.313800000000000000e+04
5.466976878455739319e-01 4.942670786633374291e+01 9.447800000000000000e+04
5.529595373159058580e-01 4.863130978346582367e+01 9.727400000000000000e+04
5.592440147746206014e-01 4.793273099143929272e+01 9.969000000000000000e+04
5.655545845518847869e-01 4.653644231474996218e+01 1.025900000000000000e+05
5.718545124332512497e-01 4.599104419805485122e+01 1.037700000000000000e+05
5.781226402320145397e-01 4.471636516164164021e+01 1.063460000000000000e+05
5.844054810026423352e-01 4.415970795621937128e+01 1.085460000000000000e+05
5.906692678833675991e-01 4.316029998919066912e+01 1.107260000000000000e+05
5.969160111309492756e-01 4.238379378727266555e+01 1.123220000000000000e+05
6.031708558297608214e-01 4.163766525867470847e+01 1.158900000000000000e+05
6.094688112237535149e-01 4.075575958694590639e+01 1.187660000000000000e+05
6.158118423264375974e-01 4.007085244051150852e+01 1.222980000000000000e+05
6.221022681713845870e-01 3.947450099815870317e+01 1.220900000000000000e+05
6.283660508217905338e-01 3.889404504322094169e+01 1.258100000000000000e+05
6.346461619227155015e-01 3.819337904017506702e+01 1.281900000000000000e+05
6.409396473976692876e-01 3.742267837199275959e+01 1.309940000000000000e+05
6.472371834330832296e-01 3.688428368314315264e+01 1.337220000000000000e+05
6.534767429514126702e-01 3.617418509608945243e+01 1.338860000000000000e+05
6.597637022409679197e-01 3.543585925520990543e+01 1.405380000000000000e+05
6.660751593608625898e-01 3.497129418001131995e+01 1.405940000000000000e+05
6.723401943305717943e-01 3.425919722426191072e+01 1.435940000000000000e+05
6.786079373829640993e-01 3.388063149550959707e+01 1.463100000000000000e+05
6.849135514418230875e-01 3.331530205200250805e+01 1.506500000000000000e+05
6.912250943479077980e-01 3.265340957647000408e+01 1.519140000000000000e+05
6.974710436131158486e-01 3.212324137015563963e+01 1.533980000000000000e+05
7.037307548900212373e-01 3.191103106708064274e+01 1.578660000000000000e+05
7.100217936516199924e-01 3.133572606286289641e+01 1.606580000000000000e+05
7.163250787242370077e-01 3.065679640016849561e+01 1.641020000000000000e+05
7.226009447591926760e-01 3.034135703797649697e+01 1.649940000000000000e+05
7.288716701068771453e-01 2.982137686606747451e+01 1.698500000000000000e+05
7.351879459163250807e-01 2.938394571299161129e+01 1.729860000000000000e+05
7.414685146977839647e-01 2.906619890398642880e+01 1.738940000000000000e+05
7.477104477723024445e-01 2.867714680505846303e+01 1.767780000000000000e+05
7.539885226758882286e-01 2.823728668160832811e+01 1.818020000000000000e+05
7.602914782916944114e-01 2.775758920763253101e+01 1.844300000000000000e+05
7.665892437025125794e-01 2.747624356973247828e+01 1.872420000000000000e+05
7.728738187058056264e-01 2.706537124930042282e+01 1.902500000000000000e+05
7.791494140893913123e-01 2.667389111391336698e+01 1.925700000000000000e+05
7.854515901778583720e-01 2.613751084110375089e+01 1.982540000000000000e+05
7.917409748104085043e-01 2.602598630994281947e+01 1.980740000000000000e+05
7.979940385111662371e-01 2.560015973174433412e+01 2.020500000000000000e+05
8.042571846768763466e-01 2.521049113036062650e+01 2.055020000000000000e+05
8.105619462845171652e-01 2.480312199641164383e+01 2.106660000000000000e+05
8.168641867275381330e-01 2.467159326431196220e+01 2.124260000000000000e+05
8.231256696255031535e-01 2.411717498052247066e+01 2.139180000000000000e+05
8.294110748726144511e-01 2.386301347070701695e+01 2.209940000000000000e+05
8.357113707437004990e-01 2.371185282105628289e+01 2.215220000000000000e+05
8.419948002460609926e-01 2.311085113094405230e+01 2.263140000000000000e+05
8.482593350903800955e-01 2.301534561724176342e+01 2.272940000000000000e+05
8.545301115901441369e-01 2.263047720388917128e+01 2.329620000000000000e+05
8.608435414229801408e-01 2.246752654529975146e+01 2.378180000000000000e+05
8.671393362117422177e-01 2.209862734107173310e+01 2.383980000000000000e+05
8.733948081113820372e-01 2.188533981178487409e+01 2.414180000000000000e+05
8.796646205952306508e-01 2.173826999967002394e+01 2.468180000000000000e+05
8.859565087287600837e-01 2.139432987070395953e+01 2.499060000000000000e+05
8.922534924202312201e-01 2.115976033796471256e+01 2.547020000000000000e+05
8.985217857854136403e-01 2.079584295612527001e+01 2.544180000000000000e+05
9.047744920414614311e-01 2.053899092162425788e+01 2.603540000000000000e+05
9.110610772062064378e-01 2.045673814077546737e+01 2.649740000000000000e+05
9.173652030728716156e-01 2.003631312324327496e+01 2.687220000000000000e+05
9.236564978724189912e-01 1.990465410842559635e+01 2.715620000000000000e+05
9.299448038968107788e-01 1.969170072845506780e+01 2.755860000000000000e+05
9.362445064485998003e-01 1.943316402376419205e+01 2.801900000000000000e+05
9.425390102875164100e-01 1.920348087900042344e+01 2.828340000000000000e+05
9.488116425969939094e-01 1.893807287371359038e+01 2.851700000000000000e+05
9.550714374598537892e-01 1.883413177640526825e+01 2.898860000000000000e+05
9.613552636148307018e-01 1.862146476823991748e+01 2.944740000000000000e+05
9.676548604748713700e-01 1.843513229319665925e+01 2.994980000000000000e+05
9.739319897320198871e-01 1.825526188054157473e+01 2.999580000000000000e+05
9.801989291478477861e-01 1.802868010636720086e+01 3.058580000000000000e+05
9.864886628427461668e-01 1.785078390105650925e+01 3.107940000000000000e+05
9.927793936164199806e-01 1.766988094395154363e+01 3.130820000000000000e+05
9.990361166530091763e-01 1.742509864254911278e+01 3.160460000000000000e+05
1.005310172388236056e+00 1.727108852594377097e+01 3.222180000000000000e+05
1.011625805491854102e+00 1.710099248312096165e+01 3.285620000000000000e+05
1.017917766942204150e+00 1.693510018217588708e+01 3.279900000000000000e+05
1.024197689983066040e+00 1.679232050792399633e+01 3.352820000000000000e+05
1.030472573734562358e+00 1.654086393013196954e+01 3.359700000000000000e+05
1.036757776698311151e+00 1.647806399656563414e+01 3.440660000000000000e+05
1.043033361905228329e+00 1.622489705892131440e+01 3.437180000000000000e+05
1.049301684494551079e+00 1.605373281688034837e+01 3.514980000000000000e+05
1.055593059295673708e+00 1.591751988344725177e+01 3.544580000000000000e+05
1.061871457102441241e+00 1.577193428744060100e+01 3.585660000000000000e+05
1.068178001041605985e+00 1.565943132708941476e+01 3.661220000000000000e+05
1.074470180493512173e+00 1.551776164943525771e+01 3.658100000000000000e+05
1.080737053769623701e+00 1.535040993852960156e+01 3.716220000000000000e+05
1.087020489212936480e+00 1.509845645971026684e+01 3.759860000000000000e+05
1.093314462971749057e+00 1.502402059727137740e+01 3.821700000000000000e+05
1.099587869600829659e+00 1.493294783694185845e+01 3.818180000000000000e+05
1.105847463881620474e+00 1.471809704784392459e+01 3.895740000000000000e+05
1.112134280670179054e+00 1.461560933766245896e+01 3.936980000000000000e+05
1.118428377412835406e+00 1.444016203703330525e+01 3.994580000000000000e+05
1.124715645780198781e+00 1.430293363215590752e+01 4.022220000000000000e+05
1.130996124361501431e+00 1.420990227928772676e+01 4.069220000000000000e+05
1.137284456696317392e+00 1.407745923537478561e+01 4.128420000000000000e+05
1.143571288435853983e+00 1.396718734241754944e+01 4.153460000000000000e+05
1.149847667202570811e+00 1.383468950567285205e+01 4.211820000000000000e+05
1.156130444085272213e+00 1.367831042916318474e+01 4.250180000000000000e+05
1.162419353814765133e+00 1.360441076366599944e+01 4.311380000000000000e+05
1.168705445387328012e+00 1.347815571868396667e+01 4.343820000000000000e+05
1.174988745725767281e+00 1.335896738201843981e+01 4.395140000000000000e+05
1.181273977502684147e+00 1.324017615047659824e+01 4.447380000000000000e+05
1.187562659051211167e+00 1.315172302472514509e+01 4.489100000000000000e+05
1.193823213156303353e+00 1.303382085063606688e+01 4.506180000000000000e+05
1.200093696126397269e+00 1.285905352917210642e+01 4.595540000000000000e+05
1.206384684590767753e+00 1.278260900908242270e+01 4.631060000000000000e+05
1.212657716259795793e+00 1.264576041082214175e+01 4.670940000000000000e+05
1.218950061014193453e+00 1.251233638718585084e+01 4.749380000000000000e+05
1.225240784026401242e+00 1.250007105386482031e+01 4.771860000000000000e+05
1.231532244371714047e+00 1.239329830144452238e+01 4.846700000000000000e+05
1.237823116543606217e+00 1.231262210824524495e+01 4.870100000000000000e+05
1.244104630523539479e+00 1.213644258104602791e+01 4.933140000000000000e+05
1.250385916236761652e+00 1.209091299019929799e+01 4.963220000000000000e+05
1.256652750742101254e+00 1.202646112965518377e+01 5.017020000000000000e+05
1.262935091931613352e+00 1.189953187380968913e+01 5.085620000000000000e+05
1.269233477511062080e+00 1.177400390591314583e+01 5.142420000000000000e+05
1.275514616938773216e+00 1.168424087688580570e+01 5.161580000000000000e+05
1.281786872211649220e+00 1.162394606193776880e+01 5.226020000000000000e+05
1.288079462048372426e+00 1.151611909214541107e+01 5.306580000000000000e+05
1.294361149637119013e+00 1.143524082979398315e+01 5.300420000000000000e+05
1.300627926004322754e+00 1.133960331213439865e+01 5.388780000000000000e+05
1.306914643728855463e+00 1.121494026698487367e+01 5.441300000000000000e+05
1.313214369136572968e+00 1.117490653557385016e+01 5.511060000000000000e+05
1.319506178663429896e+00 1.109796267291964078e+01 5.539820000000000000e+05
1.325784332573166857e+00 1.098307834828175977e+01 5.582420000000000000e+05
1.332057263563118710e+00 1.090719811280414575e+01 5.645460000000000000e+05
1.338340549575027794e+00 1.079505491577004683e+01 5.704940000000000000e+05
1.344633835480066875e+00 1.069999328877358025e+01 5.767620000000000000e+05
1.350907484373135237e+00 1.063878485594031709e+01 5.782340000000000000e+05
1.357175487163077676e+00 1.055472237250455159e+01 5.856660000000000000e+05
1.363467141694861828e+00 1.048860202745098391e+01 5.944460000000000000e+05
1.369755686854475130e+00 1.041766692559451712e+01 5.952500000000000000e+05
1.376032186684321701e+00 1.035373614245871110e+01 6.034020000000000000e+05
1.382313839440675540e+00 1.027359294807040868e+01 6.073820000000000000e+05
1.388610058625191268e+00 1.021490682199073596e+01 6.170100000000000000e+05
1.394895499348251855e+00 1.013470685574682406e+01 6.167780000000000000e+05
1.401166240321837453e+00 1.003844753995908512e+01 6.247460000000000000e+05
1.407434432864556273e+00 9.970846319538283709e+00 6.280620000000000000e+05
1.413722933193898301e+00 9.929106571003138981e+00 6.394100000000000000e+05
1.420027475896342928e+00 9.846809297960165352e+00 6.429540000000000000e+05
1.426307149789788564e+00 9.791082661508577090e+00 6.459740000000000000e+05
1.432584485912613337e+00 9.679195566442531984e+00 6.534900000000000000e+05
1.438876982104692948e+00 9.587727862314901373e+00 6.607460000000000000e+05
1.445167658311597991e+00 9.585435218254710676e+00 6.646460000000000000e+05
1.451434581318592487e+00 9.525209068298396531e+00 6.672900000000000000e+05
1.457714146029685631e+00 9.453662566040218707e+00 6.790340000000000000e+05
1.464013702919821469e+00 9.382428117467096484e+00 6.827220000000000000e+05
1.470311375243267715e+00 9.316886435884523365e+00 6.912380000000000000e+05
1.476585168270965198e+00 9.246243711860598680e+00 6.886020000000000000e+05
1.482847620858654736e+00 9.204111898420624271e+00 7.008260000000000000e+05
1.489134257848029552e+00 9.133636995263586300e+00 7.056620000000000000e+05
1.495410090151012339e+00 9.050080981593522367e+00 7.100820000000000000e+05
1.501688804650891385e+00 9.012355623064598475e+00 7.191620000000000000e+05
1.507973225127458239e+00 8.958044680490093725e+00 7.222500000000000000e+05
1.514255586288884459e+00 8.881379233972237941e+00 7.315100000000000000e+05
1.520548655276809047e+00 8.829250559453464930e+00 7.364420000000000000e+05
1.526828765310179747e+00 8.758966102098455053e+00 7.408980000000000000e+05
1.533114430439595610e+00 8.738584964862871729e+00 7.501580000000000000e+05
1.539410813276927970e+00 8.663857232131679353e+00 7.548660000000000000e+05
1.545694858079805112e+00 8.615607998209320328e+00 7.608260000000000000e+05
1.551969964575633298e+00 8.555746063691193726e+00 7.640340000000000000e+05
1.558245721095042446e+00 8.473925368773773670e+00 7.738460000000000000e+05
1.564534844516594525e+00 8.438153925742344796e+00 7.797140000000000000e+05
1.570816980798636520e+00 8.373554681177481029e+00 7.843140000000000000e+05
1.577093092211928615e+00 8.309046949559910189e+00 7.913420000000000000e+05
1.583381338673179872e+00 8.279094983279994935e+00 7.994580000000000000e+05
1.589671280639133322e+00 8.222315112629384970e+00 8.049620000000000000e+05
1.595952830483094553e+00 8.205851781508293641e+00 8.095500000000000000e+05
1.602217313416965272e+00 8.116016685678230758e+00 8.134580000000000000e+05
