# Real space DM power spectrum.
# The power spectum is corrected for shot-noise and window function.
# Ngrid=512	Interlacing was set to True.
# redshift=0.000031	model=tabulated	Hz_file=/g100/home/userexternal/mbaldi00/SOURCE/DAKAR2/DST_m09_m01_Hz.dat	zDf_file=/g100_scratch/userexternal/mbaldi00/DAKAR2/DST_m09_m01_CoDECS2/linear_growth.txt	H0=67.66	Om=0.311049	Ob=0.04897468161869667	sigma8=0.6728650210648598	ns=0.9665	Tcmb=0.0	Neff=3.046	m_nu=[0]	Fid_model=w0waCDM	Fid_H0=67.6591	Fid_Om=0.311452	Fid_w0=-0.9001	Fid_wa=-0.1024	
# n_dm=1.073742e+00[h/Mpc]^3
# k[h/Mpc]		Pk_dm[Mpc^3/h^3]		Nmodes
8.018239401280879974e-03 1.576499749686982796e+04 1.800000000000000000e+01
1.401654949351664563e-02 1.880691545161893373e+04 6.200000000000000000e+01
1.969250245970122562e-02 1.385303551416007758e+04 9.800000000000000000e+01
2.551337480545044084e-02 2.097170915361586231e+04 2.100000000000000000e+02
3.202906010406358223e-02 1.631512439171109872e+04 3.500000000000000000e+02
3.846520933840009981e-02 1.405128089964760693e+04 4.500000000000000000e+02
4.443307405343879801e-02 1.119586768074764404e+04 6.020000000000000000e+02
5.042305588722229004e-02 1.003013495039126428e+04 7.620000000000000000e+02
5.690925724269420977e-02 9.504608957635542538e+03 1.142000000000000000e+03
6.341842361688614094e-02 8.159843077425384763e+03 1.250000000000000000e+03
6.949987936003544642e-02 7.796111201430871006e+03 1.458000000000000000e+03
7.558128466088295805e-02 7.801200430457358379e+03 1.814000000000000000e+03
8.196268225887480552e-02 6.341860229307845657e+03 2.178000000000000000e+03
8.830226267620121250e-02 5.722790054527065877e+03 2.498000000000000000e+03
9.435210882776298713e-02 5.105218563008908859e+03 2.622000000000000000e+03
1.005600000334900268e-01 4.897001271793269552e+03 3.338000000000000000e+03
1.070138172820522676e-01 4.204046108913831631e+03 3.722000000000000000e+03
1.134272720352065417e-01 3.994059804523706134e+03 4.170000000000000000e+03
1.196088736356262089e-01 3.858196258884769577e+03 4.358000000000000000e+03
1.257803526943431782e-01 3.638882741787720533e+03 5.034000000000000000e+03
1.321489366516601371e-01 3.430029125447785646e+03 5.714000000000000000e+03
1.384562346816501366e-01 3.153350188625651754e+03 5.982000000000000000e+03
1.446496334058954558e-01 3.067987792844954129e+03 6.602000000000000000e+03
1.508534077925902661e-01 2.807475409543196747e+03 7.130000000000000000e+03
1.571727997187746806e-01 2.632064943295436933e+03 8.034000000000000000e+03
1.635416756874734368e-01 2.445767492205770395e+03 8.606000000000000000e+03
1.698255044437522454e-01 2.288298547268755101e+03 9.066000000000000000e+03
1.761012440422073944e-01 2.243780381902397039e+03 9.962000000000000000e+03
1.823997330750334323e-01 2.122028866998844023e+03 1.055000000000000000e+04
1.886505794152418258e-01 2.103545249668391989e+03 1.122600000000000000e+04
1.949080233860110145e-01 1.968428301993143577e+03 1.214600000000000000e+04
2.011423980633682551e-01 1.892707896844708785e+03 1.260600000000000000e+04
2.073952711124279202e-01 1.754055056211067722e+03 1.380200000000000000e+04
2.137387912274538171e-01 1.699008083688092711e+03 1.475400000000000000e+04
2.200329442788883927e-01 1.692422238041417131e+03 1.519400000000000000e+04
2.262928915227388205e-01 1.580620275820911502e+03 1.645400000000000000e+04
2.325983565681614684e-01 1.531472081879156121e+03 1.715400000000000000e+04
2.388889575828848644e-01 1.502611543953360069e+03 1.826600000000000000e+04
2.451217204984029174e-01 1.439353157425384552e+03 1.875000000000000000e+04
2.513735730109318833e-01 1.396688129832224377e+03 2.023400000000000000e+04
2.577068704519516196e-01 1.332160145956853057e+03 2.145000000000000000e+04
2.640202590165574015e-01 1.306354990147358876e+03 2.196200000000000000e+04
2.702896249217050517e-01 1.259889323576607921e+03 2.346200000000000000e+04
2.765613443273721161e-01 1.233998051021591209e+03 2.404200000000000000e+04
2.828696817722480827e-01 1.202243733310684775e+03 2.594600000000000000e+04
2.891484548613966754e-01 1.149262107243900573e+03 2.611800000000000000e+04
2.953521325173381618e-01 1.123165092752949477e+03 2.750600000000000000e+04
3.016073414663040242e-01 1.120415474370268612e+03 2.906600000000000000e+04
3.079380380657114613e-01 1.065745853123249844e+03 3.045000000000000000e+04
3.142758188292146815e-01 1.034350323194397106e+03 3.174200000000000000e+04
3.205460861690284657e-01 1.019867747192826414e+03 3.225000000000000000e+04
3.268125857401938394e-01 9.966648234107859707e+02 3.425000000000000000e+04
3.331235790942642661e-01 9.674301599097304916e+02 3.545400000000000000e+04
3.394044287142444771e-01 9.623909588109034985e+02 3.643400000000000000e+04
3.456389225992096970e-01 9.353025291317695746e+02 3.768200000000000000e+04
3.518805674449744791e-01 9.070628750128024649e+02 3.929400000000000000e+04
3.582029755837912721e-01 8.878343801241727533e+02 4.142600000000000000e+04
3.645115539318926068e-01 8.741144626200785979e+02 4.206600000000000000e+04
3.707638220461956791e-01 8.542514780692107479e+02 4.349000000000000000e+04
3.770538406945189158e-01 8.403600869917055434e+02 4.570200000000000000e+04
3.833585849945114754e-01 8.253351782616842911e+02 4.663400000000000000e+04
3.896511111060295685e-01 8.189811872083066646e+02 4.855400000000000000e+04
3.958767350353735170e-01 7.979774558170357750e+02 4.887000000000000000e+04
4.021123550664917334e-01 7.816346858825361323e+02 5.155400000000000000e+04
4.084534706459355680e-01 7.757850390449075348e+02 5.409000000000000000e+04
4.147693430455148822e-01 7.688115061619901098e+02 5.431400000000000000e+04
4.210541279197388409e-01 7.447654618217999314e+02 5.691000000000000000e+04
4.273285528543883660e-01 7.346111428928352325e+02 5.748200000000000000e+04
4.336210871857300031e-01 7.230738897105426304e+02 6.062600000000000000e+04
4.399178901492071248e-01 6.989526103731348030e+02 6.120600000000000000e+04
4.461481615369914944e-01 6.949441449018110006e+02 6.257000000000000000e+04
4.524185591367541615e-01 6.900068183047394541e+02 6.573000000000000000e+04
4.587151924004577719e-01 6.765087398072937503e+02 6.668600000000000000e+04
4.650253487526455620e-01 6.747992866250746147e+02 6.969800000000000000e+04
4.713138026405762626e-01 6.572916231883868932e+02 7.002600000000000000e+04
4.775801322871031096e-01 6.535025157120257973e+02 7.274600000000000000e+04
4.838809178367569630e-01 6.401304849277206586e+02 7.491000000000000000e+04
4.901499165155780435e-01 6.332234012837084265e+02 7.572200000000000000e+04
4.963993143780123241e-01 6.274668503820815886e+02 7.837800000000000000e+04
5.026659111298577010e-01 6.200639042153383116e+02 8.003000000000000000e+04
5.089643413427887841e-01 6.178705912089538970e+02 8.318600000000000000e+04
5.152747315442799403e-01 6.044518064264002533e+02 8.466600000000000000e+04
5.215661708673858810e-01 5.958643236713115812e+02 8.654600000000000000e+04
5.278286396879566800e-01 5.874664353848553446e+02 8.813400000000000000e+04
5.341160320652750260e-01 5.882428346060089552e+02 9.153800000000000000e+04
5.404304286902661403e-01 5.818682221869211162e+02 9.313800000000000000e+04
5.466976878455739319e-01 5.723146394482893129e+02 9.447800000000000000e+04
5.529595373159058580e-01 5.599058589949714815e+02 9.727400000000000000e+04
5.592440147746206014e-01 5.637546439215226428e+02 9.969000000000000000e+04
5.655545845518847869e-01 5.505696424317204674e+02 1.025900000000000000e+05
5.718545124332512497e-01 5.453813689547282593e+02 1.037700000000000000e+05
5.781226402320145397e-01 5.459688711327171404e+02 1.063460000000000000e+05
5.844054810026423352e-01 5.389129830653896533e+02 1.085460000000000000e+05
5.906692678833675991e-01 5.360704294980683926e+02 1.107260000000000000e+05
5.969160111309492756e-01 5.250446037799722490e+02 1.123220000000000000e+05
6.031708558297608214e-01 5.207178274814722272e+02 1.158900000000000000e+05
6.094688112237535149e-01 5.148147326937272510e+02 1.187660000000000000e+05
6.158118423264375974e-01 5.140888739944208510e+02 1.222980000000000000e+05
6.221022681713845870e-01 5.059022264465983767e+02 1.220900000000000000e+05
6.283660508217905338e-01 4.977839146879232430e+02 1.258100000000000000e+05
6.346461619227155015e-01 4.996228236146347967e+02 1.281900000000000000e+05
6.409396473976692876e-01 4.965133542808130187e+02 1.309940000000000000e+05
6.472371834330832296e-01 4.920370446349685949e+02 1.337220000000000000e+05
6.534767429514126702e-01 4.843331262848619758e+02 1.338860000000000000e+05
6.597637022409679197e-01 4.809499622024554810e+02 1.405380000000000000e+05
6.660751593608625898e-01 4.761719962014346947e+02 1.405940000000000000e+05
6.723401943305717943e-01 4.728627913855778502e+02 1.435940000000000000e+05
6.786079373829640993e-01 4.687604278183856650e+02 1.463100000000000000e+05
6.849135514418230875e-01 4.672015416802799450e+02 1.506500000000000000e+05
6.912250943479077980e-01 4.620245076977755048e+02 1.519140000000000000e+05
6.974710436131158486e-01 4.585700007803174572e+02 1.533980000000000000e+05
7.037307548900212373e-01 4.549833899030554676e+02 1.578660000000000000e+05
7.100217936516199924e-01 4.504377720238483676e+02 1.606580000000000000e+05
7.163250787242370077e-01 4.470088609697654647e+02 1.641020000000000000e+05
7.226009447591926760e-01 4.458532150449343590e+02 1.649940000000000000e+05
7.288716701068771453e-01 4.412158425711012910e+02 1.698500000000000000e+05
7.351879459163250807e-01 4.391278267207031831e+02 1.729860000000000000e+05
7.414685146977839647e-01 4.344571784662485356e+02 1.738940000000000000e+05
7.477104477723024445e-01 4.331601141426231152e+02 1.767780000000000000e+05
7.539885226758882286e-01 4.296789017353481199e+02 1.818020000000000000e+05
7.602914782916944114e-01 4.251263470019176793e+02 1.844300000000000000e+05
7.665892437025125794e-01 4.261740918089095658e+02 1.872420000000000000e+05
7.728738187058056264e-01 4.215090033123753415e+02 1.902500000000000000e+05
7.791494140893913123e-01 4.173430088373386297e+02 1.925700000000000000e+05
7.854515901778583720e-01 4.154342690401817322e+02 1.982540000000000000e+05
7.917409748104085043e-01 4.130354575176732510e+02 1.980740000000000000e+05
7.979940385111662371e-01 4.093369476555255915e+02 2.020500000000000000e+05
8.042571846768763466e-01 4.057681353382028533e+02 2.055020000000000000e+05
8.105619462845171652e-01 4.059803955004417162e+02 2.106660000000000000e+05
8.168641867275381330e-01 4.028463317614827588e+02 2.124260000000000000e+05
8.231256696255031535e-01 4.019531471754756922e+02 2.139180000000000000e+05
8.294110748726144511e-01 3.993162497576649912e+02 2.209940000000000000e+05
8.357113707437004990e-01 3.935473838292631399e+02 2.215220000000000000e+05
8.419948002460609926e-01 3.923194352220740484e+02 2.263140000000000000e+05
8.482593350903800955e-01 3.894247097007635148e+02 2.272940000000000000e+05
8.545301115901441369e-01 3.893414257706082253e+02 2.329620000000000000e+05
8.608435414229801408e-01 3.857880006052952240e+02 2.378180000000000000e+05
8.671393362117422177e-01 3.834573719614124911e+02 2.383980000000000000e+05
8.733948081113820372e-01 3.809805812602270407e+02 2.414180000000000000e+05
8.796646205952306508e-01 3.796404023400989445e+02 2.468180000000000000e+05
8.859565087287600837e-01 3.759334825921272341e+02 2.499060000000000000e+05
8.922534924202312201e-01 3.751608007695278388e+02 2.547020000000000000e+05
8.985217857854136403e-01 3.743773426927791093e+02 2.544180000000000000e+05
9.047744920414614311e-01 3.720547195065509527e+02 2.603540000000000000e+05
9.110610772062064378e-01 3.695014897013059567e+02 2.649740000000000000e+05
9.173652030728716156e-01 3.654436523064884454e+02 2.687220000000000000e+05
9.236564978724189912e-01 3.650213806754710504e+02 2.715620000000000000e+05
9.299448038968107788e-01 3.626208172292932659e+02 2.755860000000000000e+05
9.362445064485998003e-01 3.611337047282861477e+02 2.801900000000000000e+05
9.425390102875164100e-01 3.577471107113402127e+02 2.828340000000000000e+05
9.488116425969939094e-01 3.582253909646768761e+02 2.851700000000000000e+05
9.550714374598537892e-01 3.550088194122345158e+02 2.898860000000000000e+05
9.613552636148307018e-01 3.546083040138099705e+02 2.944740000000000000e+05
9.676548604748713700e-01 3.505039991971492555e+02 2.994980000000000000e+05
9.739319897320198871e-01 3.514506775720716973e+02 2.999580000000000000e+05
9.801989291478477861e-01 3.478131013083628886e+02 3.058580000000000000e+05
9.864886628427461668e-01 3.472542923342952577e+02 3.107940000000000000e+05
9.927793936164199806e-01 3.436875057195694012e+02 3.130820000000000000e+05
9.990361166530091763e-01 3.428103352853162846e+02 3.160460000000000000e+05
1.005310172388236056e+00 3.417452752566664458e+02 3.222180000000000000e+05
1.011625805491854102e+00 3.402086510072351189e+02 3.285620000000000000e+05
1.017917766942204150e+00 3.386813485434064432e+02 3.279900000000000000e+05
1.024197689983066040e+00 3.371948637401881683e+02 3.352820000000000000e+05
1.030472573734562358e+00 3.360924593106718703e+02 3.359700000000000000e+05
1.036757776698311151e+00 3.343420261433630571e+02 3.440660000000000000e+05
1.043033361905228329e+00 3.331272021462312409e+02 3.437180000000000000e+05
1.049301684494551079e+00 3.302844453671651195e+02 3.514980000000000000e+05
1.055593059295673708e+00 3.303547310622046780e+02 3.544580000000000000e+05
1.061871457102441241e+00 3.280176129072762592e+02 3.585660000000000000e+05
1.068178001041605985e+00 3.264103394943123249e+02 3.661220000000000000e+05
1.074470180493512173e+00 3.243645195292089056e+02 3.658100000000000000e+05
1.080737053769623701e+00 3.231779066959874740e+02 3.716220000000000000e+05
1.087020489212936480e+00 3.216958177976324009e+02 3.759860000000000000e+05
1.093314462971749057e+00 3.199133695780914195e+02 3.821700000000000000e+05
1.099587869600829659e+00 3.203957809144814064e+02 3.818180000000000000e+05
1.105847463881620474e+00 3.167767996306651526e+02 3.895740000000000000e+05
1.112134280670179054e+00 3.167240173051908414e+02 3.936980000000000000e+05
1.118428377412835406e+00 3.145733262245073547e+02 3.994580000000000000e+05
1.124715645780198781e+00 3.143677311817677946e+02 4.022220000000000000e+05
1.130996124361501431e+00 3.121124155373568669e+02 4.069220000000000000e+05
1.137284456696317392e+00 3.106655013919383350e+02 4.128420000000000000e+05
1.143571288435853983e+00 3.095027155526326510e+02 4.153460000000000000e+05
1.149847667202570811e+00 3.079378693661607258e+02 4.211820000000000000e+05
1.156130444085272213e+00 3.074635407017634066e+02 4.250180000000000000e+05
1.162419353814765133e+00 3.050685753698941767e+02 4.311380000000000000e+05
1.168705445387328012e+00 3.031712783618874028e+02 4.343820000000000000e+05
1.174988745725767281e+00 3.032862086075539310e+02 4.395140000000000000e+05
1.181273977502684147e+00 3.019307130508539103e+02 4.447380000000000000e+05
1.187562659051211167e+00 2.997916196632495485e+02 4.489100000000000000e+05
1.193823213156303353e+00 2.983482623509756309e+02 4.506180000000000000e+05
1.200093696126397269e+00 2.977350191393071555e+02 4.595540000000000000e+05
1.206384684590767753e+00 2.972779340534567041e+02 4.631060000000000000e+05
1.212657716259795793e+00 2.942446548517697806e+02 4.670940000000000000e+05
1.218950061014193453e+00 2.945048985742502623e+02 4.749380000000000000e+05
1.225240784026401242e+00 2.929777527125891083e+02 4.771860000000000000e+05
1.231532244371714047e+00 2.920680048027753628e+02 4.846700000000000000e+05
1.237823116543606217e+00 2.917017486148878334e+02 4.870100000000000000e+05
1.244104630523539479e+00 2.895004916451309782e+02 4.933140000000000000e+05
1.250385916236761652e+00 2.884600967056098284e+02 4.963220000000000000e+05
1.256652750742101254e+00 2.861799586241838256e+02 5.017020000000000000e+05
1.262935091931613352e+00 2.856555635867571823e+02 5.085620000000000000e+05
1.269233477511062080e+00 2.858362615589247753e+02 5.142420000000000000e+05
1.275514616938773216e+00 2.836710201189008558e+02 5.161580000000000000e+05
1.281786872211649220e+00 2.821824810464958091e+02 5.226020000000000000e+05
1.288079462048372426e+00 2.811455555653541296e+02 5.306580000000000000e+05
1.294361149637119013e+00 2.803650577122297136e+02 5.300420000000000000e+05
1.300627926004322754e+00 2.795125923745937939e+02 5.388780000000000000e+05
1.306914643728855463e+00 2.788067694254580147e+02 5.441300000000000000e+05
1.313214369136572968e+00 2.782337890373067353e+02 5.511060000000000000e+05
1.319506178663429896e+00 2.759825410527225813e+02 5.539820000000000000e+05
1.325784332573166857e+00 2.747464515806792065e+02 5.582420000000000000e+05
1.332057263563118710e+00 2.747441263702003198e+02 5.645460000000000000e+05
1.338340549575027794e+00 2.732307895597803054e+02 5.704940000000000000e+05
1.344633835480066875e+00 2.727500087197485641e+02 5.767620000000000000e+05
1.350907484373135237e+00 2.712228572211073470e+02 5.782340000000000000e+05
1.357175487163077676e+00 2.701490269761523564e+02 5.856660000000000000e+05
1.363467141694861828e+00 2.702534511474719920e+02 5.944460000000000000e+05
1.369755686854475130e+00 2.680478559218145733e+02 5.952500000000000000e+05
1.376032186684321701e+00 2.673410397974018338e+02 6.034020000000000000e+05
1.382313839440675540e+00 2.661967253425108311e+02 6.073820000000000000e+05
1.388610058625191268e+00 2.646369891221155513e+02 6.170100000000000000e+05
1.394895499348251855e+00 2.640438354238864349e+02 6.167780000000000000e+05
1.401166240321837453e+00 2.622080652726056655e+02 6.247460000000000000e+05
1.407434432864556273e+00 2.620185135880563507e+02 6.280620000000000000e+05
1.413722933193898301e+00 2.607143820593439614e+02 6.394100000000000000e+05
1.420027475896342928e+00 2.603057301538845536e+02 6.429540000000000000e+05
1.426307149789788564e+00 2.586156189431545727e+02 6.459740000000000000e+05
1.432584485912613337e+00 2.591140094121020070e+02 6.534900000000000000e+05
1.438876982104692948e+00 2.570065355433300169e+02 6.607460000000000000e+05
1.445167658311597991e+00 2.561917775418374958e+02 6.646460000000000000e+05
1.451434581318592487e+00 2.558614721623054606e+02 6.672900000000000000e+05
1.457714146029685631e+00 2.551479429702615107e+02 6.790340000000000000e+05
1.464013702919821469e+00 2.530579029080846283e+02 6.827220000000000000e+05
1.470311375243267715e+00 2.518207541341302829e+02 6.912380000000000000e+05
1.476585168270965198e+00 2.521834345710216212e+02 6.886020000000000000e+05
1.482847620858654736e+00 2.513017852153352578e+02 7.008260000000000000e+05
1.489134257848029552e+00 2.500860993639330161e+02 7.056620000000000000e+05
1.495410090151012339e+00 2.490896947163452637e+02 7.100820000000000000e+05
1.501688804650891385e+00 2.482272925913693769e+02 7.191620000000000000e+05
1.507973225127458239e+00 2.473698916863744728e+02 7.222500000000000000e+05
1.514255586288884459e+00 2.467258905872004959e+02 7.315100000000000000e+05
1.520548655276809047e+00 2.458209919321617178e+02 7.364420000000000000e+05
1.526828765310179747e+00 2.450213240785000721e+02 7.408980000000000000e+05
1.533114430439595610e+00 2.440858391433159227e+02 7.501580000000000000e+05
1.539410813276927970e+00 2.434497675791336917e+02 7.548660000000000000e+05
1.545694858079805112e+00 2.422828893476900021e+02 7.608260000000000000e+05
1.551969964575633298e+00 2.414436502669072979e+02 7.640340000000000000e+05
1.558245721095042446e+00 2.407029250663880191e+02 7.738460000000000000e+05
1.564534844516594525e+00 2.400034612050780822e+02 7.797140000000000000e+05
1.570816980798636520e+00 2.383793208666592989e+02 7.843140000000000000e+05
1.577093092211928615e+00 2.382196285944113185e+02 7.913420000000000000e+05
1.583381338673179872e+00 2.375282337748112695e+02 7.994580000000000000e+05
1.589671280639133322e+00 2.370924946987464637e+02 8.049620000000000000e+05
1.595952830483094553e+00 2.363643404480514221e+02 8.095500000000000000e+05
1.602217313416965272e+00 2.356327778460577633e+02 8.134580000000000000e+05
