# Real space DM power spectrum.
# The power spectum is corrected for shot-noise and window function.
# Ngrid=512	Interlacing was set to True.
# redshift=1.000000	model=tabulated	Hz_file=/g100/home/userexternal/mbaldi00/SOURCE/DAKAR2/DST_m09_m01_Hz.dat	zDf_file=/g100_scratch/userexternal/mbaldi00/DAKAR2/DST_m09_m01_CoDECS2/linear_growth.txt	H0=67.66	Om=0.311049	Ob=0.04897468161869667	sigma8=0.6728650210648598	ns=0.9665	Tcmb=0.0	Neff=3.046	m_nu=[0]	Fid_model=w0waCDM	Fid_H0=67.6591	Fid_Om=0.311452	Fid_w0=-0.9001	Fid_wa=-0.1024	
# n_dm=1.073742e+00[h/Mpc]^3
# k[h/Mpc]		Pk_dm[Mpc^3/h^3]		Nmodes
8.018239401280879974e-03 6.330515292008717552e+03 1.800000000000000000e+01
1.401654949351664563e-02 7.542288939522158216e+03 6.200000000000000000e+01
1.969250245970122562e-02 5.587378626404975876e+03 9.800000000000000000e+01
2.551337480545044084e-02 8.498434748853956989e+03 2.100000000000000000e+02
3.202906010406358223e-02 6.599996534568241259e+03 3.500000000000000000e+02
3.846520933840009981e-02 5.691003121869828647e+03 4.500000000000000000e+02
4.443307405343879801e-02 4.551643428255949402e+03 6.020000000000000000e+02
5.042305588722229004e-02 4.062963362464754482e+03 7.620000000000000000e+02
5.690925724269420977e-02 3.828140481278274365e+03 1.142000000000000000e+03
6.341842361688614094e-02 3.318079477425384539e+03 1.250000000000000000e+03
6.949987936003544642e-02 3.149380062884918061e+03 1.458000000000000000e+03
7.558128466088295805e-02 3.149745910060445112e+03 1.814000000000000000e+03
8.196268225887480552e-02 2.563932313789021009e+03 2.178000000000000000e+03
8.830226267620121250e-02 2.321595298722421830e+03 2.498000000000000000e+03
9.435210882776298713e-02 2.062865016098153319e+03 2.622000000000000000e+03
1.005600000334900268e-01 1.959741984795067083e+03 3.338000000000000000e+03
1.070138172820522676e-01 1.672075797253434075e+03 3.722000000000000000e+03
1.134272720352065417e-01 1.563682106681979349e+03 4.170000000000000000e+03
1.196088736356262089e-01 1.520106309366642108e+03 4.358000000000000000e+03
1.257803526943431782e-01 1.443439058831820830e+03 5.034000000000000000e+03
1.321489366516601371e-01 1.348067889886007606e+03 5.714000000000000000e+03
1.384562346816501366e-01 1.246538754322743216e+03 5.982000000000000000e+03
1.446496334058954558e-01 1.195395548070643599e+03 6.602000000000000000e+03
1.508534077925902661e-01 1.084966643764795435e+03 7.130000000000000000e+03
1.571727997187746806e-01 1.009055421264070105e+03 8.034000000000000000e+03
1.635416756874734368e-01 9.204772295982871810e+02 8.606000000000000000e+03
1.698255044437522454e-01 8.581743469599090304e+02 9.066000000000000000e+03
1.761012440422073944e-01 8.428179245645131914e+02 9.962000000000000000e+03
1.823997330750334323e-01 7.954364499372328510e+02 1.055000000000000000e+04
1.886505794152418258e-01 7.894885063938505709e+02 1.122600000000000000e+04
1.949080233860110145e-01 7.380210897421966365e+02 1.214600000000000000e+04
2.011423980633682551e-01 6.908258565464379899e+02 1.260600000000000000e+04
2.073952711124279202e-01 6.495686049721168729e+02 1.380200000000000000e+04
2.137387912274538171e-01 6.241695314310778713e+02 1.475400000000000000e+04
2.200329442788883927e-01 6.088302938529216135e+02 1.519400000000000000e+04
2.262928915227388205e-01 5.651950904556507567e+02 1.645400000000000000e+04
2.325983565681614684e-01 5.385101488023228740e+02 1.715400000000000000e+04
2.388889575828848644e-01 5.245294789144899141e+02 1.826600000000000000e+04
2.451217204984029174e-01 4.996342774253845391e+02 1.875000000000000000e+04
2.513735730109318833e-01 4.828580912832475178e+02 2.023400000000000000e+04
2.577068704519516196e-01 4.588819641386712078e+02 2.145000000000000000e+04
2.640202590165574015e-01 4.545687684917719480e+02 2.196200000000000000e+04
2.702896249217050517e-01 4.343257740070911268e+02 2.346200000000000000e+04
2.765613443273721161e-01 4.152641270551990260e+02 2.404200000000000000e+04
2.828696817722480827e-01 4.044240693933178932e+02 2.594600000000000000e+04
2.891484548613966754e-01 3.787475961787347387e+02 2.611800000000000000e+04
2.953521325173381618e-01 3.724986199833718388e+02 2.750600000000000000e+04
3.016073414663040242e-01 3.659331926665598189e+02 2.906600000000000000e+04
3.079380380657114613e-01 3.515945887554337901e+02 3.045000000000000000e+04
3.142758188292146815e-01 3.359106848603287290e+02 3.174200000000000000e+04
3.205460861690284657e-01 3.297662588207333556e+02 3.225000000000000000e+04
3.268125857401938394e-01 3.157145460385232241e+02 3.425000000000000000e+04
3.331235790942642661e-01 3.113406918666323122e+02 3.545400000000000000e+04
3.394044287142444771e-01 3.034325957434390943e+02 3.643400000000000000e+04
3.456389225992096970e-01 2.907450481063462462e+02 3.768200000000000000e+04
3.518805674449744791e-01 2.829091619777335040e+02 3.929400000000000000e+04
3.582029755837912721e-01 2.758464498388447055e+02 4.142600000000000000e+04
3.645115539318926068e-01 2.691902720623835421e+02 4.206600000000000000e+04
3.707638220461956791e-01 2.604082037532759841e+02 4.349000000000000000e+04
3.770538406945189158e-01 2.539031266836227019e+02 4.570200000000000000e+04
3.833585849945114754e-01 2.500336386125012496e+02 4.663400000000000000e+04
3.896511111060295685e-01 2.427144120713457198e+02 4.855400000000000000e+04
3.958767350353735170e-01 2.375161503126363982e+02 4.887000000000000000e+04
4.021123550664917334e-01 2.311083251733768975e+02 5.155400000000000000e+04
4.084534706459355680e-01 2.262505964492336545e+02 5.409000000000000000e+04
4.147693430455148822e-01 2.237663796752648295e+02 5.431400000000000000e+04
4.210541279197388409e-01 2.161020986167392834e+02 5.691000000000000000e+04
4.273285528543883660e-01 2.118627346954864663e+02 5.748200000000000000e+04
4.336210871857300031e-01 2.075444139080817081e+02 6.062600000000000000e+04
4.399178901492071248e-01 2.006355009394191029e+02 6.120600000000000000e+04
4.461481615369914944e-01 1.969386950056945693e+02 6.257000000000000000e+04
4.524185591367541615e-01 1.943110933693979234e+02 6.573000000000000000e+04
4.587151924004577719e-01 1.883810668324564688e+02 6.668600000000000000e+04
4.650253487526455620e-01 1.862444787396259755e+02 6.969800000000000000e+04
4.713138026405762626e-01 1.811117471423467862e+02 7.002600000000000000e+04
4.775801322871031096e-01 1.791906497675064429e+02 7.274600000000000000e+04
4.838809178367569630e-01 1.739795170996603133e+02 7.491000000000000000e+04
4.901499165155780435e-01 1.727955335570239583e+02 7.572200000000000000e+04
4.963993143780123241e-01 1.686201842257621877e+02 7.837800000000000000e+04
5.026659111298577010e-01 1.662038517350184179e+02 8.003000000000000000e+04
5.089643413427887841e-01 1.629775563232759907e+02 8.318600000000000000e+04
5.152747315442799403e-01 1.596038981751541996e+02 8.466600000000000000e+04
5.215661708673858810e-01 1.571225909511396139e+02 8.654600000000000000e+04
5.278286396879566800e-01 1.550083488348292349e+02 8.813400000000000000e+04
5.341160320652750260e-01 1.522039982757417533e+02 9.153800000000000000e+04
5.404304286902661403e-01 1.492364285044285168e+02 9.313800000000000000e+04
5.466976878455739319e-01 1.467171776053206145e+02 9.447800000000000000e+04
5.529595373159058580e-01 1.441433736443125042e+02 9.727400000000000000e+04
5.592440147746206014e-01 1.426115703935859642e+02 9.969000000000000000e+04
5.655545845518847869e-01 1.391464530370425905e+02 1.025900000000000000e+05
5.718545124332512497e-01 1.373342455086455800e+02 1.037700000000000000e+05
5.781226402320145397e-01 1.359819792891123598e+02 1.063460000000000000e+05
5.844054810026423352e-01 1.336501083394670104e+02 1.085460000000000000e+05
5.906692678833675991e-01 1.318213100500616406e+02 1.107260000000000000e+05
5.969160111309492756e-01 1.293099391550545931e+02 1.123220000000000000e+05
6.031708558297608214e-01 1.279384677437899143e+02 1.158900000000000000e+05
6.094688112237535149e-01 1.258211402514458399e+02 1.187660000000000000e+05
6.158118423264375974e-01 1.238005127783747525e+02 1.222980000000000000e+05
6.221022681713845870e-01 1.223078780151134168e+02 1.220900000000000000e+05
6.283660508217905338e-01 1.205110428971276235e+02 1.258100000000000000e+05
6.346461619227155015e-01 1.184403210793356749e+02 1.281900000000000000e+05
6.409396473976692876e-01 1.167372958353880250e+02 1.309940000000000000e+05
6.472371834330832296e-01 1.161664549040342536e+02 1.337220000000000000e+05
6.534767429514126702e-01 1.142685265507598444e+02 1.338860000000000000e+05
6.597637022409679197e-01 1.116406935349065037e+02 1.405380000000000000e+05
6.660751593608625898e-01 1.110150976140127739e+02 1.405940000000000000e+05
6.723401943305717943e-01 1.089933121594263383e+02 1.435940000000000000e+05
6.786079373829640993e-01 1.087334713560796189e+02 1.463100000000000000e+05
6.849135514418230875e-01 1.074935164562507737e+02 1.506500000000000000e+05
6.912250943479077980e-01 1.058918997748717317e+02 1.519140000000000000e+05
6.974710436131158486e-01 1.046247276998339970e+02 1.533980000000000000e+05
7.037307548900212373e-01 1.035543171451468538e+02 1.578660000000000000e+05
7.100217936516199924e-01 1.019924596211046293e+02 1.606580000000000000e+05
7.163250787242370077e-01 1.005341501191969087e+02 1.641020000000000000e+05
7.226009447591926760e-01 9.985189984559374921e+01 1.649940000000000000e+05
7.288716701068771453e-01 9.833017875008277997e+01 1.698500000000000000e+05
7.351879459163250807e-01 9.727741108013114513e+01 1.729860000000000000e+05
7.414685146977839647e-01 9.658531399708913057e+01 1.738940000000000000e+05
7.477104477723024445e-01 9.478399267954510776e+01 1.767780000000000000e+05
7.539885226758882286e-01 9.487410310827030457e+01 1.818020000000000000e+05
7.602914782916944114e-01 9.362589696667390626e+01 1.844300000000000000e+05
7.665892437025125794e-01 9.263685123254317944e+01 1.872420000000000000e+05
7.728738187058056264e-01 9.199186270790752928e+01 1.902500000000000000e+05
7.791494140893913123e-01 9.053124168773068448e+01 1.925700000000000000e+05
7.854515901778583720e-01 8.969714393803999997e+01 1.982540000000000000e+05
7.917409748104085043e-01 8.844374936819377808e+01 1.980740000000000000e+05
7.979940385111662371e-01 8.768682144914102139e+01 2.020500000000000000e+05
8.042571846768763466e-01 8.683324419359115609e+01 2.055020000000000000e+05
8.105619462845171652e-01 8.638227335448556232e+01 2.106660000000000000e+05
8.168641867275381330e-01 8.543671147018130796e+01 2.124260000000000000e+05
8.231256696255031535e-01 8.459097101451681056e+01 2.139180000000000000e+05
8.294110748726144511e-01 8.341274106512133812e+01 2.209940000000000000e+05
8.357113707437004990e-01 8.299237800591376413e+01 2.215220000000000000e+05
8.419948002460609926e-01 8.147311550698795202e+01 2.263140000000000000e+05
8.482593350903800955e-01 8.144380391354522430e+01 2.272940000000000000e+05
8.545301115901441369e-01 8.064729539741429676e+01 2.329620000000000000e+05
8.608435414229801408e-01 7.991291125125137285e+01 2.378180000000000000e+05
8.671393362117422177e-01 7.865151788545549039e+01 2.383980000000000000e+05
8.733948081113820372e-01 7.816364134688168974e+01 2.414180000000000000e+05
8.796646205952306508e-01 7.762144910330103187e+01 2.468180000000000000e+05
8.859565087287600837e-01 7.732085224311599347e+01 2.499060000000000000e+05
8.922534924202312201e-01 7.660310589473300524e+01 2.547020000000000000e+05
8.985217857854136403e-01 7.563311075950394979e+01 2.544180000000000000e+05
9.047744920414614311e-01 7.513113085417762704e+01 2.603540000000000000e+05
9.110610772062064378e-01 7.457892371369960927e+01 2.649740000000000000e+05
9.173652030728716156e-01 7.347436806478137328e+01 2.687220000000000000e+05
9.236564978724189912e-01 7.280705024632412403e+01 2.715620000000000000e+05
9.299448038968107788e-01 7.261594760601778376e+01 2.755860000000000000e+05
9.362445064485998003e-01 7.169760779406291817e+01 2.801900000000000000e+05
9.425390102875164100e-01 7.133478404622925950e+01 2.828340000000000000e+05
9.488116425969939094e-01 7.063902493739490751e+01 2.851700000000000000e+05
9.550714374598537892e-01 7.000071277721248464e+01 2.898860000000000000e+05
9.613552636148307018e-01 6.975976730089135458e+01 2.944740000000000000e+05
9.676548604748713700e-01 6.893539439845278594e+01 2.994980000000000000e+05
9.739319897320198871e-01 6.872076205056538356e+01 2.999580000000000000e+05
9.801989291478477861e-01 6.798252633566315239e+01 3.058580000000000000e+05
9.864886628427461668e-01 6.753198109276549133e+01 3.107940000000000000e+05
9.927793936164199806e-01 6.688401653782152323e+01 3.130820000000000000e+05
9.990361166530091763e-01 6.623216628460122024e+01 3.160460000000000000e+05
1.005310172388236056e+00 6.615483027842189756e+01 3.222180000000000000e+05
1.011625805491854102e+00 6.526831098008652532e+01 3.285620000000000000e+05
1.017917766942204150e+00 6.499116286701384126e+01 3.279900000000000000e+05
1.024197689983066040e+00 6.447725289319967601e+01 3.352820000000000000e+05
1.030472573734562358e+00 6.423077523173627412e+01 3.359700000000000000e+05
1.036757776698311151e+00 6.378833586300986269e+01 3.440660000000000000e+05
1.043033361905228329e+00 6.321781130839326579e+01 3.437180000000000000e+05
1.049301684494551079e+00 6.242642057043798332e+01 3.514980000000000000e+05
1.055593059295673708e+00 6.218084304162113796e+01 3.544580000000000000e+05
1.061871457102441241e+00 6.183637988462493951e+01 3.585660000000000000e+05
1.068178001041605985e+00 6.133652803255917263e+01 3.661220000000000000e+05
1.074470180493512173e+00 6.123541425597963439e+01 3.658100000000000000e+05
1.080737053769623701e+00 6.074188299448430683e+01 3.716220000000000000e+05
1.087020489212936480e+00 6.002483004808856037e+01 3.759860000000000000e+05
1.093314462971749057e+00 5.972575150236596642e+01 3.821700000000000000e+05
1.099587869600829659e+00 5.934005803080385277e+01 3.818180000000000000e+05
1.105847463881620474e+00 5.906055573348515964e+01 3.895740000000000000e+05
1.112134280670179054e+00 5.863169781156885563e+01 3.936980000000000000e+05
1.118428377412835406e+00 5.819067272902094601e+01 3.994580000000000000e+05
1.124715645780198781e+00 5.784041542081988041e+01 4.022220000000000000e+05
1.130996124361501431e+00 5.762431216619480523e+01 4.069220000000000000e+05
1.137284456696317392e+00 5.724310735257216720e+01 4.128420000000000000e+05
1.143571288435853983e+00 5.677742146047815908e+01 4.153460000000000000e+05
1.149847667202570811e+00 5.655574477394167587e+01 4.211820000000000000e+05
1.156130444085272213e+00 5.604563369547190632e+01 4.250180000000000000e+05
1.162419353814765133e+00 5.553995576317891647e+01 4.311380000000000000e+05
1.168705445387328012e+00 5.516413718200426786e+01 4.343820000000000000e+05
1.174988745725767281e+00 5.502623964183268868e+01 4.395140000000000000e+05
1.181273977502684147e+00 5.469851341871093098e+01 4.447380000000000000e+05
1.187562659051211167e+00 5.411891912193839005e+01 4.489100000000000000e+05
1.193823213156303353e+00 5.394101718988572003e+01 4.506180000000000000e+05
1.200093696126397269e+00 5.350818181442258492e+01 4.595540000000000000e+05
1.206384684590767753e+00 5.333674132436229343e+01 4.631060000000000000e+05
1.212657716259795793e+00 5.286694929357378925e+01 4.670940000000000000e+05
1.218950061014193453e+00 5.265036598262778256e+01 4.749380000000000000e+05
1.225240784026401242e+00 5.227535155245446674e+01 4.771860000000000000e+05
1.231532244371714047e+00 5.192017638343845931e+01 4.846700000000000000e+05
1.237823116543606217e+00 5.188345740936842532e+01 4.870100000000000000e+05
1.244104630523539479e+00 5.156715101421435321e+01 4.933140000000000000e+05
1.250385916236761652e+00 5.125371858817802462e+01 4.963220000000000000e+05
1.256652750742101254e+00 5.076835970689824507e+01 5.017020000000000000e+05
1.262935091931613352e+00 5.052992698787641501e+01 5.085620000000000000e+05
1.269233477511062080e+00 5.027103740376046659e+01 5.142420000000000000e+05
1.275514616938773216e+00 5.004827282059296323e+01 5.161580000000000000e+05
1.281786872211649220e+00 4.981903429351743995e+01 5.226020000000000000e+05
1.288079462048372426e+00 4.950181515250820752e+01 5.306580000000000000e+05
1.294361149637119013e+00 4.924302964652926562e+01 5.300420000000000000e+05
1.300627926004322754e+00 4.900856363339450184e+01 5.388780000000000000e+05
1.306914643728855463e+00 4.868725386851392045e+01 5.441300000000000000e+05
1.313214369136572968e+00 4.858772094877203784e+01 5.511060000000000000e+05
1.319506178663429896e+00 4.825515640845617327e+01 5.539820000000000000e+05
1.325784332573166857e+00 4.776362692757174244e+01 5.582420000000000000e+05
1.332057263563118710e+00 4.766716187129326698e+01 5.645460000000000000e+05
1.338340549575027794e+00 4.737614428743741257e+01 5.704940000000000000e+05
1.344633835480066875e+00 4.722665940061867218e+01 5.767620000000000000e+05
1.350907484373135237e+00 4.701216743116072649e+01 5.782340000000000000e+05
1.357175487163077676e+00 4.667192227825287887e+01 5.856660000000000000e+05
1.363467141694861828e+00 4.654042422829008530e+01 5.944460000000000000e+05
1.369755686854475130e+00 4.627648254928204352e+01 5.952500000000000000e+05
1.376032186684321701e+00 4.589549934509973639e+01 6.034020000000000000e+05
1.382313839440675540e+00 4.572582235230036929e+01 6.073820000000000000e+05
1.388610058625191268e+00 4.553620631470560198e+01 6.170100000000000000e+05
1.394895499348251855e+00 4.523671519586271472e+01 6.167780000000000000e+05
1.401166240321837453e+00 4.502780641540606865e+01 6.247460000000000000e+05
1.407434432864556273e+00 4.479646863071138085e+01 6.280620000000000000e+05
1.413722933193898301e+00 4.476355238824090321e+01 6.394100000000000000e+05
1.420027475896342928e+00 4.424752070188641540e+01 6.429540000000000000e+05
1.426307149789788564e+00 4.417592013174731846e+01 6.459740000000000000e+05
1.432584485912613337e+00 4.405892364185302057e+01 6.534900000000000000e+05
1.438876982104692948e+00 4.384060188652390622e+01 6.607460000000000000e+05
1.445167658311597991e+00 4.360341621866696471e+01 6.646460000000000000e+05
1.451434581318592487e+00 4.328511405713383198e+01 6.672900000000000000e+05
1.457714146029685631e+00 4.314444682721123314e+01 6.790340000000000000e+05
1.464013702919821469e+00 4.288106079665423209e+01 6.827220000000000000e+05
1.470311375243267715e+00 4.265627532943493350e+01 6.912380000000000000e+05
1.476585168270965198e+00 4.260287860400439541e+01 6.886020000000000000e+05
1.482847620858654736e+00 4.235099571837022836e+01 7.008260000000000000e+05
1.489134257848029552e+00 4.212474676169567545e+01 7.056620000000000000e+05
1.495410090151012339e+00 4.184927741242827182e+01 7.100820000000000000e+05
1.501688804650891385e+00 4.178117335815070987e+01 7.191620000000000000e+05
1.507973225127458239e+00 4.156783976529452218e+01 7.222500000000000000e+05
1.514255586288884459e+00 4.133695263693324051e+01 7.315100000000000000e+05
1.520548655276809047e+00 4.114723622567021977e+01 7.364420000000000000e+05
1.526828765310179747e+00 4.099589547699216752e+01 7.408980000000000000e+05
1.533114430439595610e+00 4.077644032333402180e+01 7.501580000000000000e+05
1.539410813276927970e+00 4.048582430973220880e+01 7.548660000000000000e+05
1.545694858079805112e+00 4.027754252726064266e+01 7.608260000000000000e+05
1.551969964575633298e+00 4.014466619028242178e+01 7.640340000000000000e+05
1.558245721095042446e+00 4.010531520602821587e+01 7.738460000000000000e+05
1.564534844516594525e+00 3.991647289910950036e+01 7.797140000000000000e+05
1.570816980798636520e+00 3.967906306174954523e+01 7.843140000000000000e+05
1.577093092211928615e+00 3.933768880099708554e+01 7.913420000000000000e+05
1.583381338673179872e+00 3.939807559264284009e+01 7.994580000000000000e+05
1.589671280639133322e+00 3.902816122710434854e+01 8.049620000000000000e+05
1.595952830483094553e+00 3.897594442556980709e+01 8.095500000000000000e+05
1.602217313416965272e+00 3.887619791199846020e+01 8.134580000000000000e+05
