# Real space DM power spectrum.
# The power spectum is corrected for shot-noise and window function.
# Ngrid=512	Interlacing was set to True.
# redshift=0.823800	model=tabulated	Hz_file=/g100/home/userexternal/mbaldi00/SOURCE/DAKAR2/DST_m09_m01_Hz.dat	zDf_file=/g100_scratch/userexternal/mbaldi00/DAKAR2/DST_m09_m01_CoDECS2/linear_growth.txt	H0=67.66	Om=0.311049	Ob=0.04897468161869667	sigma8=0.6728650210648598	ns=0.9665	Tcmb=0.0	Neff=3.046	m_nu=[0]	Fid_model=w0waCDM	Fid_H0=67.6591	Fid_Om=0.311452	Fid_w0=-0.9001	Fid_wa=-0.1024	
# n_dm=1.073742e+00[h/Mpc]^3
# k[h/Mpc]		Pk_dm[Mpc^3/h^3]		Nmodes
8.018239401280879974e-03 7.353861212147606238e+03 1.800000000000000000e+01
1.401654949351664563e-02 8.762893274199577718e+03 6.200000000000000000e+01
1.969250245970122562e-02 6.486580794772322406e+03 9.800000000000000000e+01
2.551337480545044084e-02 9.859888915520623414e+03 2.100000000000000000e+02
3.202906010406358223e-02 7.658869391711098615e+03 3.500000000000000000e+02
3.846520933840009981e-02 6.602549232980940360e+03 4.500000000000000000e+02
4.443307405343879801e-02 5.278021750515085841e+03 6.020000000000000000e+02
5.042305588722229004e-02 4.713846564564491928e+03 7.620000000000000000e+02
5.690925724269420977e-02 4.444961409474421089e+03 1.142000000000000000e+03
6.341842361688614094e-02 3.847833877425384799e+03 1.250000000000000000e+03
6.949987936003544642e-02 3.655826564942531149e+03 1.458000000000000000e+03
7.558128466088295805e-02 3.656647784371360558e+03 1.814000000000000000e+03
8.196268225887480552e-02 2.975358622328965794e+03 2.178000000000000000e+03
8.830226267620121250e-02 2.692438173021861530e+03 2.498000000000000000e+03
9.435210882776298713e-02 2.393839272391059694e+03 2.622000000000000000e+03
1.005600000334900268e-01 2.277198096239045299e+03 3.338000000000000000e+03
1.070138172820522676e-01 1.943158682798839891e+03 3.722000000000000000e+03
1.134272720352065417e-01 1.821842898048885672e+03 4.170000000000000000e+03
1.196088736356262089e-01 1.769468287338188702e+03 4.358000000000000000e+03
1.257803526943431782e-01 1.678533119221173138e+03 5.034000000000000000e+03
1.321489366516601371e-01 1.570139380960561311e+03 5.714000000000000000e+03
1.384562346816501366e-01 1.449937951915521580e+03 5.982000000000000000e+03
1.446496334058954558e-01 1.393092761036411503e+03 6.602000000000000000e+03
1.508534077925902661e-01 1.265905563820896532e+03 7.130000000000000000e+03
1.571727997187746806e-01 1.178194891017617465e+03 8.034000000000000000e+03
1.635416756874734368e-01 1.076859404824873309e+03 8.606000000000000000e+03
1.698255044437522454e-01 1.004887781771292225e+03 9.066000000000000000e+03
1.761012440422073944e-01 9.867436422918772223e+02 9.962000000000000000e+03
1.823997330750334323e-01 9.314505731599816727e+02 1.055000000000000000e+04
1.886505794152418258e-01 9.244395129856909534e+02 1.122600000000000000e+04
1.949080233860110145e-01 8.639320892482069212e+02 1.214600000000000000e+04
2.011423980633682551e-01 8.112549379362524178e+02 1.260600000000000000e+04
2.073952711124279202e-01 7.612140911335427518e+02 1.380200000000000000e+04
2.137387912274538171e-01 7.326487912928103015e+02 1.475400000000000000e+04
2.200329442788883927e-01 7.168845257865796157e+02 1.519400000000000000e+04
2.262928915227388205e-01 6.659351536621658170e+02 1.645400000000000000e+04
2.325983565681614684e-01 6.359807096044680748e+02 1.715400000000000000e+04
2.388889575828848644e-01 6.199117191422354836e+02 1.826600000000000000e+04
2.451217204984029174e-01 5.906294240920511811e+02 1.875000000000000000e+04
2.513735730109318833e-01 5.715308697748952227e+02 2.023400000000000000e+04
2.577068704519516196e-01 5.432420573787644571e+02 2.145000000000000000e+04
2.640202590165574015e-01 5.370875737007693260e+02 2.196200000000000000e+04
2.702896249217050517e-01 5.138292690203039683e+02 2.346200000000000000e+04
2.765613443273721161e-01 4.930258357316818660e+02 2.404200000000000000e+04
2.828696817722480827e-01 4.802335968734689686e+02 2.594600000000000000e+04
2.891484548613966754e-01 4.508250906270079668e+02 2.611800000000000000e+04
2.953521325173381618e-01 4.433123333549998506e+02 2.750600000000000000e+04
3.016073414663040242e-01 4.365914875815807932e+02 2.906600000000000000e+04
3.079380380657114613e-01 4.186859188046948361e+02 3.045000000000000000e+04
3.142758188292146815e-01 4.007333488386539671e+02 3.174200000000000000e+04
3.205460861690284657e-01 3.936533906036790995e+02 3.225000000000000000e+04
3.268125857401938394e-01 3.776078599071363442e+02 3.425000000000000000e+04
3.331235790942642661e-01 3.718261377965696965e+02 3.545400000000000000e+04
3.394044287142444771e-01 3.632965964021644254e+02 3.643400000000000000e+04
3.456389225992096970e-01 3.488928375018135739e+02 3.768200000000000000e+04
3.518805674449744791e-01 3.391177943389081975e+02 3.929400000000000000e+04
3.582029755837912721e-01 3.308949942312552253e+02 4.142600000000000000e+04
3.645115539318926068e-01 3.235025670274384311e+02 4.206600000000000000e+04
3.707638220461956791e-01 3.130809101225563040e+02 4.349000000000000000e+04
3.770538406945189158e-01 3.059464508269862222e+02 4.570200000000000000e+04
3.833585849945114754e-01 3.013370224097307073e+02 4.663400000000000000e+04
3.896511111060295685e-01 2.932500630990674608e+02 4.855400000000000000e+04
3.958767350353735170e-01 2.867874210308684155e+02 4.887000000000000000e+04
4.021123550664917334e-01 2.793207238233361522e+02 5.155400000000000000e+04
4.084534706459355680e-01 2.736739649092077684e+02 5.409000000000000000e+04
4.147693430455148822e-01 2.710929069058130949e+02 5.431400000000000000e+04
4.210541279197388409e-01 2.620340613649382249e+02 5.691000000000000000e+04
4.273285528543883660e-01 2.571322103574328253e+02 5.748200000000000000e+04
4.336210871857300031e-01 2.518413327217919857e+02 6.062600000000000000e+04
4.399178901492071248e-01 2.434184797323479188e+02 6.120600000000000000e+04
4.461481615369914944e-01 2.395427704412068124e+02 6.257000000000000000e+04
4.524185591367541615e-01 2.364543004285794154e+02 6.573000000000000000e+04
4.587151924004577719e-01 2.294356360073957433e+02 6.668600000000000000e+04
4.650253487526455620e-01 2.272968331830820148e+02 6.969800000000000000e+04
4.713138026405762626e-01 2.212100106444745791e+02 7.002600000000000000e+04
4.775801322871031096e-01 2.190751382617191894e+02 7.274600000000000000e+04
4.838809178367569630e-01 2.129749516210860349e+02 7.491000000000000000e+04
4.901499165155780435e-01 2.111609887747942196e+02 7.572200000000000000e+04
4.963993143780123241e-01 2.067671132109365999e+02 7.837800000000000000e+04
5.026659111298577010e-01 2.037910815238475948e+02 8.003000000000000000e+04
5.089643413427887841e-01 2.002143389549688379e+02 8.318600000000000000e+04
5.152747315442799403e-01 1.962059344116599959e+02 8.466600000000000000e+04
5.215661708673858810e-01 1.931795317687395084e+02 8.654600000000000000e+04
5.278286396879566800e-01 1.905244606645430565e+02 8.813400000000000000e+04
5.341160320652750260e-01 1.874841769993319360e+02 9.153800000000000000e+04
5.404304286902661403e-01 1.841871253199066132e+02 9.313800000000000000e+04
5.466976878455739319e-01 1.811369684561006750e+02 9.447800000000000000e+04
5.529595373159058580e-01 1.777779933782599073e+02 9.727400000000000000e+04
5.592440147746206014e-01 1.762061435704341932e+02 9.969000000000000000e+04
5.655545845518847869e-01 1.720623610202768248e+02 1.025900000000000000e+05
5.718545124332512497e-01 1.697474670562990582e+02 1.037700000000000000e+05
5.781226402320145397e-01 1.688729013736289346e+02 1.063460000000000000e+05
5.844054810026423352e-01 1.657203458424611426e+02 1.085460000000000000e+05
5.906692678833675991e-01 1.636899407239774291e+02 1.107260000000000000e+05
5.969160111309492756e-01 1.604999019406175194e+02 1.123220000000000000e+05
6.031708558297608214e-01 1.590167316147019960e+02 1.158900000000000000e+05
6.094688112237535149e-01 1.564296729965075485e+02 1.187660000000000000e+05
6.158118423264375974e-01 1.541878944199388002e+02 1.222980000000000000e+05
6.221022681713845870e-01 1.523543027837267232e+02 1.220900000000000000e+05
6.283660508217905338e-01 1.500591233358844931e+02 1.258100000000000000e+05
6.346461619227155015e-01 1.477709318914114931e+02 1.281900000000000000e+05
6.409396473976692876e-01 1.456639718663512895e+02 1.309940000000000000e+05
6.472371834330832296e-01 1.451701117443447515e+02 1.337220000000000000e+05
6.534767429514126702e-01 1.427705282537011442e+02 1.338860000000000000e+05
6.597637022409679197e-01 1.395688695442420624e+02 1.405380000000000000e+05
6.660751593608625898e-01 1.387867450527370465e+02 1.405940000000000000e+05
6.723401943305717943e-01 1.365172755562256555e+02 1.435940000000000000e+05
6.786079373829640993e-01 1.362387273194450756e+02 1.463100000000000000e+05
6.849135514418230875e-01 1.349213558190121489e+02 1.506500000000000000e+05
6.912250943479077980e-01 1.328565442447691680e+02 1.519140000000000000e+05
6.974710436131158486e-01 1.313661650067089113e+02 1.533980000000000000e+05
7.037307548900212373e-01 1.300846656685781113e+02 1.578660000000000000e+05
7.100217936516199924e-01 1.281748906236068422e+02 1.606580000000000000e+05
7.163250787242370077e-01 1.266833926634681546e+02 1.641020000000000000e+05
7.226009447591926760e-01 1.257008943544849728e+02 1.649940000000000000e+05
7.288716701068771453e-01 1.239099255855258122e+02 1.698500000000000000e+05
7.351879459163250807e-01 1.226850047582322674e+02 1.729860000000000000e+05
7.414685146977839647e-01 1.216906425305635366e+02 1.738940000000000000e+05
7.477104477723024445e-01 1.194243551680900595e+02 1.767780000000000000e+05
7.539885226758882286e-01 1.197994284622268140e+02 1.818020000000000000e+05
7.602914782916944114e-01 1.182062363908456746e+02 1.844300000000000000e+05
7.665892437025125794e-01 1.168480752100695810e+02 1.872420000000000000e+05
7.728738187058056264e-01 1.160997943767642937e+02 1.902500000000000000e+05
7.791494140893913123e-01 1.145545163411034792e+02 1.925700000000000000e+05
7.854515901778583720e-01 1.137149292034066548e+02 1.982540000000000000e+05
7.917409748104085043e-01 1.120963236586104870e+02 1.980740000000000000e+05
7.979940385111662371e-01 1.112399419638650926e+02 2.020500000000000000e+05
8.042571846768763466e-01 1.101336110999959601e+02 2.055020000000000000e+05
8.105619462845171652e-01 1.098515090166237229e+02 2.106660000000000000e+05
8.168641867275381330e-01 1.083306604218162192e+02 2.124260000000000000e+05
8.231256696255031535e-01 1.076209638154966228e+02 2.139180000000000000e+05
8.294110748726144511e-01 1.061845267244605111e+02 2.209940000000000000e+05
8.357113707437004990e-01 1.054450012216666011e+02 2.215220000000000000e+05
8.419948002460609926e-01 1.037106262221889494e+02 2.263140000000000000e+05
8.482593350903800955e-01 1.036862916166962094e+02 2.272940000000000000e+05
8.545301115901441369e-01 1.030091054780283031e+02 2.329620000000000000e+05
8.608435414229801408e-01 1.019083363242063172e+02 2.378180000000000000e+05
8.671393362117422177e-01 1.004355764765510486e+02 2.383980000000000000e+05
8.733948081113820372e-01 9.971266420350380599e+01 2.414180000000000000e+05
8.796646205952306508e-01 9.909818904933413819e+01 2.468180000000000000e+05
8.859565087287600837e-01 9.877707178166248525e+01 2.499060000000000000e+05
8.922534924202312201e-01 9.800102189068121561e+01 2.547020000000000000e+05
8.985217857854136403e-01 9.683820631091934672e+01 2.544180000000000000e+05
9.047744920414614311e-01 9.634392574113923047e+01 2.603540000000000000e+05
9.110610772062064378e-01 9.551810265201052630e+01 2.649740000000000000e+05
9.173652030728716156e-01 9.430061973007114773e+01 2.687220000000000000e+05
9.236564978724189912e-01 9.340105087969698161e+01 2.715620000000000000e+05
9.299448038968107788e-01 9.323589927264816879e+01 2.755860000000000000e+05
9.362445064485998003e-01 9.192095623619147204e+01 2.801900000000000000e+05
9.425390102875164100e-01 9.147809779210139425e+01 2.828340000000000000e+05
9.488116425969939094e-01 9.078671929514642613e+01 2.851700000000000000e+05
9.550714374598537892e-01 9.006378584731589854e+01 2.898860000000000000e+05
9.613552636148307018e-01 8.985326282171833157e+01 2.944740000000000000e+05
9.676548604748713700e-01 8.865585329968084238e+01 2.994980000000000000e+05
9.739319897320198871e-01 8.835367065777037965e+01 2.999580000000000000e+05
9.801989291478477861e-01 8.758178481508824120e+01 3.058580000000000000e+05
9.864886628427461668e-01 8.705605813414980787e+01 3.107940000000000000e+05
9.927793936164199806e-01 8.635375290081907451e+01 3.130820000000000000e+05
9.990361166530091763e-01 8.553524241908796455e+01 3.160460000000000000e+05
1.005310172388236056e+00 8.523501201873436628e+01 3.222180000000000000e+05
1.011625805491854102e+00 8.434470447659555248e+01 3.285620000000000000e+05
1.017917766942204150e+00 8.396658894707725551e+01 3.279900000000000000e+05
1.024197689983066040e+00 8.325131174515117038e+01 3.352820000000000000e+05
1.030472573734562358e+00 8.303415053310247629e+01 3.359700000000000000e+05
1.036757776698311151e+00 8.241340779688302121e+01 3.440660000000000000e+05
1.043033361905228329e+00 8.183919860844737570e+01 3.437180000000000000e+05
1.049301684494551079e+00 8.072328712444398491e+01 3.514980000000000000e+05
1.055593059295673708e+00 8.045460749326279881e+01 3.544580000000000000e+05
1.061871457102441241e+00 8.010172015670873691e+01 3.585660000000000000e+05
1.068178001041605985e+00 7.948432576118514703e+01 3.661220000000000000e+05
1.074470180493512173e+00 7.934972496372409978e+01 3.658100000000000000e+05
1.080737053769623701e+00 7.880250373276138021e+01 3.716220000000000000e+05
1.087020489212936480e+00 7.791075665173869425e+01 3.759860000000000000e+05
1.093314462971749057e+00 7.743077282795405836e+01 3.821700000000000000e+05
1.099587869600829659e+00 7.701826073470989797e+01 3.818180000000000000e+05
1.105847463881620474e+00 7.672075892979702871e+01 3.895740000000000000e+05
1.112134280670179054e+00 7.631539953217703953e+01 3.936980000000000000e+05
1.118428377412835406e+00 7.558281408055226791e+01 3.994580000000000000e+05
1.124715645780198781e+00 7.532271623977061381e+01 4.022220000000000000e+05
1.130996124361501431e+00 7.504189588002694222e+01 4.069220000000000000e+05
1.137284456696317392e+00 7.444122188549275165e+01 4.128420000000000000e+05
1.143571288435853983e+00 7.402526301908231687e+01 4.153460000000000000e+05
1.149847667202570811e+00 7.362270869927561989e+01 4.211820000000000000e+05
1.156130444085272213e+00 7.310766871516518961e+01 4.250180000000000000e+05
1.162419353814765133e+00 7.246455067246550641e+01 4.311380000000000000e+05
1.168705445387328012e+00 7.195362661757019396e+01 4.343820000000000000e+05
1.174988745725767281e+00 7.165031532542866444e+01 4.395140000000000000e+05
1.181273977502684147e+00 7.140544648941772721e+01 4.447380000000000000e+05
1.187562659051211167e+00 7.070687661898679721e+01 4.489100000000000000e+05
1.193823213156303353e+00 7.042677230841184155e+01 4.506180000000000000e+05
1.200093696126397269e+00 6.978192113559050824e+01 4.595540000000000000e+05
1.206384684590767753e+00 6.975523298717814669e+01 4.631060000000000000e+05
1.212657716259795793e+00 6.909448807591738273e+01 4.670940000000000000e+05
1.218950061014193453e+00 6.884068556118329241e+01 4.749380000000000000e+05
1.225240784026401242e+00 6.834735701782855699e+01 4.771860000000000000e+05
1.231532244371714047e+00 6.783412195465186301e+01 4.846700000000000000e+05
1.237823116543606217e+00 6.789710805309238140e+01 4.870100000000000000e+05
1.244104630523539479e+00 6.744499757847160026e+01 4.933140000000000000e+05
1.250385916236761652e+00 6.712360950576781704e+01 4.963220000000000000e+05
1.256652750742101254e+00 6.643862213359776092e+01 5.017020000000000000e+05
1.262935091931613352e+00 6.619155329892599582e+01 5.085620000000000000e+05
1.269233477511062080e+00 6.586790424855338699e+01 5.142420000000000000e+05
1.275514616938773216e+00 6.557252314704339824e+01 5.161580000000000000e+05
1.281786872211649220e+00 6.529437881956211243e+01 5.226020000000000000e+05
1.288079462048372426e+00 6.477378316203599695e+01 5.306580000000000000e+05
1.294361149637119013e+00 6.460795167157633045e+01 5.300420000000000000e+05
1.300627926004322754e+00 6.431393887602827419e+01 5.388780000000000000e+05
1.306914643728855463e+00 6.391132899761909414e+01 5.441300000000000000e+05
1.313214369136572968e+00 6.368190246739095528e+01 5.511060000000000000e+05
1.319506178663429896e+00 6.336246314405408953e+01 5.539820000000000000e+05
1.325784332573166857e+00 6.273759520656186339e+01 5.582420000000000000e+05
1.332057263563118710e+00 6.253611497697464472e+01 5.645460000000000000e+05
1.338340549575027794e+00 6.217426661650659980e+01 5.704940000000000000e+05
1.344633835480066875e+00 6.202375421615784035e+01 5.767620000000000000e+05
1.350907484373135237e+00 6.165992595106789764e+01 5.782340000000000000e+05
1.357175487163077676e+00 6.130479835437817826e+01 5.856660000000000000e+05
1.363467141694861828e+00 6.118898440028215902e+01 5.944460000000000000e+05
1.369755686854475130e+00 6.088544684999602907e+01 5.952500000000000000e+05
1.376032186684321701e+00 6.035200098082517428e+01 6.034020000000000000e+05
1.382313839440675540e+00 6.008664634774310542e+01 6.073820000000000000e+05
1.388610058625191268e+00 5.995946363630493181e+01 6.170100000000000000e+05
1.394895499348251855e+00 5.953709231696625892e+01 6.167780000000000000e+05
1.401166240321837453e+00 5.923234073815483214e+01 6.247460000000000000e+05
1.407434432864556273e+00 5.894442854549686217e+01 6.280620000000000000e+05
1.413722933193898301e+00 5.890394431204565961e+01 6.394100000000000000e+05
1.420027475896342928e+00 5.825424280020138212e+01 6.429540000000000000e+05
1.426307149789788564e+00 5.823540549803141175e+01 6.459740000000000000e+05
1.432584485912613337e+00 5.808044501172861374e+01 6.534900000000000000e+05
1.438876982104692948e+00 5.782047009609308930e+01 6.607460000000000000e+05
1.445167658311597991e+00 5.740832289079016704e+01 6.646460000000000000e+05
1.451434581318592487e+00 5.706389389798263778e+01 6.672900000000000000e+05
1.457714146029685631e+00 5.693610085337192572e+01 6.790340000000000000e+05
1.464013702919821469e+00 5.657842224099028527e+01 6.827220000000000000e+05
1.470311375243267715e+00 5.627360539520099536e+01 6.912380000000000000e+05
1.476585168270965198e+00 5.621330959316794207e+01 6.886020000000000000e+05
1.482847620858654736e+00 5.585384235933389618e+01 7.008260000000000000e+05
1.489134257848029552e+00 5.557543561840044077e+01 7.056620000000000000e+05
1.495410090151012339e+00 5.521236787240331267e+01 7.100820000000000000e+05
1.501688804650891385e+00 5.509862895230057234e+01 7.191620000000000000e+05
1.507973225127458239e+00 5.494753931531182900e+01 7.222500000000000000e+05
1.514255586288884459e+00 5.474526967976245118e+01 7.315100000000000000e+05
1.520548655276809047e+00 5.433565024877048444e+01 7.364420000000000000e+05
1.526828765310179747e+00 5.423695699963091243e+01 7.408980000000000000e+05
1.533114430439595610e+00 5.393242612899096144e+01 7.501580000000000000e+05
1.539410813276927970e+00 5.350463824492070586e+01 7.548660000000000000e+05
1.545694858079805112e+00 5.327955349954602582e+01 7.608260000000000000e+05
1.551969964575633298e+00 5.310480147222013869e+01 7.640340000000000000e+05
1.558245721095042446e+00 5.301751479095855046e+01 7.738460000000000000e+05
1.564534844516594525e+00 5.278615845047833233e+01 7.797140000000000000e+05
1.570816980798636520e+00 5.246237943758881528e+01 7.843140000000000000e+05
1.577093092211928615e+00 5.212364480990347460e+01 7.913420000000000000e+05
1.583381338673179872e+00 5.198023000225535384e+01 7.994580000000000000e+05
1.589671280639133322e+00 5.168149641559772078e+01 8.049620000000000000e+05
1.595952830483094553e+00 5.159641258689399734e+01 8.095500000000000000e+05
1.602217313416965272e+00 5.148291393175608732e+01 8.134580000000000000e+05
