# Real space DM power spectrum.
# The power spectum is corrected for shot-noise and window function.
# Ngrid=512	Interlacing was set to True.
# redshift=0.188900	model=tabulated	Hz_file=/g100/home/userexternal/mbaldi00/SOURCE/DAKAR2/DST_m09_m01_Hz.dat	zDf_file=/g100_scratch/userexternal/mbaldi00/DAKAR2/DST_m09_m01_CoDECS2/linear_growth.txt	H0=67.66	Om=0.311049	Ob=0.04897468161869667	sigma8=0.6728650210648598	ns=0.9665	Tcmb=0.0	Neff=3.046	m_nu=[0]	Fid_model=w0waCDM	Fid_H0=67.6591	Fid_Om=0.311452	Fid_w0=-0.9001	Fid_wa=-0.1024	
# n_dm=1.073742e+00[h/Mpc]^3
# k[h/Mpc]		Pk_dm[Mpc^3/h^3]		Nmodes
8.018239401280879974e-03 1.321127527464760533e+04 1.800000000000000000e+01
1.401654949351664563e-02 1.575544972581248112e+04 6.200000000000000000e+01
1.969250245970122562e-02 1.162057760599681205e+04 9.800000000000000000e+01
2.551337480545044084e-02 1.761128296313967076e+04 2.100000000000000000e+02
3.202906010406358223e-02 1.369480582028252684e+04 3.500000000000000000e+02
3.846520933840009981e-02 1.179653312186982839e+04 4.500000000000000000e+02
4.443307405343879801e-02 9.407484790382195570e+03 6.020000000000000000e+02
5.042305588722229004e-02 8.421222220732470305e+03 7.620000000000000000e+02
5.690925724269420977e-02 7.969533651155682492e+03 1.142000000000000000e+03
6.341842361688614094e-02 6.857036677425385278e+03 1.250000000000000000e+03
6.949987936003544642e-02 6.542279239839650472e+03 1.458000000000000000e+03
7.558128466088295805e-02 6.546022370920422873e+03 1.814000000000000000e+03
8.196268225887480552e-02 5.321110458876256416e+03 2.178000000000000000e+03
8.830226267620121250e-02 4.804246819939395209e+03 2.498000000000000000e+03
9.435210882776298713e-02 4.282286831506238741e+03 2.622000000000000000e+03
1.005600000334900268e-01 4.098671433566786618e+03 3.338000000000000000e+03
1.070138172820522676e-01 3.509854813911144902e+03 3.722000000000000000e+03
1.134272720352065417e-01 3.324657886058478198e+03 4.170000000000000000e+03
1.196088736356262089e-01 3.215893367650258369e+03 4.358000000000000000e+03
1.257803526943431782e-01 3.037104434278781355e+03 5.034000000000000000e+03
1.321489366516601371e-01 2.858243161149570824e+03 5.714000000000000000e+03
1.384562346816501366e-01 2.628794187288306603e+03 5.982000000000000000e+03
1.446496334058954558e-01 2.549019601387820330e+03 6.602000000000000000e+03
1.508534077925902661e-01 2.328554091170125048e+03 7.130000000000000000e+03
1.571727997187746806e-01 2.177917320691503392e+03 8.034000000000000000e+03
1.635416756874734368e-01 2.013673604220643711e+03 8.606000000000000000e+03
1.698255044437522454e-01 1.883731814420751789e+03 9.066000000000000000e+03
1.761012440422073944e-01 1.847712122516731597e+03 9.962000000000000000e+03
1.823997330750334323e-01 1.745983369368512513e+03 1.055000000000000000e+04
1.886505794152418258e-01 1.731606357810205509e+03 1.122600000000000000e+04
1.949080233860110145e-01 1.618850827927607497e+03 1.214600000000000000e+04
2.011423980633682551e-01 1.546413275235951005e+03 1.260600000000000000e+04
2.073952711124279202e-01 1.436988544111372221e+03 1.380200000000000000e+04
2.137387912274538171e-01 1.390388861782168988e+03 1.475400000000000000e+04
2.200329442788883927e-01 1.379140811162385944e+03 1.519400000000000000e+04
2.262928915227388205e-01 1.285972287489806604e+03 1.645400000000000000e+04
2.325983565681614684e-01 1.241699900463742779e+03 1.715400000000000000e+04
2.388889575828848644e-01 1.215885057585244340e+03 1.826600000000000000e+04
2.451217204984029174e-01 1.161936197425384535e+03 1.875000000000000000e+04
2.513735730109318833e-01 1.127943442671999037e+03 2.023400000000000000e+04
2.577068704519516196e-01 1.074113898870605908e+03 2.145000000000000000e+04
2.640202590165574015e-01 1.054561619780361298e+03 2.196200000000000000e+04
2.702896249217050517e-01 1.014798197500399510e+03 2.346200000000000000e+04
2.765613443273721161e-01 9.895787847375881938e+02 2.404200000000000000e+04
2.828696817722480827e-01 9.636129617081255674e+02 2.594600000000000000e+04
2.891484548613966754e-01 9.166924617886589886e+02 2.611800000000000000e+04
2.953521325173381618e-01 8.975557711503898872e+02 2.750600000000000000e+04
3.016073414663040242e-01 8.934105201281988684e+02 2.906600000000000000e+04
3.079380380657114613e-01 8.503284475403270335e+02 3.045000000000000000e+04
3.142758188292146815e-01 8.228485274663396467e+02 3.174200000000000000e+04
3.205460861690284657e-01 8.099419797509659702e+02 3.225000000000000000e+04
3.268125857401938394e-01 7.871899037027568511e+02 3.425000000000000000e+04
3.331235790942642661e-01 7.674407087899696762e+02 3.545400000000000000e+04
3.394044287142444771e-01 7.597174121237432018e+02 3.643400000000000000e+04
3.456389225992096970e-01 7.367464015376928046e+02 3.768200000000000000e+04
3.518805674449744791e-01 7.130075993982047748e+02 3.929400000000000000e+04
3.582029755837912721e-01 6.976451752769753512e+02 4.142600000000000000e+04
3.645115539318926068e-01 6.865829169537447569e+02 4.206600000000000000e+04
3.707638220461956791e-01 6.684065941878586727e+02 4.349000000000000000e+04
3.770538406945189158e-01 6.574773685111138093e+02 4.570200000000000000e+04
3.833585849945114754e-01 6.457200476702703327e+02 4.663400000000000000e+04
3.896511111060295685e-01 6.377984216277159248e+02 4.855400000000000000e+04
3.958767350353735170e-01 6.217623545279013797e+02 4.887000000000000000e+04
4.021123550664917334e-01 6.081004111414879389e+02 5.155400000000000000e+04
4.084534706459355680e-01 6.013199623209289939e+02 5.409000000000000000e+04
4.147693430455148822e-01 5.962787153529906163e+02 5.431400000000000000e+04
4.210541279197388409e-01 5.769803625422356390e+02 5.691000000000000000e+04
4.273285528543883660e-01 5.690005865447610631e+02 5.748200000000000000e+04
4.336210871857300031e-01 5.586195631839699445e+02 6.062600000000000000e+04
4.399178901492071248e-01 5.393138821438761852e+02 6.120600000000000000e+04
4.461481615369914944e-01 5.358290418172656473e+02 6.257000000000000000e+04
4.524185591367541615e-01 5.310037451265864092e+02 6.573000000000000000e+04
4.587151924004577719e-01 5.187295957590677062e+02 6.668600000000000000e+04
4.650253487526455620e-01 5.175099526413160902e+02 6.969800000000000000e+04
4.713138026405762626e-01 5.035074858679629983e+02 7.002600000000000000e+04
4.775801322871031096e-01 5.005694609736208918e+02 7.274600000000000000e+04
4.838809178367569630e-01 4.892468111858971724e+02 7.491000000000000000e+04
4.901499165155780435e-01 4.828743877869703169e+02 7.572200000000000000e+04
4.963993143780123241e-01 4.786833141856999418e+02 7.837800000000000000e+04
5.026659111298577010e-01 4.724062758259842667e+02 8.003000000000000000e+04
5.089643413427887841e-01 4.689916452324674765e+02 8.318600000000000000e+04
5.152747315442799403e-01 4.593803491708313231e+02 8.466600000000000000e+04
5.215661708673858810e-01 4.520432343084293620e+02 8.654600000000000000e+04
5.278286396879566800e-01 4.456857378107068257e+02 8.813400000000000000e+04
5.341160320652750260e-01 4.444437566274644951e+02 9.153800000000000000e+04
5.404304286902661403e-01 4.392755102970373287e+02 9.313800000000000000e+04
5.466976878455739319e-01 4.317939256313160854e+02 9.447800000000000000e+04
5.529595373159058580e-01 4.225382993181822258e+02 9.727400000000000000e+04
5.592440147746206014e-01 4.238648254843674295e+02 9.969000000000000000e+04
5.655545845518847869e-01 4.137252326451915678e+02 1.025900000000000000e+05
5.718545124332512497e-01 4.091954192582842325e+02 1.037700000000000000e+05
5.781226402320145397e-01 4.098532485423047547e+02 1.063460000000000000e+05
5.844054810026423352e-01 4.035690367200614332e+02 1.085460000000000000e+05
5.906692678833675991e-01 4.009609520492307411e+02 1.107260000000000000e+05
5.969160111309492756e-01 3.926092126722640501e+02 1.123220000000000000e+05
6.031708558297608214e-01 3.893070413912141703e+02 1.158900000000000000e+05
6.094688112237535149e-01 3.840496315705102006e+02 1.187660000000000000e+05
6.158118423264375974e-01 3.824482257417919868e+02 1.222980000000000000e+05
6.221022681713845870e-01 3.770869590209288162e+02 1.220900000000000000e+05
6.283660508217905338e-01 3.705898283672810294e+02 1.258100000000000000e+05
6.346461619227155015e-01 3.707632869893130305e+02 1.281900000000000000e+05
6.409396473976692876e-01 3.671052592535598365e+02 1.309940000000000000e+05
6.472371834330832296e-01 3.647637462996161162e+02 1.337220000000000000e+05
6.534767429514126702e-01 3.584850764514216053e+02 1.338860000000000000e+05
6.597637022409679197e-01 3.546687286570798392e+02 1.405380000000000000e+05
6.660751593608625898e-01 3.510603698162404953e+02 1.405940000000000000e+05
6.723401943305717943e-01 3.481435969902688612e+02 1.435940000000000000e+05
6.786079373829640993e-01 3.458500047440913363e+02 1.463100000000000000e+05
6.849135514418230875e-01 3.444835330510068161e+02 1.506500000000000000e+05
6.912250943479077980e-01 3.390092490646014767e+02 1.519140000000000000e+05
6.974710436131158486e-01 3.366289846001847081e+02 1.533980000000000000e+05
7.037307548900212373e-01 3.340997544147299436e+02 1.578660000000000000e+05
7.100217936516199924e-01 3.302003235307761315e+02 1.606580000000000000e+05
7.163250787242370077e-01 3.279456685650415579e+02 1.641020000000000000e+05
7.226009447591926760e-01 3.263522877384868366e+02 1.649940000000000000e+05
7.288716701068771453e-01 3.229209235248840741e+02 1.698500000000000000e+05
7.351879459163250807e-01 3.214668599372640756e+02 1.729860000000000000e+05
7.414685146977839647e-01 3.172501672985256391e+02 1.738940000000000000e+05
7.477104477723024445e-01 3.151449991396249857e+02 1.767780000000000000e+05
7.539885226758882286e-01 3.138609679392402541e+02 1.818020000000000000e+05
7.602914782916944114e-01 3.092083510142800833e+02 1.844300000000000000e+05
7.665892437025125794e-01 3.091284289768526605e+02 1.872420000000000000e+05
7.728738187058056264e-01 3.058897864924016403e+02 1.902500000000000000e+05
7.791494140893913123e-01 3.027719541559240497e+02 1.925700000000000000e+05
7.854515901778583720e-01 3.013121227026550741e+02 1.982540000000000000e+05
7.917409748104085043e-01 2.989644739458768754e+02 1.980740000000000000e+05
7.979940385111662371e-01 2.966027135550554021e+02 2.020500000000000000e+05
8.042571846768763466e-01 2.938660029988582210e+02 2.055020000000000000e+05
8.105619462845171652e-01 2.943323080064939177e+02 2.106660000000000000e+05
8.168641867275381330e-01 2.910312243829132512e+02 2.124260000000000000e+05
8.231256696255031535e-01 2.899646282102647206e+02 2.139180000000000000e+05
8.294110748726144511e-01 2.877206408271057967e+02 2.209940000000000000e+05
8.357113707437004990e-01 2.834428885646844378e+02 2.215220000000000000e+05
8.419948002460609926e-01 2.820409018569264958e+02 2.263140000000000000e+05
8.482593350903800955e-01 2.808636214186267352e+02 2.272940000000000000e+05
8.545301115901441369e-01 2.795996653118209565e+02 2.329620000000000000e+05
8.608435414229801408e-01 2.771810995296827969e+02 2.378180000000000000e+05
8.671393362117422177e-01 2.750382577070982961e+02 2.383980000000000000e+05
8.733948081113820372e-01 2.734916616270596705e+02 2.414180000000000000e+05
8.796646205952306508e-01 2.724823830708398305e+02 2.468180000000000000e+05
8.859565087287600837e-01 2.688660252281583780e+02 2.499060000000000000e+05
8.922534924202312201e-01 2.689657021837295474e+02 2.547020000000000000e+05
8.985217857854136403e-01 2.677564275059605734e+02 2.544180000000000000e+05
9.047744920414614311e-01 2.661529703496338470e+02 2.603540000000000000e+05
9.110610772062064378e-01 2.638529355035356048e+02 2.649740000000000000e+05
9.173652030728716156e-01 2.610051619707511463e+02 2.687220000000000000e+05
9.236564978724189912e-01 2.599124479087363966e+02 2.715620000000000000e+05
9.299448038968107788e-01 2.590789246803249171e+02 2.755860000000000000e+05
9.362445064485998003e-01 2.565346255320264390e+02 2.801900000000000000e+05
9.425390102875164100e-01 2.556246784719347716e+02 2.828340000000000000e+05
9.488116425969939094e-01 2.548271372914293522e+02 2.851700000000000000e+05
9.550714374598537892e-01 2.525573177874578903e+02 2.898860000000000000e+05
9.613552636148307018e-01 2.520213999068260193e+02 2.944740000000000000e+05
9.676548604748713700e-01 2.496610686934397165e+02 2.994980000000000000e+05
9.739319897320198871e-01 2.492349807078440449e+02 2.999580000000000000e+05
9.801989291478477861e-01 2.467694274466362003e+02 3.058580000000000000e+05
9.864886628427461668e-01 2.464840071936554580e+02 3.107940000000000000e+05
9.927793936164199806e-01 2.439044456905674281e+02 3.130820000000000000e+05
9.990361166530091763e-01 2.429292293703545624e+02 3.160460000000000000e+05
1.005310172388236056e+00 2.424159268031349654e+02 3.222180000000000000e+05
1.011625805491854102e+00 2.407814500527729535e+02 3.285620000000000000e+05
1.017917766942204150e+00 2.398067243170580696e+02 3.279900000000000000e+05
1.024197689983066040e+00 2.380022795871468588e+02 3.352820000000000000e+05
1.030472573734562358e+00 2.370863099520982189e+02 3.359700000000000000e+05
1.036757776698311151e+00 2.361596774079460204e+02 3.440660000000000000e+05
1.043033361905228329e+00 2.348500097966888802e+02 3.437180000000000000e+05
1.049301684494551079e+00 2.323344598764937814e+02 3.514980000000000000e+05
1.055593059295673708e+00 2.323519437079906425e+02 3.544580000000000000e+05
1.061871457102441241e+00 2.315368980598005066e+02 3.585660000000000000e+05
1.068178001041605985e+00 2.295369694154861691e+02 3.661220000000000000e+05
1.074470180493512173e+00 2.279434703506736071e+02 3.658100000000000000e+05
1.080737053769623701e+00 2.274958641904307513e+02 3.716220000000000000e+05
1.087020489212936480e+00 2.260195958106435512e+02 3.759860000000000000e+05
1.093314462971749057e+00 2.244039366032372982e+02 3.821700000000000000e+05
1.099587869600829659e+00 2.251909451026548368e+02 3.818180000000000000e+05
1.105847463881620474e+00 2.213988739990778356e+02 3.895740000000000000e+05
1.112134280670179054e+00 2.221015604981966760e+02 3.936980000000000000e+05
1.118428377412835406e+00 2.207414440241258262e+02 3.994580000000000000e+05
1.124715645780198781e+00 2.197135949087643496e+02 4.022220000000000000e+05
1.130996124361501431e+00 2.186761697703548180e+02 4.069220000000000000e+05
1.137284456696317392e+00 2.175341823885423480e+02 4.128420000000000000e+05
1.143571288435853983e+00 2.163264817620099052e+02 4.153460000000000000e+05
1.149847667202570811e+00 2.155832673176401215e+02 4.211820000000000000e+05
1.156130444085272213e+00 2.143375272152757702e+02 4.250180000000000000e+05
1.162419353814765133e+00 2.125550135868919597e+02 4.311380000000000000e+05
1.168705445387328012e+00 2.122289464973073621e+02 4.343820000000000000e+05
1.174988745725767281e+00 2.114529382225377390e+02 4.395140000000000000e+05
1.181273977502684147e+00 2.104979324024721450e+02 4.447380000000000000e+05
1.187562659051211167e+00 2.089560757903128945e+02 4.489100000000000000e+05
1.193823213156303353e+00 2.084045317410133009e+02 4.506180000000000000e+05
1.200093696126397269e+00 2.073205912374718878e+02 4.595540000000000000e+05
1.206384684590767753e+00 2.068247591863636501e+02 4.631060000000000000e+05
1.212657716259795793e+00 2.049684920237308745e+02 4.670940000000000000e+05
1.218950061014193453e+00 2.048922754529165218e+02 4.749380000000000000e+05
1.225240784026401242e+00 2.036990731201450444e+02 4.771860000000000000e+05
1.231532244371714047e+00 2.031210512054823312e+02 4.846700000000000000e+05
1.237823116543606217e+00 2.022022640047155448e+02 4.870100000000000000e+05
1.244104630523539479e+00 2.015442122774260270e+02 4.933140000000000000e+05
1.250385916236761652e+00 2.006664466155473292e+02 4.963220000000000000e+05
1.256652750742101254e+00 1.985270491281084446e+02 5.017020000000000000e+05
1.262935091931613352e+00 1.984169574777675109e+02 5.085620000000000000e+05
1.269233477511062080e+00 1.977021923852672387e+02 5.142420000000000000e+05
1.275514616938773216e+00 1.968029060918006223e+02 5.161580000000000000e+05
1.281786872211649220e+00 1.956680168844757475e+02 5.226020000000000000e+05
1.288079462048372426e+00 1.943257054924258114e+02 5.306580000000000000e+05
1.294361149637119013e+00 1.940110706696934812e+02 5.300420000000000000e+05
1.300627926004322754e+00 1.933125099811763619e+02 5.388780000000000000e+05
1.306914643728855463e+00 1.932655936035037314e+02 5.441300000000000000e+05
1.313214369136572968e+00 1.925712413604532856e+02 5.511060000000000000e+05
1.319506178663429896e+00 1.907513674766858287e+02 5.539820000000000000e+05
1.325784332573166857e+00 1.899359787033249063e+02 5.582420000000000000e+05
1.332057263563118710e+00 1.893896928962230390e+02 5.645460000000000000e+05
1.338340549575027794e+00 1.886303695728917660e+02 5.704940000000000000e+05
1.344633835480066875e+00 1.879590550854939011e+02 5.767620000000000000e+05
1.350907484373135237e+00 1.866863408626780654e+02 5.782340000000000000e+05
1.357175487163077676e+00 1.860825044189269022e+02 5.856660000000000000e+05
1.363467141694861828e+00 1.857686972757998660e+02 5.944460000000000000e+05
1.369755686854475130e+00 1.847981423560858900e+02 5.952500000000000000e+05
1.376032186684321701e+00 1.843719412528163275e+02 6.034020000000000000e+05
1.382313839440675540e+00 1.826745794771410658e+02 6.073820000000000000e+05
1.388610058625191268e+00 1.819616483658879247e+02 6.170100000000000000e+05
1.394895499348251855e+00 1.813531428246043333e+02 6.167780000000000000e+05
1.401166240321837453e+00 1.803147006092064260e+02 6.247460000000000000e+05
1.407434432864556273e+00 1.802033552119724504e+02 6.280620000000000000e+05
1.413722933193898301e+00 1.788671541461114316e+02 6.394100000000000000e+05
1.420027475896342928e+00 1.785089110968446846e+02 6.429540000000000000e+05
1.426307149789788564e+00 1.773735379925280995e+02 6.459740000000000000e+05
1.432584485912613337e+00 1.773586711513787861e+02 6.534900000000000000e+05
1.438876982104692948e+00 1.760407907639442726e+02 6.607460000000000000e+05
1.445167658311597991e+00 1.755057341442995664e+02 6.646460000000000000e+05
1.451434581318592487e+00 1.751231784669106730e+02 6.672900000000000000e+05
1.457714146029685631e+00 1.748563169250266753e+02 6.790340000000000000e+05
1.464013702919821469e+00 1.732474383266005304e+02 6.827220000000000000e+05
1.470311375243267715e+00 1.726102709141684102e+02 6.912380000000000000e+05
1.476585168270965198e+00 1.726335058749097868e+02 6.886020000000000000e+05
1.482847620858654736e+00 1.721266861179844057e+02 7.008260000000000000e+05
1.489134257848029552e+00 1.708251500709287143e+02 7.056620000000000000e+05
1.495410090151012339e+00 1.703165727388835080e+02 7.100820000000000000e+05
1.501688804650891385e+00 1.696964692163857080e+02 7.191620000000000000e+05
1.507973225127458239e+00 1.687915268542526235e+02 7.222500000000000000e+05
1.514255586288884459e+00 1.683550467163033204e+02 7.315100000000000000e+05
1.520548655276809047e+00 1.678677953464156474e+02 7.364420000000000000e+05
1.526828765310179747e+00 1.671083266078630913e+02 7.408980000000000000e+05
1.533114430439595610e+00 1.664330779916652148e+02 7.501580000000000000e+05
1.539410813276927970e+00 1.657486126721700543e+02 7.548660000000000000e+05
1.545694858079805112e+00 1.652684340057327290e+02 7.608260000000000000e+05
1.551969964575633298e+00 1.641953079156506590e+02 7.640340000000000000e+05
1.558245721095042446e+00 1.637555427706857643e+02 7.738460000000000000e+05
1.564534844516594525e+00 1.636009238644634536e+02 7.797140000000000000e+05
1.570816980798636520e+00 1.623051362926238994e+02 7.843140000000000000e+05
1.577093092211928615e+00 1.617918388397919500e+02 7.913420000000000000e+05
1.583381338673179872e+00 1.610973118251903884e+02 7.994580000000000000e+05
1.589671280639133322e+00 1.611279746344453088e+02 8.049620000000000000e+05
1.595952830483094553e+00 1.601270333021061560e+02 8.095500000000000000e+05
1.602217313416965272e+00 1.599886413325561421e+02 8.134580000000000000e+05
