# Real space DM power spectrum.
# The power spectum is corrected for shot-noise and window function.
# Ngrid=512	Interlacing was set to True.
# redshift=1.259818	model=tabulated	Hz_file=/g100/home/userexternal/mbaldi00/SOURCE/DAKAR2/DST_m09_m01_Hz.dat	zDf_file=/g100_scratch/userexternal/mbaldi00/DAKAR2/DST_m09_m01_CoDECS2/linear_growth.txt	H0=67.66	Om=0.311049	Ob=0.04897468161869667	sigma8=0.6728650210648598	ns=0.9665	Tcmb=0.0	Neff=3.046	m_nu=[0]	Fid_model=w0waCDM	Fid_H0=67.6591	Fid_Om=0.311452	Fid_w0=-0.9001	Fid_wa=-0.1024	
# n_dm=1.073742e+00[h/Mpc]^3
# k[h/Mpc]		Pk_dm[Mpc^3/h^3]		Nmodes
8.018239401280879974e-03 5.141988816314273208e+03 1.800000000000000000e+01
1.401654949351664563e-02 6.125122608876997219e+03 6.200000000000000000e+01
1.969250245970122562e-02 4.542051776915180199e+03 9.800000000000000000e+01
2.551337480545044084e-02 6.914118082187289474e+03 2.100000000000000000e+02
3.202906010406358223e-02 5.368310105996813036e+03 3.500000000000000000e+02
3.846520933840009981e-02 4.630438955203162550e+03 4.500000000000000000e+02
4.443307405343879801e-02 3.705758046196148825e+03 6.020000000000000000e+02
5.042305588722229004e-02 3.305582128868953987e+03 7.620000000000000000e+02
5.690925724269420977e-02 3.111277302644298743e+03 1.142000000000000000e+03
6.341842361688614094e-02 2.700986477425384692e+03 1.250000000000000000e+03
6.949987936003544642e-02 2.560267408563930076e+03 1.458000000000000000e+03
7.558128466088295805e-02 2.560152194514690109e+03 1.814000000000000000e+03
8.196268225887480552e-02 2.085246133807386286e+03 2.178000000000000000e+03
8.830226267620121250e-02 1.889829486072301961e+03 2.498000000000000000e+03
9.435210882776298713e-02 1.677857006944835348e+03 2.622000000000000000e+03
1.005600000334900268e-01 1.591277035723766858e+03 3.338000000000000000e+03
1.070138172820522676e-01 1.357919161036346395e+03 3.722000000000000000e+03
1.134272720352065417e-01 1.265558365674785136e+03 4.170000000000000000e+03
1.196088736356262089e-01 1.231722761867789359e+03 4.358000000000000000e+03
1.257803526943431782e-01 1.171070663917239926e+03 5.034000000000000000e+03
1.321489366516601371e-01 1.091312202101618368e+03 5.714000000000000000e+03
1.384562346816501366e-01 1.011046527642703040e+03 5.982000000000000000e+03
1.446496334058954558e-01 9.672879291672809359e+02 6.602000000000000000e+03
1.508534077925902661e-01 8.766120855600269124e+02 7.130000000000000000e+03
1.571727997187746806e-01 8.146688143434826088e+02 8.034000000000000000e+03
1.635416756874734368e-01 7.415213267398163453e+02 8.606000000000000000e+03
1.698255044437522454e-01 6.904076913234652011e+02 9.066000000000000000e+03
1.761012440422073944e-01 6.781624838899498400e+02 9.962000000000000000e+03
1.823997330750334323e-01 6.398357864301237896e+02 1.055000000000000000e+04
1.886505794152418258e-01 6.350449378921581456e+02 1.122600000000000000e+04
1.949080233860110145e-01 5.939412692251539738e+02 1.214600000000000000e+04
2.011423980633682551e-01 5.539421900384260198e+02 1.260600000000000000e+04
2.073952711124279202e-01 5.221606930752903963e+02 1.380200000000000000e+04
2.137387912274538171e-01 5.005690502056474429e+02 1.475400000000000000e+04
2.200329442788883927e-01 4.863268385416145634e+02 1.519400000000000000e+04
2.262928915227388205e-01 4.511380222655449757e+02 1.645400000000000000e+04
2.325983565681614684e-01 4.286190155389440406e+02 1.715400000000000000e+04
2.388889575828848644e-01 4.171553959187601777e+02 1.826600000000000000e+04
2.451217204984029174e-01 3.972833440920512089e+02 1.875000000000000000e+04
2.513735730109318833e-01 3.832403933490772943e+02 2.023400000000000000e+04
2.577068704519516196e-01 3.641788639055710064e+02 2.145000000000000000e+04
2.640202590165574015e-01 3.616165328119613491e+02 2.196200000000000000e+04
2.702896249217050517e-01 3.449864380596015963e+02 2.346200000000000000e+04
2.765613443273721161e-01 3.284287972157513877e+02 2.404200000000000000e+04
2.828696817722480827e-01 3.196482850720352644e+02 2.594600000000000000e+04
2.891484548613966754e-01 2.985891230950376780e+02 2.611800000000000000e+04
2.953521325173381618e-01 2.935477365397595690e+02 2.750600000000000000e+04
3.016073414663040242e-01 2.875168987148636575e+02 2.906600000000000000e+04
3.079380380657114613e-01 2.768666741413122736e+02 3.045000000000000000e+04
3.142758188292146815e-01 2.640941641622001157e+02 3.174200000000000000e+04
3.205460861690284657e-01 2.589505068827488685e+02 3.225000000000000000e+04
3.268125857401938394e-01 2.474122978633407399e+02 3.425000000000000000e+04
3.331235790942642661e-01 2.443724513295984480e+02 3.545400000000000000e+04
3.394044287142444771e-01 2.374586977360833089e+02 3.643400000000000000e+04
3.456389225992096970e-01 2.268914044568584245e+02 3.768200000000000000e+04
3.518805674449744791e-01 2.209177383507166326e+02 3.929400000000000000e+04
3.582029755837912721e-01 2.151691940091724859e+02 4.142600000000000000e+04
3.645115539318926068e-01 2.095857220695151852e+02 4.206600000000000000e+04
3.707638220461956791e-01 2.026941085589784564e+02 4.349000000000000000e+04
3.770538406945189158e-01 1.970444990524468096e+02 4.570200000000000000e+04
3.833585849945114754e-01 1.938391238807604395e+02 4.663400000000000000e+04
3.896511111060295685e-01 1.876769692242064593e+02 4.855400000000000000e+04
3.958767350353735170e-01 1.837820394061498064e+02 4.887000000000000000e+04
4.021123550664917334e-01 1.785829731153406783e+02 5.155400000000000000e+04
4.084534706459355680e-01 1.747773481593464453e+02 5.409000000000000000e+04
4.147693430455148822e-01 1.723462669971339665e+02 5.431400000000000000e+04
4.210541279197388409e-01 1.662380325475071743e+02 5.691000000000000000e+04
4.273285528543883660e-01 1.628697281891018633e+02 5.748200000000000000e+04
4.336210871857300031e-01 1.595364635237581581e+02 6.062600000000000000e+04
4.399178901492071248e-01 1.542244301293677893e+02 6.120600000000000000e+04
4.461481615369914944e-01 1.509386950056945693e+02 6.257000000000000000e+04
4.524185591367541615e-01 1.488339596405070040e+02 6.573000000000000000e+04
4.587151924004577719e-01 1.441203524396303806e+02 6.668600000000000000e+04
4.650253487526455620e-01 1.421865287267131066e+02 6.969800000000000000e+04
4.713138026405762626e-01 1.380478994286404486e+02 7.002600000000000000e+04
4.775801322871031096e-01 1.363887637531551320e+02 7.274600000000000000e+04
4.838809178367569630e-01 1.322285359222474312e+02 7.491000000000000000e+04
4.901499165155780435e-01 1.315322943398875850e+02 7.572200000000000000e+04
4.963993143780123241e-01 1.278910893266833568e+02 7.837800000000000000e+04
5.026659111298577010e-01 1.260384387648822013e+02 8.003000000000000000e+04
5.089643413427887841e-01 1.232901329587675434e+02 8.318600000000000000e+04
5.152747315442799403e-01 1.206316424881015479e+02 8.466600000000000000e+04
5.215661708673858810e-01 1.186372998920496542e+02 8.654600000000000000e+04
5.278286396879566800e-01 1.171405225702775112e+02 8.813400000000000000e+04
5.341160320652750260e-01 1.147259563696481024e+02 9.153800000000000000e+04
5.404304286902661403e-01 1.122638179695233163e+02 9.313800000000000000e+04
5.466976878455739319e-01 1.102249571942195985e+02 9.447800000000000000e+04
5.529595373159058580e-01 1.084179177156984935e+02 9.727400000000000000e+04
5.592440147746206014e-01 1.070996735132569313e+02 9.969000000000000000e+04
5.655545845518847869e-01 1.043219477246339721e+02 1.025900000000000000e+05
5.718545124332512497e-01 1.030520252137626755e+02 1.037700000000000000e+05
5.781226402320145397e-01 1.013740955887381006e+02 1.063460000000000000e+05
5.844054810026423352e-01 9.989759788307065946e+01 1.085460000000000000e+05
5.906692678833675991e-01 9.828893283061906061e+01 1.107260000000000000e+05
5.969160111309492756e-01 9.647827661343318084e+01 1.123220000000000000e+05
6.031708558297608214e-01 9.522590410585738141e+01 1.158900000000000000e+05
6.094688112237535149e-01 9.358335334273459694e+01 1.187660000000000000e+05
6.158118423264375974e-01 9.197430956981860106e+01 1.222980000000000000e+05
6.221022681713845870e-01 9.081641270263901333e+01 1.220900000000000000e+05
6.283660508217905338e-01 8.949255470064086637e+01 1.258100000000000000e+05
6.346461619227155015e-01 8.786357562337187233e+01 1.281900000000000000e+05
6.409396473976692876e-01 8.654761539200895015e+01 1.309940000000000000e+05
6.472371834330832296e-01 8.590800079775405607e+01 1.337220000000000000e+05
6.534767429514126702e-01 8.446880888050306169e+01 1.338860000000000000e+05
6.597637022409679197e-01 8.254970035156819108e+01 1.405380000000000000e+05
6.660751593608625898e-01 8.200363197536532311e+01 1.405940000000000000e+05
6.723401943305717943e-01 8.035426038846097185e+01 1.435940000000000000e+05
6.786079373829640993e-01 8.005940943276610255e+01 1.463100000000000000e+05
6.849135514418230875e-01 7.898950052528495291e+01 1.506500000000000000e+05
6.912250943479077980e-01 7.777931633950699108e+01 1.519140000000000000e+05
6.974710436131158486e-01 7.678123560736864306e+01 1.533980000000000000e+05
7.037307548900212373e-01 7.600951332418476625e+01 1.578660000000000000e+05
7.100217936516199924e-01 7.482268282816558269e+01 1.606580000000000000e+05
7.163250787242370077e-01 7.351364457995912005e+01 1.641020000000000000e+05
7.226009447591926760e-01 7.306558034306638660e+01 1.649940000000000000e+05
7.288716701068771453e-01 7.191010809950874716e+01 1.698500000000000000e+05
7.351879459163250807e-01 7.104463501732837472e+01 1.729860000000000000e+05
7.414685146977839647e-01 7.051245926949646048e+01 1.738940000000000000e+05
7.477104477723024445e-01 6.934513716584996246e+01 1.767780000000000000e+05
7.539885226758882286e-01 6.907750021061241341e+01 1.818020000000000000e+05
7.602914782916944114e-01 6.811656009089448105e+01 1.844300000000000000e+05
7.665892437025125794e-01 6.750431686525378439e+01 1.872420000000000000e+05
7.728738187058056264e-01 6.690758412709280378e+01 1.902500000000000000e+05
7.791494140893913123e-01 6.573692793169391280e+01 1.925700000000000000e+05
7.854515901778583720e-01 6.492585054673389777e+01 1.982540000000000000e+05
7.917409748104085043e-01 6.412944259395789004e+01 1.980740000000000000e+05
7.979940385111662371e-01 6.348053092699304045e+01 2.020500000000000000e+05
8.042571846768763466e-01 6.281044636193988140e+01 2.055020000000000000e+05
8.105619462845171652e-01 6.226553880785724715e+01 2.106660000000000000e+05
8.168641867275381330e-01 6.181900459814115578e+01 2.124260000000000000e+05
8.231256696255031535e-01 6.089876652494604059e+01 2.139180000000000000e+05
8.294110748726144511e-01 6.008080897646735252e+01 2.209940000000000000e+05
8.357113707437004990e-01 5.983974305317769904e+01 2.215220000000000000e+05
8.419948002460609926e-01 5.861111845863919712e+01 2.263140000000000000e+05
8.482593350903800955e-01 5.857005009690246311e+01 2.272940000000000000e+05
8.545301115901441369e-01 5.776399683370004112e+01 2.329620000000000000e+05
8.608435414229801408e-01 5.735569943381113944e+01 2.378180000000000000e+05
8.671393362117422177e-01 5.642411245420187527e+01 2.383980000000000000e+05
8.733948081113820372e-01 5.606917034637633179e+01 2.414180000000000000e+05
8.796646205952306508e-01 5.569207199142103093e+01 2.468180000000000000e+05
8.859565087287600837e-01 5.527560723099142592e+01 2.499060000000000000e+05
8.922534924202312201e-01 5.476434923008176980e+01 2.547020000000000000e+05
8.985217857854136403e-01 5.396219517963146473e+01 2.544180000000000000e+05
9.047744920414614311e-01 5.350242148155420097e+01 2.603540000000000000e+05
9.110610772062064378e-01 5.319216123889075476e+01 2.649740000000000000e+05
9.173652030728716156e-01 5.229885210404871998e+01 2.687220000000000000e+05
9.236564978724189912e-01 5.188137949710295516e+01 2.715620000000000000e+05
9.299448038968107788e-01 5.165537994292895263e+01 2.755860000000000000e+05
9.362445064485998003e-01 5.103734511516645256e+01 2.801900000000000000e+05
9.425390102875164100e-01 5.076722851895883792e+01 2.828340000000000000e+05
9.488116425969939094e-01 5.010596746290600123e+01 2.851700000000000000e+05
9.550714374598537892e-01 4.969050117679024225e+01 2.898860000000000000e+05
9.613552636148307018e-01 4.935844154717456433e+01 2.944740000000000000e+05
9.676548604748713700e-01 4.890819889130415987e+01 2.994980000000000000e+05
9.739319897320198871e-01 4.865978684737026327e+01 2.999580000000000000e+05
9.801989291478477861e-01 4.808778433120356510e+01 3.058580000000000000e+05
9.864886628427461668e-01 4.778708897773108788e+01 3.107940000000000000e+05
9.927793936164199806e-01 4.723321898318727108e+01 3.130820000000000000e+05
9.990361166530091763e-01 4.675712151263764582e+01 3.160460000000000000e+05
1.005310172388236056e+00 4.672458119239939833e+01 3.222180000000000000e+05
1.011625805491854102e+00 4.602255218874729792e+01 3.285620000000000000e+05
1.017917766942204150e+00 4.582309371856419489e+01 3.279900000000000000e+05
1.024197689983066040e+00 4.548196236164713468e+01 3.352820000000000000e+05
1.030472573734562358e+00 4.516229590322480192e+01 3.359700000000000000e+05
1.036757776698311151e+00 4.488863638674659029e+01 3.440660000000000000e+05
1.043033361905228329e+00 4.439778151652900107e+01 3.437180000000000000e+05
1.049301684494551079e+00 4.394547900035792054e+01 3.514980000000000000e+05
1.055593059295673708e+00 4.368896812273089125e+01 3.544580000000000000e+05
1.061871457102441241e+00 4.341741935852932954e+01 3.585660000000000000e+05
1.068178001041605985e+00 4.307574610740854126e+01 3.661220000000000000e+05
1.074470180493512173e+00 4.290680377512892107e+01 3.658100000000000000e+05
1.080737053769623701e+00 4.252091652855925474e+01 3.716220000000000000e+05
1.087020489212936480e+00 4.193860875261479038e+01 3.759860000000000000e+05
1.093314462971749057e+00 4.184735707056859866e+01 3.821700000000000000e+05
1.099587869600829659e+00 4.153362931345684927e+01 3.818180000000000000e+05
1.105847463881620474e+00 4.124742908745642467e+01 3.895740000000000000e+05
1.112134280670179054e+00 4.085657576370475397e+01 3.936980000000000000e+05
1.118428377412835406e+00 4.063461677320081122e+01 3.994580000000000000e+05
1.124715645780198781e+00 4.027620212567440916e+01 4.022220000000000000e+05
1.130996124361501431e+00 4.016836729223861369e+01 4.069220000000000000e+05
1.137284456696317392e+00 3.992322226336128210e+01 4.128420000000000000e+05
1.143571288435853983e+00 3.946401528827473726e+01 4.153460000000000000e+05
1.149847667202570811e+00 3.940041999747924706e+01 4.211820000000000000e+05
1.156130444085272213e+00 3.889901402289333276e+01 4.250180000000000000e+05
1.162419353814765133e+00 3.860766958102841784e+01 4.311380000000000000e+05
1.168705445387328012e+00 3.836597795809535683e+01 4.343820000000000000e+05
1.174988745725767281e+00 3.825956099223336082e+01 4.395140000000000000e+05
1.181273977502684147e+00 3.794914187861316179e+01 4.447380000000000000e+05
1.187562659051211167e+00 3.758307452057063358e+01 4.489100000000000000e+05
1.193823213156303353e+00 3.741736744664421366e+01 4.506180000000000000e+05
1.200093696126397269e+00 3.715093108871896987e+01 4.595540000000000000e+05
1.206384684590767753e+00 3.691200918960264943e+01 4.631060000000000000e+05
1.212657716259795793e+00 3.663465772057135439e+01 4.670940000000000000e+05
1.218950061014193453e+00 3.641491209180414046e+01 4.749380000000000000e+05
1.225240784026401242e+00 3.621414271564869836e+01 4.771860000000000000e+05
1.231532244371714047e+00 3.601655536295029236e+01 4.846700000000000000e+05
1.237823116543606217e+00 3.585895688576521678e+01 4.870100000000000000e+05
1.244104630523539479e+00 3.560298214813717266e+01 4.933140000000000000e+05
1.250385916236761652e+00 3.536798311805983985e+01 4.963220000000000000e+05
1.256652750742101254e+00 3.512174478409546907e+01 5.017020000000000000e+05
1.262935091931613352e+00 3.489220336715759885e+01 5.085620000000000000e+05
1.269233477511062080e+00 3.464879340190919521e+01 5.142420000000000000e+05
1.275514616938773216e+00 3.453855292862190396e+01 5.161580000000000000e+05
1.281786872211649220e+00 3.435769660250209512e+01 5.226020000000000000e+05
1.288079462048372426e+00 3.417021551583072636e+01 5.306580000000000000e+05
1.294361149637119013e+00 3.391176533162591511e+01 5.300420000000000000e+05
1.300627926004322754e+00 3.374183535723551586e+01 5.388780000000000000e+05
1.306914643728855463e+00 3.346106527387661345e+01 5.441300000000000000e+05
1.313214369136572968e+00 3.342474322760769212e+01 5.511060000000000000e+05
1.319506178663429896e+00 3.316485744567398797e+01 5.539820000000000000e+05
1.325784332573166857e+00 3.281834513222133864e+01 5.582420000000000000e+05
1.332057263563118710e+00 3.274671251907042091e+01 5.645460000000000000e+05
1.338340549575027794e+00 3.253043863584422724e+01 5.704940000000000000e+05
1.344633835480066875e+00 3.237519553857505628e+01 5.767620000000000000e+05
1.350907484373135237e+00 3.228843274935370999e+01 5.782340000000000000e+05
1.357175487163077676e+00 3.202753452140853341e+01 5.856660000000000000e+05
1.363467141694861828e+00 3.185111687320652862e+01 5.944460000000000000e+05
1.369755686854475130e+00 3.168811127670749528e+01 5.952500000000000000e+05
1.376032186684321701e+00 3.148618349927887294e+01 6.034020000000000000e+05
1.382313839440675540e+00 3.131719647929129025e+01 6.073820000000000000e+05
1.388610058625191268e+00 3.113495836086368485e+01 6.170100000000000000e+05
1.394895499348251855e+00 3.095555730761119051e+01 6.167780000000000000e+05
1.401166240321837453e+00 3.077030016486584785e+01 6.247460000000000000e+05
1.407434432864556273e+00 3.061776334365373486e+01 6.280620000000000000e+05
1.413722933193898301e+00 3.060824358794062761e+01 6.394100000000000000e+05
1.420027475896342928e+00 3.025214311655371802e+01 6.429540000000000000e+05
1.426307149789788564e+00 3.013476367653395016e+01 6.459740000000000000e+05
1.432584485912613337e+00 3.003772362349007707e+01 6.534900000000000000e+05
1.438876982104692948e+00 2.984199425212278456e+01 6.607460000000000000e+05
1.445167658311597991e+00 2.979324057629493083e+01 6.646460000000000000e+05
1.451434581318592487e+00 2.949474705028523758e+01 6.672900000000000000e+05
1.457714146029685631e+00 2.936205890554604636e+01 6.790340000000000000e+05
1.464013702919821469e+00 2.923122382054975432e+01 6.827220000000000000e+05
1.470311375243267715e+00 2.906603868156546255e+01 6.912380000000000000e+05
1.476585168270965198e+00 2.899645864007747775e+01 6.886020000000000000e+05
1.482847620858654736e+00 2.889356120538127115e+01 7.008260000000000000e+05
1.489134257848029552e+00 2.867864366984716895e+01 7.056620000000000000e+05
1.495410090151012339e+00 2.848744596197606782e+01 7.100820000000000000e+05
1.501688804650891385e+00 2.843307376445694246e+01 7.191620000000000000e+05
1.507973225127458239e+00 2.822849189405880210e+01 7.222500000000000000e+05
1.514255586288884459e+00 2.802125223639189144e+01 7.315100000000000000e+05
1.520548655276809047e+00 2.793673220770275023e+01 7.364420000000000000e+05
1.526828765310179747e+00 2.778640375208536284e+01 7.408980000000000000e+05
1.533114430439595610e+00 2.767765046839679144e+01 7.501580000000000000e+05
1.539410813276927970e+00 2.751055982570457914e+01 7.548660000000000000e+05
1.545694858079805112e+00 2.734093152816229022e+01 7.608260000000000000e+05
1.551969964575633298e+00 2.727444313738163473e+01 7.640340000000000000e+05
1.558245721095042446e+00 2.722452238678511094e+01 7.738460000000000000e+05
1.564534844516594525e+00 2.702245534908474767e+01 7.797140000000000000e+05
1.570816980798636520e+00 2.687969699152767333e+01 7.843140000000000000e+05
1.577093092211928615e+00 2.664460035124969650e+01 7.913420000000000000e+05
1.583381338673179872e+00 2.671247860068078595e+01 7.994580000000000000e+05
1.589671280639133322e+00 2.641513850056570689e+01 8.049620000000000000e+05
1.595952830483094553e+00 2.637425706839606931e+01 8.095500000000000000e+05
1.602217313416965272e+00 2.632835401593990454e+01 8.134580000000000000e+05
