# Real space DM power spectrum.
# The power spectum is corrected for shot-noise and window function.
# Ngrid=512	Interlacing was set to True.
# redshift=2.013288	model=tabulated	Hz_file=/g100/home/userexternal/mbaldi00/SOURCE/DAKAR2/DST_m09_m01_Hz.dat	zDf_file=/g100_scratch/userexternal/mbaldi00/DAKAR2/DST_m09_m01_CoDECS2/linear_growth.txt	H0=67.66	Om=0.311049	Ob=0.04897468161869667	sigma8=0.6728650210648598	ns=0.9665	Tcmb=0.0	Neff=3.046	m_nu=[0]	Fid_model=w0waCDM	Fid_H0=67.6591	Fid_Om=0.311452	Fid_w0=-0.9001	Fid_wa=-0.1024	
# n_dm=1.073742e+00[h/Mpc]^3
# k[h/Mpc]		Pk_dm[Mpc^3/h^3]		Nmodes
8.018239401280879974e-03 3.050089293744828865e+03 1.800000000000000000e+01
1.401654949351664563e-02 3.632155875006029419e+03 6.200000000000000000e+01
1.969250245970122562e-02 2.699195590690690551e+03 9.800000000000000000e+01
2.551337480545044084e-02 4.116250225044432227e+03 2.100000000000000000e+02
3.202906010406358223e-02 3.194703320282527329e+03 3.500000000000000000e+02
3.846520933840009981e-02 2.757832010758717843e+03 4.500000000000000000e+02
4.443307405343879801e-02 2.209960288721065808e+03 6.020000000000000000e+02
5.042305588722229004e-02 1.968182358527746601e+03 7.620000000000000000e+02
5.690925724269420977e-02 1.848145078476172557e+03 1.142000000000000000e+03
6.341842361688614094e-02 1.609460277425384675e+03 1.250000000000000000e+03
6.949987936003544642e-02 1.520978142445960430e+03 1.458000000000000000e+03
7.558128466088295805e-02 1.520266858241261161e+03 1.814000000000000000e+03
8.196268225887480552e-02 1.240171524073685760e+03 2.178000000000000000e+03
8.830226267620121250e-02 1.126416555728026651e+03 2.498000000000000000e+03
9.435210882776298713e-02 9.982644249463609185e+02 2.622000000000000000e+03
1.005600000334900268e-01 9.434132699957859813e+02 3.338000000000000000e+03
1.070138172820522676e-01 8.062237687741218224e+02 3.722000000000000000e+03
1.134272720352065417e-01 7.455976342599169584e+02 4.170000000000000000e+03
1.196088736356262089e-01 7.274006531023005664e+02 4.358000000000000000e+03
1.257803526943431782e-01 6.932570465155712327e+02 5.034000000000000000e+03
1.321489366516601371e-01 6.428166210725668179e+02 5.714000000000000000e+03
1.384562346816501366e-01 5.982839482378218463e+02 5.982000000000000000e+03
1.446496334058954558e-01 5.697783487371082174e+02 6.602000000000000000e+03
1.508534077925902661e-01 5.147997433440381201e+02 7.130000000000000000e+03
1.571727997187746806e-01 4.779658332630743303e+02 8.034000000000000000e+03
1.635416756874734368e-01 4.334820518153450166e+02 8.606000000000000000e+03
1.698255044437522454e-01 4.022676626448859452e+02 9.066000000000000000e+03
1.761012440422073944e-01 3.951678793928609252e+02 9.962000000000000000e+03
1.823997330750334323e-01 3.724482745817826412e+02 1.055000000000000000e+04
1.886505794152418258e-01 3.695093063225874630e+02 1.122600000000000000e+04
1.949080233860110145e-01 3.461050680066458654e+02 1.214600000000000000e+04
2.011423980633682551e-01 3.208653813758842830e+02 1.260600000000000000e+04
2.073952711124279202e-01 3.038237491541195254e+02 1.380200000000000000e+04
2.137387912274538171e-01 2.895762008088737502e+02 1.475400000000000000e+04
2.200329442788883927e-01 2.790665384231467669e+02 1.519400000000000000e+04
2.262928915227388205e-01 2.585562792243391641e+02 1.645400000000000000e+04
2.325983565681614684e-01 2.443454641806602581e+02 1.715400000000000000e+04
2.388889575828848644e-01 2.374685460337279039e+02 1.826600000000000000e+04
2.451217204984029174e-01 2.261518507587178419e+02 1.875000000000000000e+04
2.513735730109318833e-01 2.172217366326594004e+02 2.023400000000000000e+04
2.577068704519516196e-01 2.064945049312120204e+02 2.145000000000000000e+04
2.640202590165574015e-01 2.057845958299014058e+02 2.196200000000000000e+04
2.702896249217050517e-01 1.958469998190423667e+02 2.346200000000000000e+04
2.765613443273721161e-01 1.850117146103109178e+02 2.404200000000000000e+04
2.828696817722480827e-01 1.794151277452796762e+02 2.594600000000000000e+04
2.891484548613966754e-01 1.671106982539319006e+02 2.611800000000000000e+04
2.953521325173381618e-01 1.637824126104350455e+02 2.750600000000000000e+04
3.016073414663040242e-01 1.596100315848836146e+02 2.906600000000000000e+04
3.079380380657114613e-01 1.542258202825273656e+02 3.045000000000000000e+04
3.142758188292146815e-01 1.470156876956888539e+02 3.174200000000000000e+04
3.205460861690284657e-01 1.435841968052294817e+02 3.225000000000000000e+04
3.268125857401938394e-01 1.367165606370633668e+02 3.425000000000000000e+04
3.331235790942642661e-01 1.353867092412586146e+02 3.545400000000000000e+04
3.394044287142444771e-01 1.308338692791474784e+02 3.643400000000000000e+04
3.456389225992096970e-01 1.243324240418061635e+02 3.768200000000000000e+04
3.518805674449744791e-01 1.208745256464869868e+02 3.929400000000000000e+04
3.582029755837912721e-01 1.172803681510157787e+02 4.142600000000000000e+04
3.645115539318926068e-01 1.140846523219755966e+02 4.206600000000000000e+04
3.707638220461956791e-01 1.103069850823171549e+02 4.349000000000000000e+04
3.770538406945189158e-01 1.066681697889572433e+02 4.570200000000000000e+04
3.833585849945114754e-01 1.044863769579144446e+02 4.663400000000000000e+04
3.896511111060295685e-01 1.007419587204374523e+02 4.855400000000000000e+04
3.958767350353735170e-01 9.868145622628486535e+01 4.887000000000000000e+04
4.021123550664917334e-01 9.564045653078855480e+01 5.155400000000000000e+04
4.084534706459355680e-01 9.368173898944442612e+01 5.409000000000000000e+04
4.147693430455148822e-01 9.159296214019100546e+01 5.431400000000000000e+04
4.210541279197388409e-01 8.813606452782697431e+01 5.691000000000000000e+04
4.273285528543883660e-01 8.641037569614753977e+01 5.748200000000000000e+04
4.336210871857300031e-01 8.436339421356120738e+01 6.062600000000000000e+04
4.399178901492071248e-01 8.145174444495776811e+01 6.120600000000000000e+04
4.461481615369914944e-01 7.941926876308629346e+01 6.257000000000000000e+04
4.524185591367541615e-01 7.816419697505742192e+01 6.573000000000000000e+04
4.587151924004577719e-01 7.538048949988291270e+01 6.668600000000000000e+04
4.650253487526455620e-01 7.428954459517419195e+01 6.969800000000000000e+04
4.713138026405762626e-01 7.179717112772365795e+01 7.002600000000000000e+04
4.775801322871031096e-01 7.058314557483603835e+01 7.274600000000000000e+04
4.838809178367569630e-01 6.836541350868448319e+01 7.491000000000000000e+04
4.901499165155780435e-01 6.794389202616105194e+01 7.572200000000000000e+04
4.963993143780123241e-01 6.583165300526663088e+01 7.837800000000000000e+04
5.026659111298577010e-01 6.474842252097367634e+01 8.003000000000000000e+04
5.089643413427887841e-01 6.297868031048538029e+01 8.318600000000000000e+04
5.152747315442799403e-01 6.155006310558672311e+01 8.466600000000000000e+04
5.215661708673858810e-01 6.026737522770930156e+01 8.654600000000000000e+04
5.278286396879566800e-01 5.963772569279550595e+01 8.813400000000000000e+04
5.341160320652750260e-01 5.808933005052380594e+01 9.153800000000000000e+04
5.404304286902661403e-01 5.677607397673842371e+01 9.313800000000000000e+04
5.466976878455739319e-01 5.542406703989795602e+01 9.447800000000000000e+04
5.529595373159058580e-01 5.454590669528192848e+01 9.727400000000000000e+04
5.592440147746206014e-01 5.378260560273430713e+01 9.969000000000000000e+04
5.655545845518847869e-01 5.222474526825420327e+01 1.025900000000000000e+05
5.718545124332512497e-01 5.161972300695916260e+01 1.037700000000000000e+05
5.781226402320145397e-01 5.023740967671508173e+01 1.063460000000000000e+05
5.844054810026423352e-01 4.963171060947237123e+01 1.085460000000000000e+05
5.906692678833675991e-01 4.854199895781592744e+01 1.107260000000000000e+05
5.969160111309492756e-01 4.767200090609177465e+01 1.123220000000000000e+05
6.031708558297608214e-01 4.684904674111495382e+01 1.158900000000000000e+05
6.094688112237535149e-01 4.588661353504553375e+01 1.187660000000000000e+05
6.158118423264375974e-01 4.511164623926536876e+01 1.222980000000000000e+05
6.221022681713845870e-01 4.445783706171837224e+01 1.220900000000000000e+05
6.283660508217905338e-01 4.380912333588447893e+01 1.258100000000000000e+05
6.346461619227155015e-01 4.301652827178439509e+01 1.281900000000000000e+05
6.409396473976692876e-01 4.219020207536848943e+01 1.309940000000000000e+05
6.472371834330832296e-01 4.161900197930982870e+01 1.337220000000000000e+05
6.534767429514126702e-01 4.083237938077940754e+01 1.338860000000000000e+05
6.597637022409679197e-01 3.998719056773747837e+01 1.405380000000000000e+05
6.660751593608625898e-01 3.950608584964160030e+01 1.405940000000000000e+05
6.723401943305717943e-01 3.869167699361160828e+01 1.435940000000000000e+05
6.786079373829640993e-01 3.830735215711850827e+01 1.463100000000000000e+05
6.849135514418230875e-01 3.768827915123915062e+01 1.506500000000000000e+05
6.912250943479077980e-01 3.696052412812423427e+01 1.519140000000000000e+05
6.974710436131158486e-01 3.638037314501580965e+01 1.533980000000000000e+05
7.037307548900212373e-01 3.612737910909095973e+01 1.578660000000000000e+05
7.100217936516199924e-01 3.548167584438638045e+01 1.606580000000000000e+05
7.163250787242370077e-01 3.472806305139761207e+01 1.641020000000000000e+05
7.226009447591926760e-01 3.440404416599326964e+01 1.649940000000000000e+05
7.288716701068771453e-01 3.382530386047430682e+01 1.698500000000000000e+05
7.351879459163250807e-01 3.333439546037001122e+01 1.729860000000000000e+05
7.414685146977839647e-01 3.298747278347623535e+01 1.738940000000000000e+05
7.477104477723024445e-01 3.255464004516752397e+01 1.767780000000000000e+05
7.539885226758882286e-01 3.208572069223527023e+01 1.818020000000000000e+05
7.602914782916944114e-01 3.155543662941857264e+01 1.844300000000000000e+05
7.665892437025125794e-01 3.125044487072263877e+01 1.872420000000000000e+05
7.728738187058056264e-01 3.080837781960265787e+01 1.902500000000000000e+05
7.791494140893913123e-01 3.034834455941370379e+01 1.925700000000000000e+05
7.854515901778583720e-01 2.976318043667307123e+01 1.982540000000000000e+05
7.917409748104085043e-01 2.960815257103715581e+01 1.980740000000000000e+05
7.979940385111662371e-01 2.914710355753003057e+01 2.020500000000000000e+05
8.042571846768763466e-01 2.872064188315135524e+01 2.055020000000000000e+05
8.105619462845171652e-01 2.828192968251191530e+01 2.106660000000000000e+05
8.168641867275381330e-01 2.814441674166407381e+01 2.124260000000000000e+05
8.231256696255031535e-01 2.752497610057782040e+01 2.139180000000000000e+05
8.294110748726144511e-01 2.722887634481219621e+01 2.209940000000000000e+05
8.357113707437004990e-01 2.707180126861453928e+01 2.215220000000000000e+05
8.419948002460609926e-01 2.639724967456044169e+01 2.263140000000000000e+05
8.482593350903800955e-01 2.631119812544699244e+01 2.272940000000000000e+05
8.545301115901441369e-01 2.587290086096628983e+01 2.329620000000000000e+05
8.608435414229801408e-01 2.569735776076704425e+01 2.378180000000000000e+05
8.671393362117422177e-01 2.527984949897574296e+01 2.383980000000000000e+05
8.733948081113820372e-01 2.503676596890654693e+01 2.414180000000000000e+05
8.796646205952306508e-01 2.488736771539578285e+01 2.468180000000000000e+05
8.859565087287600837e-01 2.449769873739783677e+01 2.499060000000000000e+05
8.922534924202312201e-01 2.425159707265858700e+01 2.547020000000000000e+05
8.985217857854136403e-01 2.382323881648106223e+01 2.544180000000000000e+05
9.047744920414614311e-01 2.354630020052913508e+01 2.603540000000000000e+05
9.110610772062064378e-01 2.345166971896804498e+01 2.649740000000000000e+05
9.173652030728716156e-01 2.299060417496215436e+01 2.687220000000000000e+05
9.236564978724189912e-01 2.284303098000556531e+01 2.715620000000000000e+05
9.299448038968107788e-01 2.261137553051322868e+01 2.755860000000000000e+05
9.362445064485998003e-01 2.232504988692847547e+01 2.801900000000000000e+05
9.425390102875164100e-01 2.208046349070905734e+01 2.828340000000000000e+05
9.488116425969939094e-01 2.176529172562648284e+01 2.851700000000000000e+05
9.550714374598537892e-01 2.164941606057214685e+01 2.898860000000000000e+05
9.613552636148307018e-01 2.141184694119916188e+01 2.944740000000000000e+05
9.676548604748713700e-01 2.121714085418872031e+01 2.994980000000000000e+05
9.739319897320198871e-01 2.100692878057424551e+01 2.999580000000000000e+05
9.801989291478477861e-01 2.075660123316460215e+01 3.058580000000000000e+05
9.864886628427461668e-01 2.057288439205698083e+01 3.107940000000000000e+05
9.927793936164199806e-01 2.035423679960597099e+01 3.130820000000000000e+05
9.990361166530091763e-01 2.008183057397681637e+01 3.160460000000000000e+05
1.005310172388236056e+00 1.992877990258939391e+01 3.222180000000000000e+05
1.011625805491854102e+00 1.972327838349897178e+01 3.285620000000000000e+05
1.017917766942204150e+00 1.954712493902823311e+01 3.279900000000000000e+05
1.024197689983066040e+00 1.938812493524189762e+01 3.352820000000000000e+05
1.030472573734562358e+00 1.910606915678911122e+01 3.359700000000000000e+05
1.036757776698311151e+00 1.903683760395491475e+01 3.440660000000000000e+05
1.043033361905228329e+00 1.875216068782640733e+01 3.437180000000000000e+05
1.049301684494551079e+00 1.857499040582822403e+01 3.514980000000000000e+05
1.055593059295673708e+00 1.840903086641279529e+01 3.544580000000000000e+05
1.061871457102441241e+00 1.825554399946014428e+01 3.585660000000000000e+05
1.068178001041605985e+00 1.812935255553239600e+01 3.661220000000000000e+05
1.074470180493512173e+00 1.797115958825595783e+01 3.658100000000000000e+05
1.080737053769623701e+00 1.778572324075605593e+01 3.716220000000000000e+05
1.087020489212936480e+00 1.748775685919322598e+01 3.759860000000000000e+05
1.093314462971749057e+00 1.742359408550959543e+01 3.821700000000000000e+05
1.099587869600829659e+00 1.730874206351053957e+01 3.818180000000000000e+05
1.105847463881620474e+00 1.708112692150079326e+01 3.895740000000000000e+05
1.112134280670179054e+00 1.695528848259080590e+01 3.936980000000000000e+05
1.118428377412835406e+00 1.676852321643139021e+01 3.994580000000000000e+05
1.124715645780198781e+00 1.660781625916288462e+01 4.022220000000000000e+05
1.130996124361501431e+00 1.652034506684897863e+01 4.069220000000000000e+05
1.137284456696317392e+00 1.636837198165544294e+01 4.128420000000000000e+05
1.143571288435853983e+00 1.623171137780009943e+01 4.153460000000000000e+05
1.149847667202570811e+00 1.609186692541063834e+01 4.211820000000000000e+05
1.156130444085272213e+00 1.590635135919438525e+01 4.250180000000000000e+05
1.162419353814765133e+00 1.582521709481751060e+01 4.311380000000000000e+05
1.168705445387328012e+00 1.568883664008494350e+01 4.343820000000000000e+05
1.174988745725767281e+00 1.555995074091030617e+01 4.395140000000000000e+05
1.181273977502684147e+00 1.543020713501131169e+01 4.447380000000000000e+05
1.187562659051211167e+00 1.532229507702961513e+01 4.489100000000000000e+05
1.193823213156303353e+00 1.518963908248654704e+01 4.506180000000000000e+05
1.200093696126397269e+00 1.499427811648937414e+01 4.595540000000000000e+05
1.206384684590767753e+00 1.490863847101986295e+01 4.631060000000000000e+05
1.212657716259795793e+00 1.476291991190757535e+01 4.670940000000000000e+05
1.218950061014193453e+00 1.461172725504649783e+01 4.749380000000000000e+05
1.225240784026401242e+00 1.459822460405279720e+01 4.771860000000000000e+05
1.231532244371714047e+00 1.447636925694001420e+01 4.846700000000000000e+05
1.237823116543606217e+00 1.438058991178110624e+01 4.870100000000000000e+05
1.244104630523539479e+00 1.418435628306948537e+01 4.933140000000000000e+05
1.250385916236761652e+00 1.413195993149950169e+01 4.963220000000000000e+05
1.256652750742101254e+00 1.406535971885753966e+01 5.017020000000000000e+05
1.262935091931613352e+00 1.392839757749970175e+01 5.085620000000000000e+05
1.269233477511062080e+00 1.377613228126949529e+01 5.142420000000000000e+05
1.275514616938773216e+00 1.368976147329233228e+01 5.161580000000000000e+05
1.281786872211649220e+00 1.360961967206555201e+01 5.226020000000000000e+05
1.288079462048372426e+00 1.349650193759389261e+01 5.306580000000000000e+05
1.294361149637119013e+00 1.340572147095072175e+01 5.300420000000000000e+05
1.300627926004322754e+00 1.329727462178147945e+01 5.388780000000000000e+05
1.306914643728855463e+00 1.314634544589432608e+01 5.441300000000000000e+05
1.313214369136572968e+00 1.311521747394142423e+01 5.511060000000000000e+05
1.319506178663429896e+00 1.302907415307603500e+01 5.539820000000000000e+05
1.325784332573166857e+00 1.289448415436585904e+01 5.582420000000000000e+05
1.332057263563118710e+00 1.281645794282685458e+01 5.645460000000000000e+05
1.338340549575027794e+00 1.268441922109139952e+01 5.704940000000000000e+05
1.344633835480066875e+00 1.257280564465000694e+01 5.767620000000000000e+05
1.350907484373135237e+00 1.251838982555469393e+01 5.782340000000000000e+05
1.357175487163077676e+00 1.242181983078281959e+01 5.856660000000000000e+05
1.363467141694861828e+00 1.234509025346310196e+01 5.944460000000000000e+05
1.369755686854475130e+00 1.226446322966843461e+01 5.952500000000000000e+05
1.376032186684321701e+00 1.219556132699571904e+01 6.034020000000000000e+05
1.382313839440675540e+00 1.209406424949191994e+01 6.073820000000000000e+05
1.388610058625191268e+00 1.203100947834962753e+01 6.170100000000000000e+05
1.394895499348251855e+00 1.194035653845275746e+01 6.167780000000000000e+05
1.401166240321837453e+00 1.183602927717709008e+01 6.247460000000000000e+05
1.407434432864556273e+00 1.175439077852481695e+01 6.280620000000000000e+05
1.413722933193898301e+00 1.171618684813361710e+01 6.394100000000000000e+05
1.420027475896342928e+00 1.161672129788551011e+01 6.429540000000000000e+05
1.426307149789788564e+00 1.155079357866623369e+01 6.459740000000000000e+05
1.432584485912613337e+00 1.143572206263987390e+01 6.534900000000000000e+05
1.438876982104692948e+00 1.132665401548116968e+01 6.607460000000000000e+05
1.445167658311597991e+00 1.132795905801301828e+01 6.646460000000000000e+05
1.451434581318592487e+00 1.126018561522701766e+01 6.672900000000000000e+05
1.457714146029685631e+00 1.117488712916960480e+01 6.790340000000000000e+05
1.464013702919821469e+00 1.109815281946878862e+01 6.827220000000000000e+05
1.470311375243267715e+00 1.102123284045140217e+01 6.912380000000000000e+05
1.476585168270965198e+00 1.094330456849476541e+01 6.886020000000000000e+05
1.482847620858654736e+00 1.089805661508353474e+01 7.008260000000000000e+05
1.489134257848029552e+00 1.080916153817506498e+01 7.056620000000000000e+05
1.495410090151012339e+00 1.072025498966582902e+01 7.100820000000000000e+05
1.501688804650891385e+00 1.067593976683192913e+01 7.191620000000000000e+05
1.507973225127458239e+00 1.062161338938590482e+01 7.222500000000000000e+05
1.514255586288884459e+00 1.052709836289733758e+01 7.315100000000000000e+05
1.520548655276809047e+00 1.047126581659523481e+01 7.364420000000000000e+05
1.526828765310179747e+00 1.039343467941949051e+01 7.408980000000000000e+05
1.533114430439595610e+00 1.037588470705051691e+01 7.501580000000000000e+05
1.539410813276927970e+00 1.028526553506226726e+01 7.548660000000000000e+05
1.545694858079805112e+00 1.022463292637949195e+01 7.608260000000000000e+05
1.551969964575633298e+00 1.017153279569526703e+01 7.640340000000000000e+05
1.558245721095042446e+00 1.007568398741365812e+01 7.738460000000000000e+05
1.564534844516594525e+00 1.002317227862558013e+01 7.797140000000000000e+05
1.570816980798636520e+00 9.953268290777717908e+00 7.843140000000000000e+05
1.577093092211928615e+00 9.883341628725176520e+00 7.913420000000000000e+05
1.583381338673179872e+00 9.853821860739474303e+00 7.994580000000000000e+05
1.589671280639133322e+00 9.787301410119203737e+00 8.049620000000000000e+05
1.595952830483094553e+00 9.758842331814019389e+00 8.095500000000000000e+05
1.602217313416965272e+00 9.671237115005867579e+00 8.134580000000000000e+05
