# Real space DM power spectrum.
# The power spectum is corrected for shot-noise and window function.
# Ngrid=512	Interlacing was set to True.
# redshift=0.552300	model=tabulated	Hz_file=/g100/home/userexternal/mbaldi00/SOURCE/DAKAR2/DST_m09_m01_Hz.dat	zDf_file=/g100_scratch/userexternal/mbaldi00/DAKAR2/DST_m09_m01_CoDECS2/linear_growth.txt	H0=67.66	Om=0.311049	Ob=0.04897468161869667	sigma8=0.6728650210648598	ns=0.9665	Tcmb=0.0	Neff=3.046	m_nu=[0]	Fid_model=w0waCDM	Fid_H0=67.6591	Fid_Om=0.311452	Fid_w0=-0.9001	Fid_wa=-0.1024	
# n_dm=1.073742e+00[h/Mpc]^3
# k[h/Mpc]		Pk_dm[Mpc^3/h^3]		Nmodes
8.018239401280879974e-03 9.382917635758716642e+03 1.800000000000000000e+01
1.401654949351664563e-02 1.118404549194151332e+04 6.200000000000000000e+01
1.969250245970122562e-02 8.267398396813139698e+03 9.800000000000000000e+01
2.551337480545044084e-02 1.255257582028252909e+04 2.100000000000000000e+02
3.202906010406358223e-02 9.754289391711099597e+03 3.500000000000000000e+02
3.846520933840009981e-02 8.405960344092050946e+03 4.500000000000000000e+02
4.443307405343879801e-02 6.713543345199471332e+03 6.020000000000000000e+02
5.042305588722229004e-02 6.001351485824334304e+03 7.620000000000000000e+02
5.690925724269420977e-02 5.666945209824683843e+03 1.142000000000000000e+03
6.341842361688614094e-02 4.894349877425384875e+03 1.250000000000000000e+03
6.949987936003544642e-02 4.657926702116742490e+03 1.458000000000000000e+03
7.558128466088295805e-02 4.659720827370258121e+03 1.814000000000000000e+03
8.196268225887480552e-02 3.789423590189388051e+03 2.178000000000000000e+03
8.830226267620121250e-02 3.425661551724823767e+03 2.498000000000000000e+03
9.435210882776298713e-02 3.048890759805247399e+03 2.622000000000000000e+03
1.005600000334900268e-01 2.907172032727960868e+03 3.338000000000000000e+03
1.070138172820522676e-01 2.482606291611306460e+03 3.722000000000000000e+03
1.134272720352065417e-01 2.337593617473346058e+03 4.170000000000000000e+03
1.196088736356262089e-01 2.266723564988486942e+03 4.358000000000000000e+03
1.257803526943431782e-01 2.146427437854466916e+03 5.034000000000000000e+03
1.321489366516601371e-01 2.013042426112818930e+03 5.714000000000000000e+03
1.384562346816501366e-01 1.855211104707229879e+03 5.982000000000000000e+03
1.446496334058954558e-01 1.788675311778610876e+03 6.602000000000000000e+03
1.508534077925902661e-01 1.628757597481485618e+03 7.130000000000000000e+03
1.571727997187746806e-01 1.518356578844353862e+03 8.034000000000000000e+03
1.635416756874734368e-01 1.393237164527406321e+03 8.606000000000000000e+03
1.698255044437522454e-01 1.301826784639150219e+03 9.066000000000000000e+03
1.761012440422073944e-01 1.277838904287460537e+03 9.962000000000000000e+03
1.823997330750334323e-01 1.206614933349555031e+03 1.055000000000000000e+04
1.886505794152418258e-01 1.197302509600691792e+03 1.122600000000000000e+04
1.949080233860110145e-01 1.118682377408918228e+03 1.214600000000000000e+04
2.011423980633682551e-01 1.057027982518197632e+03 1.260600000000000000e+04
2.073952711124279202e-01 9.879985426623067042e+02 1.380200000000000000e+04
2.137387912274538171e-01 9.532815688446605691e+02 1.475400000000000000e+04
2.200329442788883927e-01 9.378868293274510961e+02 1.519400000000000000e+04
2.262928915227388205e-01 8.723861078374424096e+02 1.645400000000000000e+04
2.325983565681614684e-01 8.367003085318319791e+02 1.715400000000000000e+04
2.388889575828848644e-01 8.167986675710102418e+02 1.826600000000000000e+04
2.451217204984029174e-01 7.787595040920512020e+02 1.875000000000000000e+04
2.513735730109318833e-01 7.549930127026406126e+02 2.023400000000000000e+04
2.577068704519516196e-01 7.179341785908857219e+02 2.145000000000000000e+04
2.640202590165574015e-01 7.075003321016434938e+02 2.196200000000000000e+04
2.702896249217050517e-01 6.783977627548534883e+02 2.346200000000000000e+04
2.765613443273721161e-01 6.552124674594915632e+02 2.404200000000000000e+04
2.828696817722480827e-01 6.381069106790652086e+02 2.594600000000000000e+04
2.891484548613966754e-01 6.019545415803734159e+02 2.611800000000000000e+04
2.953521325173381618e-01 5.912336959667936753e+02 2.750600000000000000e+04
3.016073414663040242e-01 5.849099352523988955e+02 2.906600000000000000e+04
3.079380380657114613e-01 5.589805986076505633e+02 3.045000000000000000e+04
3.142758188292146815e-01 5.372203376862375990e+02 3.174200000000000000e+04
3.205460861690284657e-01 5.281038402160821761e+02 3.225000000000000000e+04
3.268125857401938394e-01 5.087484438487422267e+02 3.425000000000000000e+04
3.331235790942642661e-01 4.993451483454499567e+02 3.545400000000000000e+04
3.394044287142444771e-01 4.902207880912461064e+02 3.643400000000000000e+04
3.456389225992096970e-01 4.727338225875309377e+02 3.768200000000000000e+04
3.518805674449744791e-01 4.583057110691978551e+02 3.929400000000000000e+04
3.582029755837912721e-01 4.477458366973393709e+02 4.142600000000000000e+04
3.645115539318926068e-01 4.391911991769178485e+02 4.206600000000000000e+04
3.707638220461956791e-01 4.256523978208777521e+02 4.349000000000000000e+04
3.770538406945189158e-01 4.174076122641224629e+02 4.570200000000000000e+04
3.833585849945114754e-01 4.107821911707205800e+02 4.663400000000000000e+04
3.896511111060295685e-01 4.019199770093529196e+02 4.855400000000000000e+04
3.958767350353735170e-01 3.925797885364955846e+02 4.887000000000000000e+04
4.021123550664917334e-01 3.829462426967504598e+02 5.155400000000000000e+04
4.084534706459355680e-01 3.762195001282871090e+02 5.409000000000000000e+04
4.147693430455148822e-01 3.731790357123823014e+02 5.431400000000000000e+04
4.210541279197388409e-01 3.610450963324307168e+02 5.691000000000000000e+04
4.273285528543883660e-01 3.550582393752122812e+02 5.748200000000000000e+04
4.336210871857300031e-01 3.477211367662613384e+02 6.062600000000000000e+04
4.399178901492071248e-01 3.359091832581460153e+02 6.120600000000000000e+04
4.461481615369914944e-01 3.320339003756802185e+02 6.257000000000000000e+04
4.524185591367541615e-01 3.280866296541993847e+02 6.573000000000000000e+04
4.587151924004577719e-01 3.189849417087423262e+02 6.668600000000000000e+04
4.650253487526455620e-01 3.171370007632134502e+02 6.969800000000000000e+04
4.713138026405762626e-01 3.087952646929708749e+02 7.002600000000000000e+04
4.775801322871031096e-01 3.062883458607624334e+02 7.274600000000000000e+04
4.838809178367569630e-01 2.984305783731885526e+02 7.491000000000000000e+04
4.901499165155780435e-01 2.949486594649503104e+02 7.572200000000000000e+04
4.963993143780123241e-01 2.906509836847940846e+02 7.837800000000000000e+04
5.026659111298577010e-01 2.864981663670313878e+02 8.003000000000000000e+04
5.089643413427887841e-01 2.824745870736426809e+02 8.318600000000000000e+04
5.152747315442799403e-01 2.770059367738833203e+02 8.466600000000000000e+04
5.215661708673858810e-01 2.725693822528751298e+02 8.654600000000000000e+04
5.278286396879566800e-01 2.687863800146236031e+02 8.813400000000000000e+04
5.341160320652750260e-01 2.657230723214932482e+02 9.153800000000000000e+04
5.404304286902661403e-01 2.619245686835175775e+02 9.313800000000000000e+04
5.466976878455739319e-01 2.574687282308630643e+02 9.447800000000000000e+04
5.529595373159058580e-01 2.523158143787328243e+02 9.727400000000000000e+04
5.592440147746206014e-01 2.511568908871159067e+02 9.969000000000000000e+04
5.655545845518847869e-01 2.452989337856535599e+02 1.025900000000000000e+05
5.718545124332512497e-01 2.420802800080192014e+02 1.037700000000000000e+05
5.781226402320145397e-01 2.421478341402585954e+02 1.063460000000000000e+05
5.844054810026423352e-01 2.375324255137525711e+02 1.085460000000000000e+05
5.906692678833675991e-01 2.351754274208688571e+02 1.107260000000000000e+05
5.969160111309492756e-01 2.304643078450708060e+02 1.123220000000000000e+05
6.031708558297608214e-01 2.284649842680802010e+02 1.158900000000000000e+05
6.094688112237535149e-01 2.248817047227591672e+02 1.187660000000000000e+05
6.158118423264375974e-01 2.226306326495092094e+02 1.222980000000000000e+05
6.221022681713845870e-01 2.199201312709083140e+02 1.220900000000000000e+05
6.283660508217905338e-01 2.163397528565903087e+02 1.258100000000000000e+05
6.346461619227155015e-01 2.143125498023249804e+02 1.281900000000000000e+05
6.409396473976692876e-01 2.113337430009070488e+02 1.309940000000000000e+05
6.472371834330832296e-01 2.107375426831580967e+02 1.337220000000000000e+05
6.534767429514126702e-01 2.071186453085089738e+02 1.338860000000000000e+05
6.597637022409679197e-01 2.031548462907447856e+02 1.405380000000000000e+05
6.660751593608625898e-01 2.017160876989381677e+02 1.405940000000000000e+05
6.723401943305717943e-01 1.990967983775134371e+02 1.435940000000000000e+05
6.786079373829640993e-01 1.985352484048117390e+02 1.463100000000000000e+05
6.849135514418230875e-01 1.972059757990984394e+02 1.506500000000000000e+05
6.912250943479077980e-01 1.939157356293683563e+02 1.519140000000000000e+05
6.974710436131158486e-01 1.920900205980464932e+02 1.533980000000000000e+05
7.037307548900212373e-01 1.904536748282451697e+02 1.578660000000000000e+05
7.100217936516199924e-01 1.878375778225014017e+02 1.606580000000000000e+05
7.163250787242370077e-01 1.863883688368237301e+02 1.641020000000000000e+05
7.226009447591926760e-01 1.847917218997290547e+02 1.649940000000000000e+05
7.288716701068771453e-01 1.825630312670094781e+02 1.698500000000000000e+05
7.351879459163250807e-01 1.810747357191192748e+02 1.729860000000000000e+05
7.414685146977839647e-01 1.790087213601953806e+02 1.738940000000000000e+05
7.477104477723024445e-01 1.763651396548474679e+02 1.767780000000000000e+05
7.539885226758882286e-01 1.768500989719021845e+02 1.818020000000000000e+05
7.602914782916944114e-01 1.741586736299065876e+02 1.844300000000000000e+05
7.665892437025125794e-01 1.724736613499313762e+02 1.872420000000000000e+05
7.728738187058056264e-01 1.712293712493004421e+02 1.902500000000000000e+05
7.791494140893913123e-01 1.695986249769242136e+02 1.925700000000000000e+05
7.854515901778583720e-01 1.686911415370796306e+02 1.982540000000000000e+05
7.917409748104085043e-01 1.665602209899109027e+02 1.980740000000000000e+05
7.979940385111662371e-01 1.654382691106109462e+02 2.020500000000000000e+05
8.042571846768763466e-01 1.637304325421230260e+02 2.055020000000000000e+05
8.105619462845171652e-01 1.638654267821862902e+02 2.106660000000000000e+05
8.168641867275381330e-01 1.612535323866416377e+02 2.124260000000000000e+05
8.231256696255031535e-01 1.605831455860816277e+02 2.139180000000000000e+05
8.294110748726144511e-01 1.588442731429153127e+02 2.209940000000000000e+05
8.357113707437004990e-01 1.570567237593829475e+02 2.215220000000000000e+05
8.419948002460609926e-01 1.550954190321785973e+02 2.263140000000000000e+05
8.482593350903800955e-01 1.550744496851010013e+02 2.272940000000000000e+05
8.545301115901441369e-01 1.543741607230897444e+02 2.329620000000000000e+05
8.608435414229801408e-01 1.526388865769205836e+02 2.378180000000000000e+05
8.671393362117422177e-01 1.509621161287293489e+02 2.383980000000000000e+05
8.733948081113820372e-01 1.497141636774452707e+02 2.414180000000000000e+05
8.796646205952306508e-01 1.490572520026033487e+02 2.468180000000000000e+05
8.859565087287600837e-01 1.479912163000013834e+02 2.499060000000000000e+05
8.922534924202312201e-01 1.475325764132212782e+02 2.547020000000000000e+05
8.985217857854136403e-01 1.460137992328037910e+02 2.544180000000000000e+05
9.047744920414614311e-01 1.455511282423491366e+02 2.603540000000000000e+05
9.110610772062064378e-01 1.440408180882420197e+02 2.649740000000000000e+05
9.173652030728716156e-01 1.426058794408503161e+02 2.687220000000000000e+05
9.236564978724189912e-01 1.413730204483406112e+02 2.715620000000000000e+05
9.299448038968107788e-01 1.411734868133795544e+02 2.755860000000000000e+05
9.362445064485998003e-01 1.389547832821245947e+02 2.801900000000000000e+05
9.425390102875164100e-01 1.385095508705855991e+02 2.828340000000000000e+05
9.488116425969939094e-01 1.377282839758631781e+02 2.851700000000000000e+05
9.550714374598537892e-01 1.369889633308783914e+02 2.898860000000000000e+05
9.613552636148307018e-01 1.364018613397538786e+02 2.944740000000000000e+05
9.676548604748713700e-01 1.348093635067606897e+02 2.994980000000000000e+05
9.739319897320198871e-01 1.340289451962057683e+02 2.999580000000000000e+05
9.801989291478477861e-01 1.330926885678100859e+02 3.058580000000000000e+05
9.864886628427461668e-01 1.326800212737213656e+02 3.107940000000000000e+05
9.927793936164199806e-01 1.317973299828614699e+02 3.130820000000000000e+05
9.990361166530091763e-01 1.307473317984820937e+02 3.160460000000000000e+05
1.005310172388236056e+00 1.298957944703664964e+02 3.222180000000000000e+05
1.011625805491854102e+00 1.291182144990570748e+02 3.285620000000000000e+05
1.017917766942204150e+00 1.284820863707792000e+02 3.279900000000000000e+05
1.024197689983066040e+00 1.271805832240853249e+02 3.352820000000000000e+05
1.030472573734562358e+00 1.270628673828211959e+02 3.359700000000000000e+05
1.036757776698311151e+00 1.260560461279008990e+02 3.440660000000000000e+05
1.043033361905228329e+00 1.255082587100422842e+02 3.437180000000000000e+05
1.049301684494551079e+00 1.236711388903146229e+02 3.514980000000000000e+05
1.055593059295673708e+00 1.233223492285318486e+02 3.544580000000000000e+05
1.061871457102441241e+00 1.231897374254960766e+02 3.585660000000000000e+05
1.068178001041605985e+00 1.221492024962625322e+02 3.661220000000000000e+05
1.074470180493512173e+00 1.216153874661160472e+02 3.658100000000000000e+05
1.080737053769623701e+00 1.211497490519297884e+02 3.716220000000000000e+05
1.087020489212936480e+00 1.197066799042002145e+02 3.759860000000000000e+05
1.093314462971749057e+00 1.191695435320909553e+02 3.821700000000000000e+05
1.099587869600829659e+00 1.188504897024379829e+02 3.818180000000000000e+05
1.105847463881620474e+00 1.178405051140906465e+02 3.895740000000000000e+05
1.112134280670179054e+00 1.176440321388958949e+02 3.936980000000000000e+05
1.118428377412835406e+00 1.166302233200718206e+02 3.994580000000000000e+05
1.124715645780198781e+00 1.163303190064019788e+02 4.022220000000000000e+05
1.130996124361501431e+00 1.159365095897796749e+02 4.069220000000000000e+05
1.137284456696317392e+00 1.150429339206054635e+02 4.128420000000000000e+05
1.143571288435853983e+00 1.144713922703571569e+02 4.153460000000000000e+05
1.149847667202570811e+00 1.137811200273950476e+02 4.211820000000000000e+05
1.156130444085272213e+00 1.132147888841933252e+02 4.250180000000000000e+05
1.162419353814765133e+00 1.123103401876555267e+02 4.311380000000000000e+05
1.168705445387328012e+00 1.118302835692854984e+02 4.343820000000000000e+05
1.174988745725767281e+00 1.109077997286558599e+02 4.395140000000000000e+05
1.181273977502684147e+00 1.107450082089020071e+02 4.447380000000000000e+05
1.187562659051211167e+00 1.100243701032041201e+02 4.489100000000000000e+05
1.193823213156303353e+00 1.095132402258052906e+02 4.506180000000000000e+05
1.200093696126397269e+00 1.085064714604707063e+02 4.595540000000000000e+05
1.206384684590767753e+00 1.083979972787226416e+02 4.631060000000000000e+05
1.212657716259795793e+00 1.076176718462077275e+02 4.670940000000000000e+05
1.218950061014193453e+00 1.071369810776507023e+02 4.749380000000000000e+05
1.225240784026401242e+00 1.065628034056102678e+02 4.771860000000000000e+05
1.231532244371714047e+00 1.057472752342029025e+02 4.846700000000000000e+05
1.237823116543606217e+00 1.057273579452917147e+02 4.870100000000000000e+05
1.244104630523539479e+00 1.051969202889562069e+02 4.933140000000000000e+05
1.250385916236761652e+00 1.046277701111812348e+02 4.963220000000000000e+05
1.256652750742101254e+00 1.037037715649334899e+02 5.017020000000000000e+05
1.262935091931613352e+00 1.033107324747197140e+02 5.085620000000000000e+05
1.269233477511062080e+00 1.028429704625149128e+02 5.142420000000000000e+05
1.275514616938773216e+00 1.024933962130425584e+02 5.161580000000000000e+05
1.281786872211649220e+00 1.021595037138411328e+02 5.226020000000000000e+05
1.288079462048372426e+00 1.012623238040314106e+02 5.306580000000000000e+05
1.294361149637119013e+00 1.010732431013120873e+02 5.300420000000000000e+05
1.300627926004322754e+00 1.006813095981583217e+02 5.388780000000000000e+05
1.306914643728855463e+00 1.001989146848629559e+02 5.441300000000000000e+05
1.313214369136572968e+00 9.970210910640415136e+01 5.511060000000000000e+05
1.319506178663429896e+00 9.915515676947873658e+01 5.539820000000000000e+05
1.325784332573166857e+00 9.837780142537019401e+01 5.582420000000000000e+05
1.332057263563118710e+00 9.795409685976187575e+01 5.645460000000000000e+05
1.338340549575027794e+00 9.744991894589131221e+01 5.704940000000000000e+05
1.344633835480066875e+00 9.719924081201540389e+01 5.767620000000000000e+05
1.350907484373135237e+00 9.660091523914158529e+01 5.782340000000000000e+05
1.357175487163077676e+00 9.615305657664137584e+01 5.856660000000000000e+05
1.363467141694861828e+00 9.585516433925054969e+01 5.944460000000000000e+05
1.369755686854475130e+00 9.573649766897965208e+01 5.952500000000000000e+05
1.376032186684321701e+00 9.500125968397829013e+01 6.034020000000000000e+05
1.382313839440675540e+00 9.446758618461676349e+01 6.073820000000000000e+05
1.388610058625191268e+00 9.422679155643588444e+01 6.170100000000000000e+05
1.394895499348251855e+00 9.368402362774583025e+01 6.167780000000000000e+05
1.401166240321837453e+00 9.309044627224389501e+01 6.247460000000000000e+05
1.407434432864556273e+00 9.275306527244420352e+01 6.280620000000000000e+05
1.413722933193898301e+00 9.236977687644096591e+01 6.394100000000000000e+05
1.420027475896342928e+00 9.197473913430927439e+01 6.429540000000000000e+05
1.426307149789788564e+00 9.173214685294662729e+01 6.459740000000000000e+05
1.432584485912613337e+00 9.122599276303314753e+01 6.534900000000000000e+05
1.438876982104692948e+00 9.094773533871278914e+01 6.607460000000000000e+05
1.445167658311597991e+00 9.035322288266554835e+01 6.646460000000000000e+05
1.451434581318592487e+00 8.987409635868188218e+01 6.672900000000000000e+05
1.457714146029685631e+00 8.975318512308449215e+01 6.790340000000000000e+05
1.464013702919821469e+00 8.938089821217620567e+01 6.827220000000000000e+05
1.470311375243267715e+00 8.890439826249128430e+01 6.912380000000000000e+05
1.476585168270965198e+00 8.868151619146419762e+01 6.886020000000000000e+05
1.482847620858654736e+00 8.827245696552715515e+01 7.008260000000000000e+05
1.489134257848029552e+00 8.777442040148356739e+01 7.056620000000000000e+05
1.495410090151012339e+00 8.706461028947626346e+01 7.100820000000000000e+05
1.501688804650891385e+00 8.698637051817863153e+01 7.191620000000000000e+05
1.507973225127458239e+00 8.673650435511798662e+01 7.222500000000000000e+05
1.514255586288884459e+00 8.657581198267014599e+01 7.315100000000000000e+05
1.520548655276809047e+00 8.596705095649762995e+01 7.364420000000000000e+05
1.526828765310179747e+00 8.570583935590667579e+01 7.408980000000000000e+05
1.533114430439595610e+00 8.540268172847800088e+01 7.501580000000000000e+05
1.539410813276927970e+00 8.484698509853446069e+01 7.548660000000000000e+05
1.545694858079805112e+00 8.449599457805805969e+01 7.608260000000000000e+05
1.551969964575633298e+00 8.403666052561304411e+01 7.640340000000000000e+05
1.558245721095042446e+00 8.396197660894300441e+01 7.738460000000000000e+05
1.564534844516594525e+00 8.361698616422978603e+01 7.797140000000000000e+05
1.570816980798636520e+00 8.313661960160474962e+01 7.843140000000000000e+05
1.577093092211928615e+00 8.264219683924098092e+01 7.913420000000000000e+05
1.583381338673179872e+00 8.208597664560622320e+01 7.994580000000000000e+05
1.589671280639133322e+00 8.209682533795678694e+01 8.049620000000000000e+05
1.595952830483094553e+00 8.198873918809219674e+01 8.095500000000000000e+05
1.602217313416965272e+00 8.162874075993897804e+01 8.134580000000000000e+05
