# Real space DM power spectrum.
# The power spectum is corrected for shot-noise and window function.
# Ngrid=512	Interlacing was set to True.
# redshift=0.349200	model=tabulated	Hz_file=/g100/home/userexternal/mbaldi00/SOURCE/DAKAR2/DST_m09_m01_Hz.dat	zDf_file=/g100_scratch/userexternal/mbaldi00/DAKAR2/DST_m09_m01_CoDECS2/linear_growth.txt	H0=67.66	Om=0.311049	Ob=0.04897468161869667	sigma8=0.6728650210648598	ns=0.9665	Tcmb=0.0	Neff=3.046	m_nu=[0]	Fid_model=w0waCDM	Fid_H0=67.6591	Fid_Om=0.311452	Fid_w0=-0.9001	Fid_wa=-0.1024	
# n_dm=1.073742e+00[h/Mpc]^3
# k[h/Mpc]		Pk_dm[Mpc^3/h^3]		Nmodes
8.018239401280879974e-03 1.134855392048093927e+04 1.800000000000000000e+01
1.401654949351664563e-02 1.353067754839312693e+04 6.200000000000000000e+01
1.969250245970122562e-02 9.990076330486608640e+03 9.800000000000000000e+01
2.551337480545044084e-02 1.515326629647300433e+04 2.100000000000000000e+02
3.202906010406358223e-02 1.177948724885395677e+04 3.500000000000000000e+02
3.846520933840009981e-02 1.014858423298094021e+04 4.500000000000000000e+02
4.443307405343879801e-02 8.098875986395484688e+03 6.020000000000000000e+02
5.042305588722229004e-02 7.245175632805961868e+03 7.620000000000000000e+02
5.690925724269420977e-02 6.849547223835192199e+03 1.142000000000000000e+03
6.341842361688614094e-02 5.903784277425384971e+03 1.250000000000000000e+03
6.949987936003544642e-02 5.626334452459677777e+03 1.458000000000000000e+03
7.558128466088295805e-02 5.629121047877424644e+03 1.814000000000000000e+03
8.196268225887480552e-02 4.576358851897377463e+03 2.178000000000000000e+03
8.830226267620121250e-02 4.134018237073102682e+03 2.498000000000000000e+03
9.435210882776298713e-02 3.682389043558107915e+03 2.622000000000000000e+03
1.005600000334900268e-01 3.518330510858578236e+03 3.338000000000000000e+03
1.070138172820522676e-01 3.008269913320064916e+03 3.722000000000000000e+03
1.134272720352065417e-01 2.842058365674784909e+03 4.170000000000000000e+03
1.196088736356262089e-01 2.752169641170221439e+03 4.358000000000000000e+03
1.257803526943431782e-01 2.602259976591058148e+03 5.034000000000000000e+03
1.321489366516601371e-01 2.445372667624894348e+03 5.714000000000000000e+03
1.384562346816501366e-01 2.250742030818898456e+03 5.982000000000000000e+03
1.446496334058954558e-01 2.176656529591394701e+03 6.602000000000000000e+03
1.508534077925902661e-01 1.985486489487095696e+03 7.130000000000000000e+03
1.571727997187746806e-01 1.854004823803278441e+03 8.034000000000000000e+03
1.635416756874734368e-01 1.707865098526941665e+03 8.606000000000000000e+03
1.698255044437522454e-01 1.597034814641356206e+03 9.066000000000000000e+03
1.761012440422073944e-01 1.567021397762666311e+03 9.962000000000000000e+03
1.823997330750334323e-01 1.480150099226332259e+03 1.055000000000000000e+04
1.886505794152418258e-01 1.468361212611559495e+03 1.122600000000000000e+04
1.949080233860110145e-01 1.372147057138870423e+03 1.214600000000000000e+04
2.011423980633682551e-01 1.304030203682722458e+03 1.260600000000000000e+04
2.073952711124279202e-01 1.214889717854307946e+03 1.380200000000000000e+04
2.137387912274538171e-01 1.174163024721033025e+03 1.475400000000000000e+04
2.200329442788883927e-01 1.160402098512655812e+03 1.519400000000000000e+04
2.262928915227388205e-01 1.080725903631778237e+03 1.645400000000000000e+04
2.325983565681614684e-01 1.040357239859802121e+03 1.715400000000000000e+04
2.388889575828848644e-01 1.017187148902445756e+03 1.826600000000000000e+04
2.451217204984029174e-01 9.707857974253845441e+02 1.875000000000000000e+04
2.513735730109318833e-01 9.421018888516966854e+02 2.023400000000000000e+04
2.577068704519516196e-01 8.964275585442655938e+02 2.145000000000000000e+04
2.640202590165574015e-01 8.813757532836851851e+02 2.196200000000000000e+04
2.702896249217050517e-01 8.467323037147034483e+02 2.346200000000000000e+04
2.765613443273721161e-01 8.222397114491761840e+02 2.404200000000000000e+04
2.828696817722480827e-01 8.006294575070926385e+02 2.594600000000000000e+04
2.891484548613966754e-01 7.586677278886666045e+02 2.611800000000000000e+04
2.953521325173381618e-01 7.439735709031712076e+02 2.750600000000000000e+04
3.016073414663040242e-01 7.386640121807688502e+02 2.906600000000000000e+04
3.079380380657114613e-01 7.041000731560906161e+02 3.045000000000000000e+04
3.142758188292146815e-01 6.792879452724010889e+02 3.174200000000000000e+04
3.205460861690284657e-01 6.681174216114310411e+02 3.225000000000000000e+04
3.268125857401938394e-01 6.465606482283042169e+02 3.425000000000000000e+04
3.331235790942642661e-01 6.324430216460648353e+02 3.545400000000000000e+04
3.394044287142444771e-01 6.236332599581835439e+02 3.643400000000000000e+04
3.456389225992096970e-01 6.033344276509563997e+02 3.768200000000000000e+04
3.518805674449744791e-01 5.839649465758909628e+02 3.929400000000000000e+04
3.582029755837912721e-01 5.710502349013657977e+02 4.142600000000000000e+04
3.645115539318926068e-01 5.613756236527415240e+02 4.206600000000000000e+04
3.707638220461956791e-01 5.451797374391808262e+02 4.349000000000000000e+04
3.770538406945189158e-01 5.357363506125535650e+02 4.570200000000000000e+04
3.833585849945114754e-01 5.265977763660715709e+02 4.663400000000000000e+04
3.896511111060295685e-01 5.178948503462561348e+02 4.855400000000000000e+04
3.958767350353735170e-01 5.052975294818608631e+02 4.887000000000000000e+04
4.021123550664917334e-01 4.935616750589337585e+02 5.155400000000000000e+04
4.084534706459355680e-01 4.864996997955083771e+02 5.409000000000000000e+04
4.147693430455148822e-01 4.826219417771170015e+02 5.431400000000000000e+04
4.210541279197388409e-01 4.669449381879921361e+02 5.691000000000000000e+04
4.273285528543883660e-01 4.600622058342777336e+02 5.748200000000000000e+04
4.336210871857300031e-01 4.509292982811229535e+02 6.062600000000000000e+04
4.399178901492071248e-01 4.353850843135980995e+02 6.120600000000000000e+04
4.461481615369914944e-01 4.317196603245374718e+02 6.257000000000000000e+04
4.524185591367541615e-01 4.271895050535604241e+02 6.573000000000000000e+04
4.587151924004577719e-01 4.162853046035028797e+02 6.668600000000000000e+04
4.650253487526455620e-01 4.148753576744591101e+02 6.969800000000000000e+04
4.713138026405762626e-01 4.037904664751660562e+02 7.002600000000000000e+04
4.775801322871031096e-01 4.010531714181814209e+02 7.274600000000000000e+04
4.838809178367569630e-01 3.914415782396950476e+02 7.491000000000000000e+04
4.901499165155780435e-01 3.862506324714742050e+02 7.572200000000000000e+04
4.963993143780123241e-01 3.822208629876596433e+02 7.837800000000000000e+04
5.026659111298577010e-01 3.769382013539113245e+02 8.003000000000000000e+04
5.089643413427887841e-01 3.729818118470420245e+02 8.318600000000000000e+04
5.152747315442799403e-01 3.656494064075024539e+02 8.466600000000000000e+04
5.215661708673858810e-01 3.596133357573698390e+02 8.654600000000000000e+04
5.278286396879566800e-01 3.546192481472398299e+02 8.813400000000000000e+04
5.341160320652750260e-01 3.522415673727287526e+02 9.153800000000000000e+04
5.404304286902661403e-01 3.478207227774427110e+02 9.313800000000000000e+04
5.466976878455739319e-01 3.418120462519896705e+02 9.447800000000000000e+04
5.529595373159058580e-01 3.346634715121908812e+02 9.727400000000000000e+04
5.592440147746206014e-01 3.345184918501011566e+02 9.969000000000000000e+04
5.655545845518847869e-01 3.265785321870571920e+02 1.025900000000000000e+05
5.718545124332512497e-01 3.226436605611655750e+02 1.037700000000000000e+05
5.781226402320145397e-01 3.231804258691435621e+02 1.063460000000000000e+05
5.844054810026423352e-01 3.175686313619643784e+02 1.085460000000000000e+05
5.906692678833675991e-01 3.150634753951476910e+02 1.107260000000000000e+05
5.969160111309492756e-01 3.086394827885368954e+02 1.123220000000000000e+05
6.031708558297608214e-01 3.059022264805230407e+02 1.158900000000000000e+05
6.094688112237535149e-01 3.013887353544214420e+02 1.187660000000000000e+05
6.158118423264375974e-01 2.994356826094431199e+02 1.222980000000000000e+05
6.221022681713845870e-01 2.955392155529953016e+02 1.220900000000000000e+05
6.283660508217905338e-01 2.905132366814054876e+02 1.258100000000000000e+05
6.346461619227155015e-01 2.894517026223577432e+02 1.281900000000000000e+05
6.409396473976692876e-01 2.858890508776037223e+02 1.309940000000000000e+05
6.472371834330832296e-01 2.845991062254323651e+02 1.337220000000000000e+05
6.534767429514126702e-01 2.796260770041305932e+02 1.338860000000000000e+05
6.597637022409679197e-01 2.755503407477599467e+02 1.405380000000000000e+05
6.660751593608625898e-01 2.730597439004830562e+02 1.405940000000000000e+05
6.723401943305717943e-01 2.702866948912953262e+02 1.435940000000000000e+05
6.786079373829640993e-01 2.690212165546305982e+02 1.463100000000000000e+05
6.849135514418230875e-01 2.676700979365029980e+02 1.506500000000000000e+05
6.912250943479077980e-01 2.631026176810555057e+02 1.519140000000000000e+05
6.974710436131158486e-01 2.610743359085460042e+02 1.533980000000000000e+05
7.037307548900212373e-01 2.590465827374846413e+02 1.578660000000000000e+05
7.100217936516199924e-01 2.557247792068084209e+02 1.606580000000000000e+05
7.163250787242370077e-01 2.540637658460009618e+02 1.641020000000000000e+05
7.226009447591926760e-01 2.522677028444906853e+02 1.649940000000000000e+05
7.288716701068771453e-01 2.495195222884990187e+02 1.698500000000000000e+05
7.351879459163250807e-01 2.480159448343077884e+02 1.729860000000000000e+05
7.414685146977839647e-01 2.447477232809057170e+02 1.738940000000000000e+05
7.477104477723024445e-01 2.422500008932368587e+02 1.767780000000000000e+05
7.539885226758882286e-01 2.421241553629209875e+02 1.818020000000000000e+05
7.602914782916944114e-01 2.382268404140523330e+02 1.844300000000000000e+05
7.665892437025125794e-01 2.370689978663112356e+02 1.872420000000000000e+05
7.728738187058056264e-01 2.349838627079075479e+02 1.902500000000000000e+05
7.791494140893913123e-01 2.327047993550724243e+02 1.925700000000000000e+05
7.854515901778583720e-01 2.316331452293128166e+02 1.982540000000000000e+05
7.917409748104085043e-01 2.292853843127094535e+02 1.980740000000000000e+05
7.979940385111662371e-01 2.277000458985347393e+02 2.020500000000000000e+05
8.042571846768763466e-01 2.254634959672964953e+02 2.055020000000000000e+05
8.105619462845171652e-01 2.258939838345820021e+02 2.106660000000000000e+05
8.168641867275381330e-01 2.226691971357778073e+02 2.124260000000000000e+05
8.231256696255031535e-01 2.217512754302275084e+02 2.139180000000000000e+05
8.294110748726144511e-01 2.197854932665385661e+02 2.209940000000000000e+05
8.357113707437004990e-01 2.166873879823495201e+02 2.215220000000000000e+05
8.419948002460609926e-01 2.149505053282097720e+02 2.263140000000000000e+05
8.482593350903800955e-01 2.146371834132240508e+02 2.272940000000000000e+05
8.545301115901441369e-01 2.134497867908604576e+02 2.329620000000000000e+05
8.608435414229801408e-01 2.114218718850133314e+02 2.378180000000000000e+05
8.671393362117422177e-01 2.095442518849017972e+02 2.383980000000000000e+05
8.733948081113820372e-01 2.081173647643567790e+02 2.414180000000000000e+05
8.796646205952306508e-01 2.073041221660436122e+02 2.468180000000000000e+05
8.859565087287600837e-01 2.047473566087574568e+02 2.499060000000000000e+05
8.922534924202312201e-01 2.048148592378555577e+02 2.547020000000000000e+05
8.985217857854136403e-01 2.033296652485731215e+02 2.544180000000000000e+05
9.047744920414614311e-01 2.024570793704285734e+02 2.603540000000000000e+05
9.110610772062064378e-01 2.004627160857813806e+02 2.649740000000000000e+05
9.173652030728716156e-01 1.984967852840637761e+02 2.687220000000000000e+05
9.236564978724189912e-01 1.971318084967420816e+02 2.715620000000000000e+05
9.299448038968107788e-01 1.967801576892586013e+02 2.755860000000000000e+05
9.362445064485998003e-01 1.941253175624343896e+02 2.801900000000000000e+05
9.425390102875164100e-01 1.937316811660946030e+02 2.828340000000000000e+05
9.488116425969939094e-01 1.927476478640702169e+02 2.851700000000000000e+05
9.550714374598537892e-01 1.914575613314717373e+02 2.898860000000000000e+05
9.613552636148307018e-01 1.905909442469035753e+02 2.944740000000000000e+05
9.676548604748713700e-01 1.889018115364637254e+02 2.994980000000000000e+05
9.739319897320198871e-01 1.879305847590779024e+02 2.999580000000000000e+05
9.801989291478477861e-01 1.863343758867620181e+02 3.058580000000000000e+05
9.864886628427461668e-01 1.860820560620377364e+02 3.107940000000000000e+05
9.927793936164199806e-01 1.845422210976493034e+02 3.130820000000000000e+05
9.990361166530091763e-01 1.834194364921026477e+02 3.160460000000000000e+05
1.005310172388236056e+00 1.826417987283533080e+02 3.222180000000000000e+05
1.011625805491854102e+00 1.815194660132309536e+02 3.285620000000000000e+05
1.017917766942204150e+00 1.806572868342079801e+02 3.279900000000000000e+05
1.024197689983066040e+00 1.788619857449483561e+02 3.352820000000000000e+05
1.030472573734562358e+00 1.785453330791631288e+02 3.359700000000000000e+05
1.036757776698311151e+00 1.774827840212120691e+02 3.440660000000000000e+05
1.043033361905228329e+00 1.766278742087941680e+02 3.437180000000000000e+05
1.049301684494551079e+00 1.742665106989735762e+02 3.514980000000000000e+05
1.055593059295673708e+00 1.740012223249212582e+02 3.544580000000000000e+05
1.061871457102441241e+00 1.739371367885143229e+02 3.585660000000000000e+05
1.068178001041605985e+00 1.722664202542776195e+02 3.661220000000000000e+05
1.074470180493512173e+00 1.711547002241051700e+02 3.658100000000000000e+05
1.080737053769623701e+00 1.708673438121969355e+02 3.716220000000000000e+05
1.087020489212936480e+00 1.691992461167719739e+02 3.759860000000000000e+05
1.093314462971749057e+00 1.682297418731433538e+02 3.821700000000000000e+05
1.099587869600829659e+00 1.685137638278065992e+02 3.818180000000000000e+05
1.105847463881620474e+00 1.658090040385568500e+02 3.895740000000000000e+05
1.112134280670179054e+00 1.662273625088749043e+02 3.936980000000000000e+05
1.118428377412835406e+00 1.651926854562663607e+02 3.994580000000000000e+05
1.124715645780198781e+00 1.643687455469691372e+02 4.022220000000000000e+05
1.130996124361501431e+00 1.637642210430803118e+02 4.069220000000000000e+05
1.137284456696317392e+00 1.627717696495283803e+02 4.128420000000000000e+05
1.143571288435853983e+00 1.617633753398943668e+02 4.153460000000000000e+05
1.149847667202570811e+00 1.610820398197888323e+02 4.211820000000000000e+05
1.156130444085272213e+00 1.601990577857457367e+02 4.250180000000000000e+05
1.162419353814765133e+00 1.588381990170790630e+02 4.311380000000000000e+05
1.168705445387328012e+00 1.587411868755919215e+02 4.343820000000000000e+05
1.174988745725767281e+00 1.575700584962946493e+02 4.395140000000000000e+05
1.181273977502684147e+00 1.570929883680069281e+02 4.447380000000000000e+05
1.187562659051211167e+00 1.561364727518419215e+02 4.489100000000000000e+05
1.193823213156303353e+00 1.555777560684924481e+02 4.506180000000000000e+05
1.200093696126397269e+00 1.544530718599885120e+02 4.595540000000000000e+05
1.206384684590767753e+00 1.539932087421888980e+02 4.631060000000000000e+05
1.212657716259795793e+00 1.529965292068246470e+02 4.670940000000000000e+05
1.218950061014193453e+00 1.524096693022189584e+02 4.749380000000000000e+05
1.225240784026401242e+00 1.517950357007740081e+02 4.771860000000000000e+05
1.231532244371714047e+00 1.508200794102401971e+02 4.846700000000000000e+05
1.237823116543606217e+00 1.503721496333474192e+02 4.870100000000000000e+05
1.244104630523539479e+00 1.500357612705622330e+02 4.933140000000000000e+05
1.250385916236761652e+00 1.491416542428538037e+02 4.963220000000000000e+05
1.256652750742101254e+00 1.476866059965283569e+02 5.017020000000000000e+05
1.262935091931613352e+00 1.472019158505912912e+02 5.085620000000000000e+05
1.269233477511062080e+00 1.466412210915961509e+02 5.142420000000000000e+05
1.275514616938773216e+00 1.462247962882133550e+02 5.161580000000000000e+05
1.281786872211649220e+00 1.454744240547506422e+02 5.226020000000000000e+05
1.288079462048372426e+00 1.443626181555723349e+02 5.306580000000000000e+05
1.294361149637119013e+00 1.440386684826969770e+02 5.300420000000000000e+05
1.300627926004322754e+00 1.434970341220765420e+02 5.388780000000000000e+05
1.306914643728855463e+00 1.432867723659318244e+02 5.441300000000000000e+05
1.313214369136572968e+00 1.427089208631260817e+02 5.511060000000000000e+05
1.319506178663429896e+00 1.414861855754688236e+02 5.539820000000000000e+05
1.325784332573166857e+00 1.406007871555732152e+02 5.582420000000000000e+05
1.332057263563118710e+00 1.401670183931710199e+02 5.645460000000000000e+05
1.338340549575027794e+00 1.394779087231720496e+02 5.704940000000000000e+05
1.344633835480066875e+00 1.389614026742740123e+02 5.767620000000000000e+05
1.350907484373135237e+00 1.380009020956737231e+02 5.782340000000000000e+05
1.357175487163077676e+00 1.376178573333866950e+02 5.856660000000000000e+05
1.363467141694861828e+00 1.372144736793756294e+02 5.944460000000000000e+05
1.369755686854475130e+00 1.367845010289124446e+02 5.952500000000000000e+05
1.376032186684321701e+00 1.362353689511003836e+02 6.034020000000000000e+05
1.382313839440675540e+00 1.351118397186365314e+02 6.073820000000000000e+05
1.388610058625191268e+00 1.346424671532657555e+02 6.170100000000000000e+05
1.394895499348251855e+00 1.340967491140634422e+02 6.167780000000000000e+05
1.401166240321837453e+00 1.333514099278735330e+02 6.247460000000000000e+05
1.407434432864556273e+00 1.329633438755120665e+02 6.280620000000000000e+05
1.413722933193898301e+00 1.320667725443222764e+02 6.394100000000000000e+05
1.420027475896342928e+00 1.320389739007155754e+02 6.429540000000000000e+05
1.426307149789788564e+00 1.312403252006819798e+02 6.459740000000000000e+05
1.432584485912613337e+00 1.306362423460412856e+02 6.534900000000000000e+05
1.438876982104692948e+00 1.300962371835972249e+02 6.607460000000000000e+05
1.445167658311597991e+00 1.294713278588483547e+02 6.646460000000000000e+05
1.451434581318592487e+00 1.289865122498236758e+02 6.672900000000000000e+05
1.457714146029685631e+00 1.288340087637269278e+02 6.790340000000000000e+05
1.464013702919821469e+00 1.280904578865385304e+02 6.827220000000000000e+05
1.470311375243267715e+00 1.274771619126378255e+02 6.912380000000000000e+05
1.476585168270965198e+00 1.272039544068629482e+02 6.886020000000000000e+05
1.482847620858654736e+00 1.268157872643459854e+02 7.008260000000000000e+05
1.489134257848029552e+00 1.258263602820496203e+02 7.056620000000000000e+05
1.495410090151012339e+00 1.252487636689451165e+02 7.100820000000000000e+05
1.501688804650891385e+00 1.248776161624145686e+02 7.191620000000000000e+05
1.507973225127458239e+00 1.244599740678213493e+02 7.222500000000000000e+05
1.514255586288884459e+00 1.240633541898853593e+02 7.315100000000000000e+05
1.520548655276809047e+00 1.235288467258861260e+02 7.364420000000000000e+05
1.526828765310179747e+00 1.229789808679636707e+02 7.408980000000000000e+05
1.533114430439595610e+00 1.227420688975810350e+02 7.501580000000000000e+05
1.539410813276927970e+00 1.218366176955781839e+02 7.548660000000000000e+05
1.545694858079805112e+00 1.217397533349880234e+02 7.608260000000000000e+05
1.551969964575633298e+00 1.207391475877071514e+02 7.640340000000000000e+05
1.558245721095042446e+00 1.205701234495288503e+02 7.738460000000000000e+05
1.564534844516594525e+00 1.202494385762680480e+02 7.797140000000000000e+05
1.570816980798636520e+00 1.195062878722208666e+02 7.843140000000000000e+05
1.577093092211928615e+00 1.188484641673999818e+02 7.913420000000000000e+05
1.583381338673179872e+00 1.180930464353887999e+02 7.994580000000000000e+05
1.589671280639133322e+00 1.182995479509496874e+02 8.049620000000000000e+05
1.595952830483094553e+00 1.177610274964116286e+02 8.095500000000000000e+05
1.602217313416965272e+00 1.173929178901657480e+02 8.134580000000000000e+05
