# Real space DM power spectrum.
# The power spectum is corrected for shot-noise and window function.
# Ngrid=512	Interlacing was set to True.
# redshift=1.609499	model=tabulated	Hz_file=/g100/home/userexternal/mbaldi00/SOURCE/DAKAR2/DST_m09_m01_Hz.dat	zDf_file=/g100_scratch/userexternal/mbaldi00/DAKAR2/DST_m09_m01_CoDECS2/linear_growth.txt	H0=67.66	Om=0.311049	Ob=0.04897468161869667	sigma8=0.6728650210648598	ns=0.9665	Tcmb=0.0	Neff=3.046	m_nu=[0]	Fid_model=w0waCDM	Fid_H0=67.6591	Fid_Om=0.311452	Fid_w0=-0.9001	Fid_wa=-0.1024	
# n_dm=1.073742e+00[h/Mpc]^3
# k[h/Mpc]		Pk_dm[Mpc^3/h^3]		Nmodes
8.018239401280879974e-03 3.978519198258717552e+03 1.800000000000000000e+01
1.401654949351664563e-02 4.738363032264093818e+03 6.200000000000000000e+01
1.969250245970122562e-02 3.517619378955996581e+03 9.800000000000000000e+01
2.551337480545044084e-02 5.359630582187290202e+03 2.100000000000000000e+02
3.202906010406358223e-02 4.160414748853955643e+03 3.500000000000000000e+02
3.846520933840009981e-02 3.590001177425384412e+03 4.500000000000000000e+02
4.443307405343879801e-02 2.875057672441995692e+03 6.020000000000000000e+02
5.042305588722229004e-02 2.562512575063179611e+03 7.620000000000000000e+02
5.690925724269420977e-02 2.408988117005069398e+03 1.142000000000000000e+03
6.341842361688614094e-02 2.094817477425384823e+03 1.250000000000000000e+03
6.949987936003544642e-02 1.982613430511804154e+03 1.458000000000000000e+03
7.558128466088295805e-02 1.982114983930345943e+03 1.814000000000000000e+03
8.196268225887480552e-02 1.615664292668727057e+03 2.178000000000000000e+03
8.830226267620121250e-02 1.465851103366137067e+03 2.498000000000000000e+03
9.435210882776298713e-02 1.300221995503187827e+03 2.622000000000000000e+03
1.005600000334900268e-01 1.230840172332514612e+03 3.338000000000000000e+03
1.070138172820522676e-01 1.050938841315766012e+03 3.722000000000000000e+03
1.134272720352065417e-01 9.755864232287418645e+02 4.170000000000000000e+03
1.196088736356262089e-01 9.507027985818783691e+02 4.358000000000000000e+03
1.257803526943431782e-01 9.050788085338469955e+02 5.034000000000000000e+03
1.321489366516601371e-01 8.412829756402952626e+02 5.714000000000000000e+03
1.384562346816501366e-01 7.812201317884737364e+02 5.982000000000000000e+03
1.446496334058954558e-01 7.455684502215069642e+02 6.602000000000000000e+03
1.508534077925902661e-01 6.745787756021026098e+02 7.130000000000000000e+03
1.571727997187746806e-01 6.265362527303384468e+02 8.034000000000000000e+03
1.635416756874734368e-01 5.691064998748383914e+02 8.606000000000000000e+03
1.698255044437522454e-01 5.289935064569309588e+02 9.066000000000000000e+03
1.761012440422073944e-01 5.196611287403815140e+02 9.962000000000000000e+03
1.823997330750334323e-01 4.900589617855740698e+02 1.055000000000000000e+04
1.886505794152418258e-01 4.863266054496140214e+02 1.122600000000000000e+04
1.949080233860110145e-01 4.551736914217619301e+02 1.214600000000000000e+04
2.011423980633682551e-01 4.230615776316355436e+02 1.260600000000000000e+04
2.073952711124279202e-01 3.997886093193129682e+02 1.380200000000000000e+04
2.137387912274538171e-01 3.821417084678136575e+02 1.475400000000000000e+04
2.200329442788883927e-01 3.696716786100626564e+02 1.519400000000000000e+04
2.262928915227388205e-01 3.426861260700910066e+02 1.645400000000000000e+04
2.325983565681614684e-01 3.246322194563977064e+02 1.715400000000000000e+04
2.388889575828848644e-01 3.157041203247604244e+02 1.826600000000000000e+04
2.451217204984029174e-01 3.006456640920511632e+02 1.875000000000000000e+04
2.513735730109318833e-01 2.893772422173188943e+02 2.023400000000000000e+04
2.577068704519516196e-01 2.750100294067365212e+02 2.145000000000000000e+04
2.640202590165574015e-01 2.736860847653353517e+02 2.196200000000000000e+04
2.702896249217050517e-01 2.607187285719193710e+02 2.346200000000000000e+04
2.765613443273721161e-01 2.471394494077487138e+02 2.404200000000000000e+04
2.828696817722480827e-01 2.401792146950985227e+02 2.594600000000000000e+04
2.891484548613966754e-01 2.239107020827089798e+02 2.611800000000000000e+04
2.953521325173381618e-01 2.198534880121655704e+02 2.750600000000000000e+04
3.016073414663040242e-01 2.147186464613716055e+02 2.906600000000000000e+04
3.079380380657114613e-01 2.071891371954994554e+02 3.045000000000000000e+04
3.142758188292146815e-01 1.974773000704604442e+02 3.174200000000000000e+04
3.205460861690284657e-01 1.932748634718961398e+02 3.225000000000000000e+04
3.268125857401938394e-01 1.843111153815889054e+02 3.425000000000000000e+04
3.331235790942642661e-01 1.823158709719519095e+02 3.545400000000000000e+04
3.394044287142444771e-01 1.766298977141258035e+02 3.643400000000000000e+04
3.456389225992096970e-01 1.682732445927323397e+02 3.768200000000000000e+04
3.518805674449744791e-01 1.637801728190833046e+02 3.929400000000000000e+04
3.582029755837912721e-01 1.592579064120112946e+02 4.142600000000000000e+04
3.645115539318926068e-01 1.549441706978610966e+02 4.206600000000000000e+04
3.707638220461956791e-01 1.498307261722228816e+02 4.349000000000000000e+04
3.770538406945189158e-01 1.452084415494928749e+02 4.570200000000000000e+04
3.833585849945114754e-01 1.425604323681301651e+02 4.663400000000000000e+04
3.896511111060295685e-01 1.377126305497409078e+02 4.855400000000000000e+04
3.958767350353735170e-01 1.349075765454990972e+02 4.887000000000000000e+04
4.021123550664917334e-01 1.308989912710608792e+02 5.155400000000000000e+04
4.084534706459355680e-01 1.281562629310232637e+02 5.409000000000000000e+04
4.147693430455148822e-01 1.258361314887935833e+02 5.431400000000000000e+04
4.210541279197388409e-01 1.212142405953019306e+02 5.691000000000000000e+04
4.273285528543883660e-01 1.187668525062794060e+02 5.748200000000000000e+04
4.336210871857300031e-01 1.162125513408663124e+02 6.062600000000000000e+04
4.399178901492071248e-01 1.122922012629167909e+02 6.120600000000000000e+04
4.461481615369914944e-01 1.096222733978953130e+02 6.257000000000000000e+04
4.524185591367541615e-01 1.080040950429107625e+02 6.573000000000000000e+04
4.587151924004577719e-01 1.043983793118374450e+02 6.668600000000000000e+04
4.650253487526455620e-01 1.028737148726570467e+02 6.969800000000000000e+04
4.713138026405762626e-01 9.965026854868158068e+01 7.002600000000000000e+04
4.775801322871031096e-01 9.824026074268032005e+01 7.274600000000000000e+04
4.838809178367569630e-01 9.514936758691169416e+01 7.491000000000000000e+04
4.901499165155780435e-01 9.467388463068813564e+01 7.572200000000000000e+04
4.963993143780123241e-01 9.182401055457894756e+01 7.837800000000000000e+04
5.026659111298577010e-01 9.042670566479473848e+01 8.003000000000000000e+04
5.089643413427887841e-01 8.820128988421173233e+01 8.318600000000000000e+04
5.152747315442799403e-01 8.623935396614467663e+01 8.466600000000000000e+04
5.215661708673858810e-01 8.463112976286979006e+01 8.654600000000000000e+04
5.278286396879566800e-01 8.367411346595909549e+01 8.813400000000000000e+04
5.341160320652750260e-01 8.171803069943463527e+01 9.153800000000000000e+04
5.404304286902661403e-01 7.987092248110828052e+01 9.313800000000000000e+04
5.466976878455739319e-01 7.821382232684307212e+01 9.447800000000000000e+04
5.529595373159058580e-01 7.699029574065890813e+01 9.727400000000000000e+04
5.592440147746206014e-01 7.597905961015732146e+01 9.969000000000000000e+04
5.655545845518847869e-01 7.386149348932838166e+01 1.025900000000000000e+05
5.718545124332512497e-01 7.301003330858776508e+01 1.037700000000000000e+05
5.781226402320145397e-01 7.135981672540521004e+01 1.063460000000000000e+05
5.844054810026423352e-01 7.048326202546189734e+01 1.085460000000000000e+05
5.906692678833675991e-01 6.911968170622189689e+01 1.107260000000000000e+05
5.969160111309492756e-01 6.788039730216735279e+01 1.123220000000000000e+05
6.031708558297608214e-01 6.682312129457082506e+01 1.158900000000000000e+05
6.094688112237535149e-01 6.557295053384990524e+01 1.187660000000000000e+05
6.158118423264375974e-01 6.443985683960225685e+01 1.222980000000000000e+05
6.221022681713845870e-01 6.357284648099923174e+01 1.220900000000000000e+05
6.283660508217905338e-01 6.265070190674530437e+01 1.258100000000000000e+05
6.346461619227155015e-01 6.150763522240456638e+01 1.281900000000000000e+05
6.409396473976692876e-01 6.048165053865688634e+01 1.309940000000000000e+05
6.472371834330832296e-01 5.984095124719394221e+01 1.337220000000000000e+05
6.534767429514126702e-01 5.877518893517643761e+01 1.338860000000000000e+05
6.597637022409679197e-01 5.749789585741002185e+01 1.405380000000000000e+05
6.660751593608625898e-01 5.698350664996025472e+01 1.405940000000000000e+05
6.723401943305717943e-01 5.578749227837280955e+01 1.435940000000000000e+05
6.786079373829640993e-01 5.542951742265059778e+01 1.463100000000000000e+05
6.849135514418230875e-01 5.460311154420297441e+01 1.506500000000000000e+05
6.912250943479077980e-01 5.366518597627516129e+01 1.519140000000000000e+05
6.974710436131158486e-01 5.290742369326285655e+01 1.533980000000000000e+05
7.037307548900212373e-01 5.245296536578967306e+01 1.578660000000000000e+05
7.100217936516199924e-01 5.157220043699926038e+01 1.606580000000000000e+05
7.163250787242370077e-01 5.054454609243306606e+01 1.641020000000000000e+05
7.226009447591926760e-01 5.019471837232804745e+01 1.649940000000000000e+05
7.288716701068771453e-01 4.938345517045369348e+01 1.698500000000000000e+05
7.351879459163250807e-01 4.871381055754550715e+01 1.729860000000000000e+05
7.414685146977839647e-01 4.827376788278960618e+01 1.738940000000000000e+05
7.477104477723024445e-01 4.760691182106724284e+01 1.767780000000000000e+05
7.539885226758882286e-01 4.713031041072022020e+01 1.818020000000000000e+05
7.602914782916944114e-01 4.641541060328400192e+01 1.844300000000000000e+05
7.665892437025125794e-01 4.601419178647871888e+01 1.872420000000000000e+05
7.728738187058056264e-01 4.548342118359740027e+01 1.902500000000000000e+05
7.791494140893913123e-01 4.472220081947497761e+01 1.925700000000000000e+05
7.854515901778583720e-01 4.400013908567888876e+01 1.982540000000000000e+05
7.917409748104085043e-01 4.361391304439560201e+01 1.980740000000000000e+05
7.979940385111662371e-01 4.305382961543649145e+01 2.020500000000000000e+05
8.042571846768763466e-01 4.251737865456963306e+01 2.055020000000000000e+05
8.105619462845171652e-01 4.199252370337907081e+01 2.106660000000000000e+05
8.168641867275381330e-01 4.179048172429332197e+01 2.124260000000000000e+05
8.231256696255031535e-01 4.097671695454990015e+01 2.139180000000000000e+05
8.294110748726144511e-01 4.048889697885655892e+01 2.209940000000000000e+05
8.357113707437004990e-01 4.030996271533314967e+01 2.215220000000000000e+05
8.419948002460609926e-01 3.938405340742716731e+01 2.263140000000000000e+05
8.482593350903800955e-01 3.932311441008275210e+01 2.272940000000000000e+05
8.545301115901441369e-01 3.868999764069860703e+01 2.329620000000000000e+05
8.608435414229801408e-01 3.845185279478465645e+01 2.378180000000000000e+05
8.671393362117422177e-01 3.783747582134422061e+01 2.383980000000000000e+05
8.733948081113820372e-01 3.752360622108326993e+01 2.414180000000000000e+05
8.796646205952306508e-01 3.731471701731054935e+01 2.468180000000000000e+05
8.859565087287600837e-01 3.683844285718687672e+01 2.499060000000000000e+05
8.922534924202312201e-01 3.651800644518019823e+01 2.547020000000000000e+05
8.985217857854136403e-01 3.588462991302296956e+01 2.544180000000000000e+05
9.047744920414614311e-01 3.552661162266975481e+01 2.603540000000000000e+05
9.110610772062064378e-01 3.536173259306134753e+01 2.649740000000000000e+05
9.173652030728716156e-01 3.473145903611978014e+01 2.687220000000000000e+05
9.236564978724189912e-01 3.449856452299022891e+01 2.715620000000000000e+05
9.299448038968107788e-01 3.424170508281269321e+01 2.755860000000000000e+05
9.362445064485998003e-01 3.383073174566718677e+01 2.801900000000000000e+05
9.425390102875164100e-01 3.357436981031702317e+01 2.828340000000000000e+05
9.488116425969939094e-01 3.307097430093244128e+01 2.851700000000000000e+05
9.550714374598537892e-01 3.286621852774889874e+01 2.898860000000000000e+05
9.613552636148307018e-01 3.254932087777760330e+01 2.944740000000000000e+05
9.676548604748713700e-01 3.230353375163711860e+01 2.994980000000000000e+05
9.739319897320198871e-01 3.202425120571376738e+01 2.999580000000000000e+05
9.801989291478477861e-01 3.166087707358727954e+01 3.058580000000000000e+05
9.864886628427461668e-01 3.145506519348815289e+01 3.107940000000000000e+05
9.927793936164199806e-01 3.107432131420598154e+01 3.130820000000000000e+05
9.990361166530091763e-01 3.071562122470487211e+01 3.160460000000000000e+05
1.005310172388236056e+00 3.059798677495530939e+01 3.222180000000000000e+05
1.011625805491854102e+00 3.020327302682352055e+01 3.285620000000000000e+05
1.017917766942204150e+00 3.001859663023833136e+01 3.279900000000000000e+05
1.024197689983066040e+00 2.979435312524314838e+01 3.352820000000000000e+05
1.030472573734562358e+00 2.944081481860415295e+01 3.359700000000000000e+05
1.036757776698311151e+00 2.931118903652889784e+01 3.440660000000000000e+05
1.043033361905228329e+00 2.892901642421495723e+01 3.437180000000000000e+05
1.049301684494551079e+00 2.869389293158939580e+01 3.514980000000000000e+05
1.055593059295673708e+00 2.845147595158508480e+01 3.544580000000000000e+05
1.061871457102441241e+00 2.825465155567016140e+01 3.585660000000000000e+05
1.068178001041605985e+00 2.805986615482443369e+01 3.661220000000000000e+05
1.074470180493512173e+00 2.785977936354914064e+01 3.658100000000000000e+05
1.080737053769623701e+00 2.759399885414816112e+01 3.716220000000000000e+05
1.087020489212936480e+00 2.715158742735268049e+01 3.759860000000000000e+05
1.093314462971749057e+00 2.711670578972499612e+01 3.821700000000000000e+05
1.099587869600829659e+00 2.691123592184094804e+01 3.818180000000000000e+05
1.105847463881620474e+00 2.665438129679277779e+01 3.895740000000000000e+05
1.112134280670179054e+00 2.640032757346756753e+01 3.936980000000000000e+05
1.118428377412835406e+00 2.621031935019263770e+01 3.994580000000000000e+05
1.124715645780198781e+00 2.595290553821773472e+01 4.022220000000000000e+05
1.130996124361501431e+00 2.588666957129946411e+01 4.069220000000000000e+05
1.137284456696317392e+00 2.568577791419138023e+01 4.128420000000000000e+05
1.143571288435853983e+00 2.539872514463545983e+01 4.153460000000000000e+05
1.149847667202570811e+00 2.529781352331843181e+01 4.211820000000000000e+05
1.156130444085272213e+00 2.495540692860556220e+01 4.250180000000000000e+05
1.162419353814765133e+00 2.482397387338956918e+01 4.311380000000000000e+05
1.168705445387328012e+00 2.465203032674783401e+01 4.343820000000000000e+05
1.174988745725767281e+00 2.451632414426036988e+01 4.395140000000000000e+05
1.181273977502684147e+00 2.431766896647163279e+01 4.447380000000000000e+05
1.187562659051211167e+00 2.411935350744996498e+01 4.489100000000000000e+05
1.193823213156303353e+00 2.395080153050238536e+01 4.506180000000000000e+05
1.200093696126397269e+00 2.372243084718043704e+01 4.595540000000000000e+05
1.206384684590767753e+00 2.356930579124460579e+01 4.631060000000000000e+05
1.212657716259795793e+00 2.339732219495980914e+01 4.670940000000000000e+05
1.218950061014193453e+00 2.318814354517278886e+01 4.749380000000000000e+05
1.225240784026401242e+00 2.312999523437305172e+01 4.771860000000000000e+05
1.231532244371714047e+00 2.297465881478349559e+01 4.846700000000000000e+05
1.237823116543606217e+00 2.282310751922243242e+01 4.870100000000000000e+05
1.244104630523539479e+00 2.258328070037773116e+01 4.933140000000000000e+05
1.250385916236761652e+00 2.247440394969736488e+01 4.963220000000000000e+05
1.256652750742101254e+00 2.237343802031936235e+01 5.017020000000000000e+05
1.262935091931613352e+00 2.218946899062140687e+01 5.085620000000000000e+05
1.269233477511062080e+00 2.196087409543481073e+01 5.142420000000000000e+05
1.275514616938773216e+00 2.189075128648906698e+01 5.161580000000000000e+05
1.281786872211649220e+00 2.175225115835913670e+01 5.226020000000000000e+05
1.288079462048372426e+00 2.162296097524149374e+01 5.306580000000000000e+05
1.294361149637119013e+00 2.146415174628739564e+01 5.300420000000000000e+05
1.300627926004322754e+00 2.132602695533378778e+01 5.388780000000000000e+05
1.306914643728855463e+00 2.108806433660059199e+01 5.441300000000000000e+05
1.313214369136572968e+00 2.107299601382304388e+01 5.511060000000000000e+05
1.319506178663429896e+00 2.093847463901240147e+01 5.539820000000000000e+05
1.325784332573166857e+00 2.072052196592428785e+01 5.582420000000000000e+05
1.332057263563118710e+00 2.064047848322568868e+01 5.645460000000000000e+05
1.338340549575027794e+00 2.045093560864324189e+01 5.704940000000000000e+05
1.344633835480066875e+00 2.029891277376045622e+01 5.767620000000000000e+05
1.350907484373135237e+00 2.025713918999884555e+01 5.782340000000000000e+05
1.357175487163077676e+00 2.010672129339119962e+01 5.856660000000000000e+05
1.363467141694861828e+00 1.998425596405750326e+01 5.944460000000000000e+05
1.369755686854475130e+00 1.986059006713168529e+01 5.952500000000000000e+05
1.376032186684321701e+00 1.976158198983740633e+01 6.034020000000000000e+05
1.382313839440675540e+00 1.959682116359210724e+01 6.073820000000000000e+05
1.388610058625191268e+00 1.950694260747233244e+01 6.170100000000000000e+05
1.394895499348251855e+00 1.937685962384166416e+01 6.167780000000000000e+05
1.401166240321837453e+00 1.924581661475108163e+01 6.247460000000000000e+05
1.407434432864556273e+00 1.912203362270262019e+01 6.280620000000000000e+05
1.413722933193898301e+00 1.910037696089381853e+01 6.394100000000000000e+05
1.420027475896342928e+00 1.889733235248661458e+01 6.429540000000000000e+05
1.426307149789788564e+00 1.880295775245651058e+01 6.459740000000000000e+05
1.432584485912613337e+00 1.871140493460424992e+01 6.534900000000000000e+05
1.438876982104692948e+00 1.853787587683182636e+01 6.607460000000000000e+05
1.445167658311597991e+00 1.854559596547954925e+01 6.646460000000000000e+05
1.451434581318592487e+00 1.839477702226144018e+01 6.672900000000000000e+05
1.457714146029685631e+00 1.827047438989587036e+01 6.790340000000000000e+05
1.464013702919821469e+00 1.818762188594093843e+01 6.827220000000000000e+05
1.470311375243267715e+00 1.807141888346408365e+01 6.912380000000000000e+05
1.476585168270965198e+00 1.797812729628236994e+01 6.886020000000000000e+05
1.482847620858654736e+00 1.792984695961983732e+01 7.008260000000000000e+05
1.489134257848029552e+00 1.775933810996155771e+01 7.056620000000000000e+05
1.495410090151012339e+00 1.764614735139306489e+01 7.100820000000000000e+05
1.501688804650891385e+00 1.758635077297519089e+01 7.191620000000000000e+05
1.507973225127458239e+00 1.749383353476492786e+01 7.222500000000000000e+05
1.514255586288884459e+00 1.734097718888741468e+01 7.315100000000000000e+05
1.520548655276809047e+00 1.726771686094088665e+01 7.364420000000000000e+05
1.526828765310179747e+00 1.716692171812117351e+01 7.408980000000000000e+05
1.533114430439595610e+00 1.713826943133526726e+01 7.501580000000000000e+05
1.539410813276927970e+00 1.700515091869326767e+01 7.548660000000000000e+05
1.545694858079805112e+00 1.689402513957935525e+01 7.608260000000000000e+05
1.551969964575633298e+00 1.686096284723747729e+01 7.640340000000000000e+05
1.558245721095042446e+00 1.675819316882701315e+01 7.738460000000000000e+05
1.564534844516594525e+00 1.661381320593995525e+01 7.797140000000000000e+05
1.570816980798636520e+00 1.652257471652047016e+01 7.843140000000000000e+05
1.577093092211928615e+00 1.641986186902583000e+01 7.913420000000000000e+05
1.583381338673179872e+00 1.641574506370948683e+01 7.994580000000000000e+05
1.589671280639133322e+00 1.626767563896478919e+01 8.049620000000000000e+05
1.595952830483094553e+00 1.620937040296465881e+01 8.095500000000000000e+05
1.602217313416965272e+00 1.615399836389640598e+01 8.134580000000000000e+05
