# Real space DM power spectrum.
# The power spectum is corrected for shot-noise and window function.
# Ngrid=512	Interlacing was set to True.
# redshift=3.017980	model=tabulated	Hz_file=/g100/home/userexternal/mbaldi00/SOURCE/DAKAR2/DST_m09_m01_Hz.dat	zDf_file=/g100_scratch/userexternal/mbaldi00/DAKAR2/DST_m09_m01_CoDECS2/linear_growth.txt	H0=67.66	Om=0.311049	Ob=0.04897468161869667	sigma8=0.6728650210648598	ns=0.9665	Tcmb=0.0	Neff=3.046	m_nu=[0]	Fid_model=w0waCDM	Fid_H0=67.6591	Fid_Om=0.311452	Fid_w0=-0.9001	Fid_wa=-0.1024	
# n_dm=1.073742e+00[h/Mpc]^3
# k[h/Mpc]		Pk_dm[Mpc^3/h^3]		Nmodes
8.018239401280879974e-03 1.760341138362884521e+03 1.800000000000000000e+01
1.401654949351664563e-02 2.096017518151190870e+03 6.200000000000000000e+01
1.969250245970122562e-02 1.560465998853955853e+03 9.800000000000000000e+01
2.551337480545044084e-02 2.383545760758718188e+03 2.100000000000000000e+02
3.202906010406358223e-02 1.849577248853956007e+03 3.500000000000000000e+02
3.846520933840009981e-02 1.597942149647606811e+03 4.500000000000000000e+02
4.443307405343879801e-02 1.281787635066580606e+03 6.020000000000000000e+02
5.042305588722229004e-02 1.139919399210161373e+03 7.620000000000000000e+02
5.690925724269420977e-02 1.068170800892985199e+03 1.142000000000000000e+03
6.341842361688614094e-02 9.323310774253845921e+02 1.250000000000000000e+03
6.949987936003544642e-02 8.786751589068659314e+02 1.458000000000000000e+03
7.558128466088295805e-02 8.778939254959468599e+02 1.814000000000000000e+03
8.196268225887480552e-02 7.172248413372302593e+02 2.178000000000000000e+03
8.830226267620121250e-02 6.528208291467615254e+02 2.498000000000000000e+03
9.435210882776298713e-02 5.776617838327072150e+02 2.622000000000000000e+03
1.005600000334900268e-01 5.444006501635510631e+02 3.338000000000000000e+03
1.070138172820522676e-01 4.662468074629987314e+02 3.722000000000000000e+03
1.134272720352065417e-01 4.283105239481662920e+02 4.170000000000000000e+03
1.196088736356262089e-01 4.186185569572799068e+02 4.358000000000000000e+03
1.257803526943431782e-01 3.995868041635649206e+02 5.034000000000000000e+03
1.321489366516601371e-01 3.689237701800222453e+02 5.714000000000000000e+03
1.384562346816501366e-01 3.447766973183968844e+02 5.982000000000000000e+03
1.446496334058954558e-01 3.272918673678262280e+02 6.602000000000000000e+03
1.508534077925902661e-01 2.950732005670395210e+02 7.130000000000000000e+03
1.571727997187746806e-01 2.739106926108462972e+02 8.034000000000000000e+03
1.635416756874734368e-01 2.479267706161816420e+02 8.606000000000000000e+03
1.698255044437522454e-01 2.294067261789693362e+02 9.066000000000000000e+03
1.761012440422073944e-01 2.252788761806545494e+02 9.962000000000000000e+03
1.823997330750334323e-01 2.120827532547683916e+02 1.055000000000000000e+04
1.886505794152418258e-01 2.102133861373032744e+02 1.122600000000000000e+04
1.949080233860110145e-01 1.971863704930611334e+02 1.214600000000000000e+04
2.011423980633682551e-01 1.822595587517370745e+02 1.260600000000000000e+04
2.073952711124279202e-01 1.730538245055178379e+02 1.380200000000000000e+04
2.137387912274538171e-01 1.640807080611442927e+02 1.475400000000000000e+04
2.200329442788883927e-01 1.571882805582000913e+02 1.519400000000000000e+04
2.262928915227388205e-01 1.455281401700058836e+02 1.645400000000000000e+04
2.325983565681614684e-01 1.370540598434794219e+02 1.715400000000000000e+04
2.388889575828848644e-01 1.330456838854743182e+02 1.826600000000000000e+04
2.451217204984029174e-01 1.267320507587178611e+02 1.875000000000000000e+04
2.513735730109318833e-01 1.213195670171607361e+02 2.023400000000000000e+04
2.577068704519516196e-01 1.154426051643122548e+02 2.145000000000000000e+04
2.640202590165574015e-01 1.150616311636597260e+02 2.196200000000000000e+04
2.702896249217050517e-01 1.094630172088642013e+02 2.346200000000000000e+04
2.765613443273721161e-01 1.029259168397427260e+02 2.404200000000000000e+04
2.828696817722480827e-01 9.926651138823042686e+01 2.594600000000000000e+04
2.891484548613966754e-01 9.250951324742297288e+01 2.611800000000000000e+04
2.953521325173381618e-01 9.029222865057174374e+01 2.750600000000000000e+04
3.016073414663040242e-01 8.774480245118786570e+01 2.906600000000000000e+04
3.079380380657114613e-01 8.488288103786399574e+01 3.045000000000000000e+04
3.142758188292146815e-01 8.103290463223979145e+01 3.174200000000000000e+04
3.205460861690284657e-01 7.883181696026824170e+01 3.225000000000000000e+04
3.268125857401938394e-01 7.486502779034802302e+01 3.425000000000000000e+04
3.331235790942642661e-01 7.423016837139907409e+01 3.545400000000000000e+04
3.394044287142444771e-01 7.145567857815390767e+01 3.643400000000000000e+04
3.456389225992096970e-01 6.765158836429434075e+01 3.768200000000000000e+04
3.518805674449744791e-01 6.559819847185471531e+01 3.929400000000000000e+04
3.582029755837912721e-01 6.328979459817456643e+01 4.142600000000000000e+04
3.645115539318926068e-01 6.164436800685174234e+01 4.206600000000000000e+04
3.707638220461956791e-01 5.956451554909111934e+01 4.349000000000000000e+04
3.770538406945189158e-01 5.750996555281877676e+01 4.570200000000000000e+04
3.833585849945114754e-01 5.612634457810571575e+01 4.663400000000000000e+04
3.896511111060295685e-01 5.391802042493142011e+01 4.855400000000000000e+04
3.958767350353735170e-01 5.274830705501414485e+01 4.887000000000000000e+04
4.021123550664917334e-01 5.106213089165289887e+01 5.155400000000000000e+04
4.084534706459355680e-01 5.000516753446198237e+01 5.409000000000000000e+04
4.147693430455148822e-01 4.856598014659819995e+01 5.431400000000000000e+04
4.210541279197388409e-01 4.665818717762490309e+01 5.691000000000000000e+04
4.273285528543883660e-01 4.579699672533929089e+01 5.748200000000000000e+04
4.336210871857300031e-01 4.444138055605452564e+01 6.062600000000000000e+04
4.399178901492071248e-01 4.282334608531982667e+01 6.120600000000000000e+04
4.461481615369914944e-01 4.178884683564503177e+01 6.257000000000000000e+04
4.524185591367541615e-01 4.101855191192035477e+01 6.573000000000000000e+04
4.587151924004577719e-01 3.933877159807444457e+01 6.668600000000000000e+04
4.650253487526455620e-01 3.886233721476154557e+01 6.969800000000000000e+04
4.713138026405762626e-01 3.742371341201805990e+01 7.002600000000000000e+04
4.775801322871031096e-01 3.655883839643447430e+01 7.274600000000000000e+04
4.838809178367569630e-01 3.547585937705986936e+01 7.491000000000000000e+04
4.901499165155780435e-01 3.510219476512726544e+01 7.572200000000000000e+04
4.963993143780123241e-01 3.399880769153063653e+01 7.837800000000000000e+04
5.026659111298577010e-01 3.333072290832841844e+01 8.003000000000000000e+04
5.089643413427887841e-01 3.227693061702734667e+01 8.318600000000000000e+04
5.152747315442799403e-01 3.150488263172472614e+01 8.466600000000000000e+04
5.215661708673858810e-01 3.078894757074074917e+01 8.654600000000000000e+04
5.278286396879566800e-01 3.042072374122176726e+01 8.813400000000000000e+04
5.341160320652750260e-01 2.950269936162957762e+01 9.153800000000000000e+04
5.404304286902661403e-01 2.887058695747668224e+01 9.313800000000000000e+04
5.466976878455739319e-01 2.804033484827662548e+01 9.447800000000000000e+04
5.529595373159058580e-01 2.752686255193426845e+01 9.727400000000000000e+04
5.592440147746206014e-01 2.706052465178636979e+01 9.969000000000000000e+04
5.655545845518847869e-01 2.626714462491664293e+01 1.025900000000000000e+05
5.718545124332512497e-01 2.593614152868990885e+01 1.037700000000000000e+05
5.781226402320145397e-01 2.515673903560023206e+01 1.063460000000000000e+05
5.844054810026423352e-01 2.473584618333045881e+01 1.085460000000000000e+05
5.906692678833675991e-01 2.412407543488545159e+01 1.107260000000000000e+05
5.969160111309492756e-01 2.367534174760100996e+01 1.123220000000000000e+05
6.031708558297608214e-01 2.324755610344130119e+01 1.158900000000000000e+05
6.094688112237535149e-01 2.267822266560478539e+01 1.187660000000000000e+05
6.158118423264375974e-01 2.229183929229976258e+01 1.222980000000000000e+05
6.221022681713845870e-01 2.190784115705787727e+01 1.220900000000000000e+05
6.283660508217905338e-01 2.155936576494417523e+01 1.258100000000000000e+05
6.346461619227155015e-01 2.117343013620439862e+01 1.281900000000000000e+05
6.409396473976692876e-01 2.064623441272745197e+01 1.309940000000000000e+05
6.472371834330832296e-01 2.029011630604738770e+01 1.337220000000000000e+05
6.534767429514126702e-01 1.985388088205661461e+01 1.338860000000000000e+05
6.597637022409679197e-01 1.946960635563825903e+01 1.405380000000000000e+05
6.660751593608625898e-01 1.911351931052897868e+01 1.405940000000000000e+05
6.723401943305717943e-01 1.874411651058306916e+01 1.435940000000000000e+05
6.786079373829640993e-01 1.845992375167800503e+01 1.463100000000000000e+05
6.849135514418230875e-01 1.808622637991489057e+01 1.506500000000000000e+05
6.912250943479077980e-01 1.770218552865347661e+01 1.519140000000000000e+05
6.974710436131158486e-01 1.737350050000087975e+01 1.533980000000000000e+05
7.037307548900212373e-01 1.724785311869403870e+01 1.578660000000000000e+05
7.100217936516199924e-01 1.695371582994576443e+01 1.606580000000000000e+05
7.163250787242370077e-01 1.652845853713209223e+01 1.641020000000000000e+05
7.226009447591926760e-01 1.628610199839929962e+01 1.649940000000000000e+05
7.288716701068771453e-01 1.598109131999741450e+01 1.698500000000000000e+05
7.351879459163250807e-01 1.574006123679122382e+01 1.729860000000000000e+05
7.414685146977839647e-01 1.552826918818254853e+01 1.738940000000000000e+05
7.477104477723024445e-01 1.527098342499985861e+01 1.767780000000000000e+05
7.539885226758882286e-01 1.500965992282679551e+01 1.818020000000000000e+05
7.602914782916944114e-01 1.471385039073723178e+01 1.844300000000000000e+05
7.665892437025125794e-01 1.453720345052845353e+01 1.872420000000000000e+05
7.728738187058056264e-01 1.426761435048307725e+01 1.902500000000000000e+05
7.791494140893913123e-01 1.406491645534765134e+01 1.925700000000000000e+05
7.854515901778583720e-01 1.374786674817246102e+01 1.982540000000000000e+05
7.917409748104085043e-01 1.370687325118699995e+01 1.980740000000000000e+05
7.979940385111662371e-01 1.344300679930186959e+01 2.020500000000000000e+05
8.042571846768763466e-01 1.322846419145005825e+01 2.055020000000000000e+05
8.105619462845171652e-01 1.295183607462075237e+01 2.106660000000000000e+05
8.168641867275381330e-01 1.283398040147972630e+01 2.124260000000000000e+05
8.231256696255031535e-01 1.253851282960483005e+01 2.139180000000000000e+05
8.294110748726144511e-01 1.240577933765363206e+01 2.209940000000000000e+05
8.357113707437004990e-01 1.228478914340801431e+01 2.215220000000000000e+05
8.419948002460609926e-01 1.196857756412980400e+01 2.263140000000000000e+05
8.482593350903800955e-01 1.184198314396926044e+01 2.272940000000000000e+05
8.545301115901441369e-01 1.163629574940303080e+01 2.329620000000000000e+05
8.608435414229801408e-01 1.152563190317846598e+01 2.378180000000000000e+05
8.671393362117422177e-01 1.133376039587924033e+01 2.383980000000000000e+05
8.733948081113820372e-01 1.123082357852969082e+01 2.414180000000000000e+05
8.796646205952306508e-01 1.107706113321782304e+01 2.468180000000000000e+05
8.859565087287600837e-01 1.093446596187424191e+01 2.499060000000000000e+05
8.922534924202312201e-01 1.074744614333726567e+01 2.547020000000000000e+05
8.985217857854136403e-01 1.060588587761667334e+01 2.544180000000000000e+05
9.047744920414614311e-01 1.041941718740085321e+01 2.603540000000000000e+05
9.110610772062064378e-01 1.036830587949700089e+01 2.649740000000000000e+05
9.173652030728716156e-01 1.010734098847202489e+01 2.687220000000000000e+05
9.236564978724189912e-01 1.001653831902943459e+01 2.715620000000000000e+05
9.299448038968107788e-01 9.902593154049982971e+00 2.755860000000000000e+05
9.362445064485998003e-01 9.740602726073339213e+00 2.801900000000000000e+05
9.425390102875164100e-01 9.602184712344362438e+00 2.828340000000000000e+05
9.488116425969939094e-01 9.484120845099077712e+00 2.851700000000000000e+05
9.550714374598537892e-01 9.397661060330673166e+00 2.898860000000000000e+05
9.613552636148307018e-01 9.271060318271500122e+00 2.944740000000000000e+05
9.676548604748713700e-01 9.142235512583768653e+00 2.994980000000000000e+05
9.739319897320198871e-01 9.067133875954267452e+00 2.999580000000000000e+05
9.801989291478477861e-01 8.929037461741261339e+00 3.058580000000000000e+05
9.864886628427461668e-01 8.792090683040717281e+00 3.107940000000000000e+05
9.927793936164199806e-01 8.705979314346517839e+00 3.130820000000000000e+05
9.990361166530091763e-01 8.573865752400209317e+00 3.160460000000000000e+05
1.005310172388236056e+00 8.450707603710995386e+00 3.222180000000000000e+05
1.011625805491854102e+00 8.361891491527289944e+00 3.285620000000000000e+05
1.017917766942204150e+00 8.270355067995577514e+00 3.279900000000000000e+05
1.024197689983066040e+00 8.180205929748012750e+00 3.352820000000000000e+05
1.030472573734562358e+00 8.050873752437532005e+00 3.359700000000000000e+05
1.036757776698311151e+00 7.995405146228778293e+00 3.440660000000000000e+05
1.043033361905228329e+00 7.864721711688991590e+00 3.437180000000000000e+05
1.049301684494551079e+00 7.737954348724057851e+00 3.514980000000000000e+05
1.055593059295673708e+00 7.696153036035148887e+00 3.544580000000000000e+05
1.061871457102441241e+00 7.575961997820279237e+00 3.585660000000000000e+05
1.068178001041605985e+00 7.516961740448898865e+00 3.661220000000000000e+05
1.074470180493512173e+00 7.430732864000196614e+00 3.658100000000000000e+05
1.080737053769623701e+00 7.319259333882943253e+00 3.716220000000000000e+05
1.087020489212936480e+00 7.235736172252755338e+00 3.759860000000000000e+05
1.093314462971749057e+00 7.148675855402576218e+00 3.821700000000000000e+05
1.099587869600829659e+00 7.122300486633598382e+00 3.818180000000000000e+05
1.105847463881620474e+00 6.990751280415914870e+00 3.895740000000000000e+05
1.112134280670179054e+00 6.919599324911569482e+00 3.936980000000000000e+05
1.118428377412835406e+00 6.822679097650441449e+00 3.994580000000000000e+05
1.124715645780198781e+00 6.750642857409622444e+00 4.022220000000000000e+05
1.130996124361501431e+00 6.675001241742448244e+00 4.069220000000000000e+05
1.137284456696317392e+00 6.607198215420419629e+00 4.128420000000000000e+05
1.143571288435853983e+00 6.541345393777139527e+00 4.153460000000000000e+05
1.149847667202570811e+00 6.478306160705593619e+00 4.211820000000000000e+05
1.156130444085272213e+00 6.385341660781610251e+00 4.250180000000000000e+05
1.162419353814765133e+00 6.334863658098872641e+00 4.311380000000000000e+05
1.168705445387328012e+00 6.258212212737587876e+00 4.343820000000000000e+05
1.174988745725767281e+00 6.194361135118454875e+00 4.395140000000000000e+05
1.181273977502684147e+00 6.108665013582516679e+00 4.447380000000000000e+05
1.187562659051211167e+00 6.062981963042402889e+00 4.489100000000000000e+05
1.193823213156303353e+00 6.002445605972070553e+00 4.506180000000000000e+05
1.200093696126397269e+00 5.924502312122532643e+00 4.595540000000000000e+05
1.206384684590767753e+00 5.866294493615121119e+00 4.631060000000000000e+05
1.212657716259795793e+00 5.795773577336804649e+00 4.670940000000000000e+05
1.218950061014193453e+00 5.718635946286196869e+00 4.749380000000000000e+05
1.225240784026401242e+00 5.694162037254945297e+00 4.771860000000000000e+05
1.231532244371714047e+00 5.631136418101215568e+00 4.846700000000000000e+05
1.237823116543606217e+00 5.593515211056273806e+00 4.870100000000000000e+05
1.244104630523539479e+00 5.510778196901243042e+00 4.933140000000000000e+05
1.250385916236761652e+00 5.473450435648019585e+00 4.963220000000000000e+05
1.256652750742101254e+00 5.419420994276014980e+00 5.017020000000000000e+05
1.262935091931613352e+00 5.335642908452466138e+00 5.085620000000000000e+05
1.269233477511062080e+00 5.290178683547021699e+00 5.142420000000000000e+05
1.275514616938773216e+00 5.215517637102638382e+00 5.161580000000000000e+05
1.281786872211649220e+00 5.206933689233492757e+00 5.226020000000000000e+05
1.288079462048372426e+00 5.143478898272897837e+00 5.306580000000000000e+05
1.294361149637119013e+00 5.085495903920184801e+00 5.300420000000000000e+05
1.300627926004322754e+00 5.033984507878146886e+00 5.388780000000000000e+05
1.306914643728855463e+00 4.988167712632054496e+00 5.441300000000000000e+05
1.313214369136572968e+00 4.930388693271280154e+00 5.511060000000000000e+05
1.319506178663429896e+00 4.894099551013152194e+00 5.539820000000000000e+05
1.325784332573166857e+00 4.835955326366533136e+00 5.582420000000000000e+05
1.332057263563118710e+00 4.775966556828194598e+00 5.645460000000000000e+05
1.338340549575027794e+00 4.733574865147253341e+00 5.704940000000000000e+05
1.344633835480066875e+00 4.689619425724349533e+00 5.767620000000000000e+05
1.350907484373135237e+00 4.632688708014044643e+00 5.782340000000000000e+05
1.357175487163077676e+00 4.583596765076427992e+00 5.856660000000000000e+05
1.363467141694861828e+00 4.557092689344578673e+00 5.944460000000000000e+05
1.369755686854475130e+00 4.514019298547058412e+00 5.952500000000000000e+05
1.376032186684321701e+00 4.466837358563397586e+00 6.034020000000000000e+05
1.382313839440675540e+00 4.439779137321984592e+00 6.073820000000000000e+05
1.388610058625191268e+00 4.401229166847382857e+00 6.170100000000000000e+05
1.394895499348251855e+00 4.363606881363820023e+00 6.167780000000000000e+05
1.401166240321837453e+00 4.306479268053382548e+00 6.247460000000000000e+05
1.407434432864556273e+00 4.277056534453371306e+00 6.280620000000000000e+05
1.413722933193898301e+00 4.235539063457119724e+00 6.394100000000000000e+05
1.420027475896342928e+00 4.196354910865598420e+00 6.429540000000000000e+05
1.426307149789788564e+00 4.165325278084475613e+00 6.459740000000000000e+05
1.432584485912613337e+00 4.104707050933496859e+00 6.534900000000000000e+05
1.438876982104692948e+00 4.060384147786170850e+00 6.607460000000000000e+05
1.445167658311597991e+00 4.044669532461070638e+00 6.646460000000000000e+05
1.451434581318592487e+00 3.999773725344058839e+00 6.672900000000000000e+05
1.457714146029685631e+00 3.970052393353724618e+00 6.790340000000000000e+05
1.464013702919821469e+00 3.927613053649027464e+00 6.827220000000000000e+05
1.470311375243267715e+00 3.899951530685445533e+00 6.912380000000000000e+05
1.476585168270965198e+00 3.873319293982056877e+00 6.886020000000000000e+05
1.482847620858654736e+00 3.835353461947092590e+00 7.008260000000000000e+05
1.489134257848029552e+00 3.791851905518069721e+00 7.056620000000000000e+05
1.495410090151012339e+00 3.761267858602093561e+00 7.100820000000000000e+05
1.501688804650891385e+00 3.734759267862294507e+00 7.191620000000000000e+05
1.507973225127458239e+00 3.693144022823081407e+00 7.222500000000000000e+05
1.514255586288884459e+00 3.658657056558395126e+00 7.315100000000000000e+05
1.520548655276809047e+00 3.632176315996409777e+00 7.364420000000000000e+05
1.526828765310179747e+00 3.591516601627405159e+00 7.408980000000000000e+05
1.533114430439595610e+00 3.563663814918459849e+00 7.501580000000000000e+05
1.539410813276927970e+00 3.535387410997862467e+00 7.548660000000000000e+05
1.545694858079805112e+00 3.510995051228012365e+00 7.608260000000000000e+05
1.551969964575633298e+00 3.468214291544928329e+00 7.640340000000000000e+05
1.558245721095042446e+00 3.439874343117507394e+00 7.738460000000000000e+05
1.564534844516594525e+00 3.411632662817734030e+00 7.797140000000000000e+05
1.570816980798636520e+00 3.378984266777126599e+00 7.843140000000000000e+05
1.577093092211928615e+00 3.343758553392386368e+00 7.913420000000000000e+05
1.583381338673179872e+00 3.323567926198823130e+00 7.994580000000000000e+05
1.589671280639133322e+00 3.285741088017043232e+00 8.049620000000000000e+05
1.595952830483094553e+00 3.291984509567091877e+00 8.095500000000000000e+05
1.602217313416965272e+00 3.233015350636962104e+00 8.134580000000000000e+05
