# Real space DM power spectrum.
# The power spectum is corrected for shot-noise and window function.
# Ngrid=512	Interlacing was set to True.
# redshift=0.264800	model=tabulated	Hz_file=/g100/home/userexternal/mbaldi00/SOURCE/DAKAR2/DST_m09_m01_Hz.dat	zDf_file=/g100_scratch/userexternal/mbaldi00/DAKAR2/DST_m09_m01_CoDECS2/linear_growth.txt	H0=67.66	Om=0.311049	Ob=0.04897468161869667	sigma8=0.6728650210648598	ns=0.9665	Tcmb=0.0	Neff=3.046	m_nu=[0]	Fid_model=w0waCDM	Fid_H0=67.6591	Fid_Om=0.311452	Fid_w0=-0.9001	Fid_wa=-0.1024	
# n_dm=1.073742e+00[h/Mpc]^3
# k[h/Mpc]		Pk_dm[Mpc^3/h^3]		Nmodes
8.018239401280879974e-03 1.229404610798093927e+04 1.800000000000000000e+01
1.401654949351664563e-02 1.465983581452215913e+04 6.200000000000000000e+01
1.969250245970122562e-02 1.081792964681313788e+04 9.800000000000000000e+01
2.551337480545044084e-02 1.640169486790157680e+04 2.100000000000000000e+02
3.202906010406358223e-02 1.275213153456824148e+04 3.500000000000000000e+02
3.846520933840009981e-02 1.098544312186982825e+04 4.500000000000000000e+02
4.443307405343879801e-02 8.763593594368905542e+03 6.020000000000000000e+02
5.042305588722229004e-02 7.842415134118297829e+03 7.620000000000000000e+02
5.690925724269420977e-02 7.418096698441146145e+03 1.142000000000000000e+03
6.341842361688614094e-02 6.388013477425384735e+03 1.250000000000000000e+03
6.949987936003544642e-02 6.091444534764204036e+03 1.458000000000000000e+03
7.558128466088295805e-02 6.094713109619430725e+03 1.814000000000000000e+03
8.196268225887480552e-02 4.954461698545678701e+03 2.178000000000000000e+03
8.830226267620121250e-02 4.474305266696801482e+03 2.498000000000000000e+03
9.435210882776298713e-02 3.986903536311730932e+03 2.622000000000000000e+03
1.005600000334900268e-01 3.812732248425983926e+03 3.338000000000000000e+03
1.070138172820522676e-01 3.262414727935863084e+03 3.722000000000000000e+03
1.134272720352065417e-01 3.086457406442171305e+03 4.170000000000000000e+03
1.196088736356262089e-01 2.987076708632360351e+03 4.358000000000000000e+03
1.257803526943431782e-01 2.822597680206472887e+03 5.034000000000000000e+03
1.321489366516601371e-01 2.654535425762801424e+03 5.714000000000000000e+03
1.384562346816501366e-01 2.442214448070653361e+03 5.982000000000000000e+03
1.446496334058954558e-01 2.365060801024294051e+03 6.602000000000000000e+03
1.508534077925902661e-01 2.158995185139269779e+03 7.130000000000000000e+03
1.571727997187746806e-01 2.017684933337757002e+03 8.034000000000000000e+03
1.635416756874734368e-01 1.862138977216228113e+03 8.606000000000000000e+03
1.698255044437522454e-01 1.741703246143672459e+03 9.066000000000000000e+03
1.761012440422073944e-01 1.708667954678948036e+03 9.962000000000000000e+03
1.823997330750334323e-01 1.614247634771355933e+03 1.055000000000000000e+04
1.886505794152418258e-01 1.601176641081183561e+03 1.122600000000000000e+04
1.949080233860110145e-01 1.496552458093917494e+03 1.214600000000000000e+04
2.011423980633682551e-01 1.426026633954021690e+03 1.260600000000000000e+04
2.073952711124279202e-01 1.326729016506677226e+03 1.380200000000000000e+04
2.137387912274538171e-01 1.283039803899560866e+03 1.475400000000000000e+04
2.200329442788883927e-01 1.270449354008246019e+03 1.519400000000000000e+04
2.262928915227388205e-01 1.183932175662895133e+03 1.645400000000000000e+04
2.325983565681614684e-01 1.141533292092517513e+03 1.715400000000000000e+04
2.388889575828848644e-01 1.116966848891496511e+03 1.826600000000000000e+04
2.451217204984029174e-01 1.066671130758717936e+03 1.875000000000000000e+04
2.513735730109318833e-01 1.035389721213068469e+03 2.023400000000000000e+04
2.577068704519516196e-01 9.855639688006758661e+02 2.145000000000000000e+04
2.640202590165574015e-01 9.682332343874098797e+02 2.196200000000000000e+04
2.702896249217050517e-01 9.309671515537623918e+02 2.346200000000000000e+04
2.765613443273721161e-01 9.060640189111178415e+02 2.404200000000000000e+04
2.828696817722480827e-01 8.822429624789573381e+02 2.594600000000000000e+04
2.891484548613966754e-01 8.377047904508842748e+02 2.611800000000000000e+04
2.953521325173381618e-01 8.208288752004153821e+02 2.750600000000000000e+04
3.016073414663040242e-01 8.161160867696355581e+02 2.906600000000000000e+04
3.079380380657114613e-01 7.772447036979625636e+02 3.045000000000000000e+04
3.142758188292146815e-01 7.510644558892494160e+02 3.174200000000000000e+04
3.205460861690284657e-01 7.389656696734465413e+02 3.225000000000000000e+04
3.268125857401938394e-01 7.167035387392531902e+02 3.425000000000000000e+04
3.331235790942642661e-01 6.998782898809607786e+02 3.545400000000000000e+04
3.394044287142444771e-01 6.915199043013794835e+02 3.643400000000000000e+04
3.456389225992096970e-01 6.698752694321782428e+02 3.768200000000000000e+04
3.518805674449744791e-01 6.482180641001949652e+02 3.929400000000000000e+04
3.582029755837912721e-01 6.340877958534249501e+02 4.142600000000000000e+04
3.645115539318926068e-01 6.237719532300724268e+02 4.206600000000000000e+04
3.707638220461956791e-01 6.064794845074724208e+02 4.349000000000000000e+04
3.770538406945189158e-01 5.963386437288286288e+02 4.570200000000000000e+04
3.833585849945114754e-01 5.858832333288027030e+02 4.663400000000000000e+04
3.896511111060295685e-01 5.775149846297343856e+02 4.855400000000000000e+04
3.958767350353735170e-01 5.632119145851962685e+02 4.887000000000000000e+04
4.021123550664917334e-01 5.504854831048661481e+02 5.155400000000000000e+04
4.084534706459355680e-01 5.435033603612322395e+02 5.409000000000000000e+04
4.147693430455148822e-01 5.390730225297774041e+02 5.431400000000000000e+04
4.210541279197388409e-01 5.215704873006261550e+02 5.691000000000000000e+04
4.273285528543883660e-01 5.141850268913043465e+02 5.748200000000000000e+04
4.336210871857300031e-01 5.043562108268953921e+02 6.062600000000000000e+04
4.399178901492071248e-01 4.869138886791832306e+02 6.120600000000000000e+04
4.461481615369914944e-01 4.833613096772624544e+02 6.257000000000000000e+04
4.524185591367541615e-01 4.786526117019705566e+02 6.573000000000000000e+04
4.587151924004577719e-01 4.670023066729027619e+02 6.668600000000000000e+04
4.650253487526455620e-01 4.657342632384638250e+02 6.969800000000000000e+04
4.713138026405762626e-01 4.531729244193581962e+02 7.002600000000000000e+04
4.775801322871031096e-01 4.503623842958654109e+02 7.274600000000000000e+04
4.838809178367569630e-01 4.398680366564618112e+02 7.491000000000000000e+04
4.901499165155780435e-01 4.340136075645779101e+02 7.572200000000000000e+04
4.963993143780123241e-01 4.299692872903976877e+02 7.837800000000000000e+04
5.026659111298577010e-01 4.241725134868614759e+02 8.003000000000000000e+04
5.089643413427887841e-01 4.204431875593012933e+02 8.318600000000000000e+04
5.152747315442799403e-01 4.120189053799352905e+02 8.466600000000000000e+04
5.215661708673858810e-01 4.052901088029178709e+02 8.654600000000000000e+04
5.278286396879566800e-01 3.996167519482701209e+02 8.813400000000000000e+04
5.341160320652750260e-01 3.977699381040097819e+02 9.153800000000000000e+04
5.404304286902661403e-01 3.929848448328873474e+02 9.313800000000000000e+04
5.466976878455739319e-01 3.862211150299062297e+02 9.447800000000000000e+04
5.529595373159058580e-01 3.780404478882009016e+02 9.727400000000000000e+04
5.592440147746206014e-01 3.785726597706548660e+02 9.969000000000000000e+04
5.655545845518847869e-01 3.695340639152958602e+02 1.025900000000000000e+05
5.718545124332512497e-01 3.652931353612041221e+02 1.037700000000000000e+05
5.781226402320145397e-01 3.659240739612203583e+02 1.063460000000000000e+05
5.844054810026423352e-01 3.599407869457721745e+02 1.085460000000000000e+05
5.906692678833675991e-01 3.573949603219038522e+02 1.107260000000000000e+05
5.969160111309492756e-01 3.500179482717014139e+02 1.123220000000000000e+05
6.031708558297608214e-01 3.469767971941307678e+02 1.158900000000000000e+05
6.094688112237535149e-01 3.420637770330163221e+02 1.187660000000000000e+05
6.158118423264375974e-01 3.402770700401451904e+02 1.222980000000000000e+05
6.221022681713845870e-01 3.356890066906806283e+02 1.220900000000000000e+05
6.283660508217905338e-01 3.299191980517258571e+02 1.258100000000000000e+05
6.346461619227155015e-01 3.294588170618616232e+02 1.281900000000000000e+05
6.409396473976692876e-01 3.257908173707255060e+02 1.309940000000000000e+05
6.472371834330832296e-01 3.240134135196696548e+02 1.337220000000000000e+05
6.534767429514126702e-01 3.183729213343817150e+02 1.338860000000000000e+05
6.597637022409679197e-01 3.143996768703744920e+02 1.405380000000000000e+05
6.660751593608625898e-01 3.113121017535920032e+02 1.405940000000000000e+05
6.723401943305717943e-01 3.085055341185611155e+02 1.435940000000000000e+05
6.786079373829640993e-01 3.067487539751760437e+02 1.463100000000000000e+05
6.849135514418230875e-01 3.053892084575783201e+02 1.506500000000000000e+05
6.912250943479077980e-01 3.003011115657534447e+02 1.519140000000000000e+05
6.974710436131158486e-01 2.981217028885587865e+02 1.533980000000000000e+05
7.037307548900212373e-01 2.958568648755004347e+02 1.578660000000000000e+05
7.100217936516199924e-01 2.922407572471176422e+02 1.606580000000000000e+05
7.163250787242370077e-01 2.903159017127180164e+02 1.641020000000000000e+05
7.226009447591926760e-01 2.885895812158253761e+02 1.649940000000000000e+05
7.288716701068771453e-01 2.855174027712779434e+02 1.698500000000000000e+05
7.351879459163250807e-01 2.840612201745087191e+02 1.729860000000000000e+05
7.414685146977839647e-01 2.802657285024774865e+02 1.738940000000000000e+05
7.477104477723024445e-01 2.779348033007762524e+02 1.767780000000000000e+05
7.539885226758882286e-01 2.773025582407771026e+02 1.818020000000000000e+05
7.602914782916944114e-01 2.729263578461403768e+02 1.844300000000000000e+05
7.665892437025125794e-01 2.723056007652334642e+02 1.872420000000000000e+05
7.728738187058056264e-01 2.696514054148720447e+02 1.902500000000000000e+05
7.791494140893913123e-01 2.669260383850355538e+02 1.925700000000000000e+05
7.854515901778583720e-01 2.657045082282939461e+02 1.982540000000000000e+05
7.917409748104085043e-01 2.633334673523814899e+02 1.980740000000000000e+05
7.979940385111662371e-01 2.614099592863100270e+02 2.020500000000000000e+05
8.042571846768763466e-01 2.589241338199694837e+02 2.055020000000000000e+05
8.105619462845171652e-01 2.594202101833995471e+02 2.106660000000000000e+05
8.168641867275381330e-01 2.560783655049981462e+02 2.124260000000000000e+05
8.231256696255031535e-01 2.550674059101310149e+02 2.139180000000000000e+05
8.294110748726144511e-01 2.529685118100284171e+02 2.209940000000000000e+05
8.357113707437004990e-01 2.492505103810277660e+02 2.215220000000000000e+05
8.419948002460609926e-01 2.477003484665043516e+02 2.263140000000000000e+05
8.482593350903800955e-01 2.470139993432529764e+02 2.272940000000000000e+05
8.545301115901441369e-01 2.456867353060689254e+02 2.329620000000000000e+05
8.608435414229801408e-01 2.435236640117657316e+02 2.378180000000000000e+05
8.671393362117422177e-01 2.415103254257872152e+02 2.383980000000000000e+05
8.733948081113820372e-01 2.400492339704640301e+02 2.414180000000000000e+05
8.796646205952306508e-01 2.391415246245352932e+02 2.468180000000000000e+05
8.859565087287600837e-01 2.359616531842698635e+02 2.499060000000000000e+05
8.922534924202312201e-01 2.360993407103213997e+02 2.547020000000000000e+05
8.985217857854136403e-01 2.347484170664476153e+02 2.544180000000000000e+05
9.047744920414614311e-01 2.335187262051229027e+02 2.603540000000000000e+05
9.110610772062064378e-01 2.313581699793709561e+02 2.649740000000000000e+05
9.173652030728716156e-01 2.289903511253421016e+02 2.687220000000000000e+05
9.236564978724189912e-01 2.277011959662702338e+02 2.715620000000000000e+05
9.299448038968107788e-01 2.271680148372994950e+02 2.755860000000000000e+05
9.362445064485998003e-01 2.245103991142385098e+02 2.801900000000000000e+05
9.425390102875164100e-01 2.239925974632865859e+02 2.828340000000000000e+05
9.488116425969939094e-01 2.229946584191777106e+02 2.851700000000000000e+05
9.550714374598537892e-01 2.212351014679391881e+02 2.898860000000000000e+05
9.613552636148307018e-01 2.204668450055443998e+02 2.944740000000000000e+05
9.676548604748713700e-01 2.185733018302219364e+02 2.994980000000000000e+05
9.739319897320198871e-01 2.177891649603060671e+02 2.999580000000000000e+05
9.801989291478477861e-01 2.157491631409780268e+02 3.058580000000000000e+05
9.864886628427461668e-01 2.155183128752323398e+02 3.107940000000000000e+05
9.927793936164199806e-01 2.134627850393642348e+02 3.130820000000000000e+05
9.990361166530091763e-01 2.123876752927835696e+02 3.160460000000000000e+05
1.005310172388236056e+00 2.117933048515369876e+02 3.222180000000000000e+05
1.011625805491854102e+00 2.103708487050821248e+02 3.285620000000000000e+05
1.017917766942204150e+00 2.094703360125365919e+02 3.279900000000000000e+05
1.024197689983066040e+00 2.076002180389575926e+02 3.352820000000000000e+05
1.030472573734562358e+00 2.069816934684835985e+02 3.359700000000000000e+05
1.036757776698311151e+00 2.060224827999347497e+02 3.440660000000000000e+05
1.043033361905228329e+00 2.048981306399383016e+02 3.437180000000000000e+05
1.049301684494551079e+00 2.024403495259370231e+02 3.514980000000000000e+05
1.055593059295673708e+00 2.023222984467749086e+02 3.544580000000000000e+05
1.061871457102441241e+00 2.019684504099954552e+02 3.585660000000000000e+05
1.068178001041605985e+00 2.000702889100808761e+02 3.661220000000000000e+05
1.074470180493512173e+00 1.986903608129354382e+02 3.658100000000000000e+05
1.080737053769623701e+00 1.983706778451659147e+02 3.716220000000000000e+05
1.087020489212936480e+00 1.967962098335061114e+02 3.759860000000000000e+05
1.093314462971749057e+00 1.954656107273182215e+02 3.821700000000000000e+05
1.099587869600829659e+00 1.960867121958772543e+02 3.818180000000000000e+05
1.105847463881620474e+00 1.926719671726469016e+02 3.895740000000000000e+05
1.112134280670179054e+00 1.933268956535695793e+02 3.936980000000000000e+05
1.118428377412835406e+00 1.921696692693330704e+02 3.994580000000000000e+05
1.124715645780198781e+00 1.911628940520235460e+02 4.022220000000000000e+05
1.130996124361501431e+00 1.903806241866803077e+02 4.069220000000000000e+05
1.137284456696317392e+00 1.893322455700984790e+02 4.128420000000000000e+05
1.143571288435853983e+00 1.881485674447900465e+02 4.153460000000000000e+05
1.149847667202570811e+00 1.875057331400161900e+02 4.211820000000000000e+05
1.156130444085272213e+00 1.863768855483345988e+02 4.250180000000000000e+05
1.162419353814765133e+00 1.847836735519147737e+02 4.311380000000000000e+05
1.168705445387328012e+00 1.847111027560842160e+02 4.343820000000000000e+05
1.174988745725767281e+00 1.836534506066711288e+02 4.395140000000000000e+05
1.181273977502684147e+00 1.829551364192190874e+02 4.447380000000000000e+05
1.187562659051211167e+00 1.817279721615231551e+02 4.489100000000000000e+05
1.193823213156303353e+00 1.811962977157413377e+02 4.506180000000000000e+05
1.200093696126397269e+00 1.800650869876992886e+02 4.595540000000000000e+05
1.206384684590767753e+00 1.795557192689365422e+02 4.631060000000000000e+05
1.212657716259795793e+00 1.781757522325967500e+02 4.670940000000000000e+05
1.218950061014193453e+00 1.777880218450771963e+02 4.749380000000000000e+05
1.225240784026401242e+00 1.769513143845576906e+02 4.771860000000000000e+05
1.231532244371714047e+00 1.761567909871894813e+02 4.846700000000000000e+05
1.237823116543606217e+00 1.753855826224030920e+02 4.870100000000000000e+05
1.244104630523539479e+00 1.750225566990317247e+02 4.933140000000000000e+05
1.250385916236761652e+00 1.741022080768567264e+02 4.963220000000000000e+05
1.256652750742101254e+00 1.722762946961946682e+02 5.017020000000000000e+05
1.262935091931613352e+00 1.719723705837408261e+02 5.085620000000000000e+05
1.269233477511062080e+00 1.712804376472256251e+02 5.142420000000000000e+05
1.275514616938773216e+00 1.707061372729505706e+02 5.161580000000000000e+05
1.281786872211649220e+00 1.697165050265035404e+02 5.226020000000000000e+05
1.288079462048372426e+00 1.684717355155292182e+02 5.306580000000000000e+05
1.294361149637119013e+00 1.681688921253517037e+02 5.300420000000000000e+05
1.300627926004322754e+00 1.675229398001706613e+02 5.388780000000000000e+05
1.306914643728855463e+00 1.675001184413182216e+02 5.441300000000000000e+05
1.313214369136572968e+00 1.668343704136662780e+02 5.511060000000000000e+05
1.319506178663429896e+00 1.652816013109981554e+02 5.539820000000000000e+05
1.325784332573166857e+00 1.643972911807092885e+02 5.582420000000000000e+05
1.332057263563118710e+00 1.639028911121345686e+02 5.645460000000000000e+05
1.338340549575027794e+00 1.632099023988286035e+02 5.704940000000000000e+05
1.344633835480066875e+00 1.625741926985821237e+02 5.767620000000000000e+05
1.350907484373135237e+00 1.614260483167537643e+02 5.782340000000000000e+05
1.357175487163077676e+00 1.609844997541520968e+02 5.856660000000000000e+05
1.363467141694861828e+00 1.605991242615984049e+02 5.944460000000000000e+05
1.369755686854475130e+00 1.599126791053509180e+02 5.952500000000000000e+05
1.376032186684321701e+00 1.594495180589919698e+02 6.034020000000000000e+05
1.382313839440675540e+00 1.579677821074462258e+02 6.073820000000000000e+05
1.388610058625191268e+00 1.573832720024578293e+02 6.170100000000000000e+05
1.394895499348251855e+00 1.568446811090437905e+02 6.167780000000000000e+05
1.401166240321837453e+00 1.560095013762381484e+02 6.247460000000000000e+05
1.407434432864556273e+00 1.556861833404056483e+02 6.280620000000000000e+05
1.413722933193898301e+00 1.545979309559830313e+02 6.394100000000000000e+05
1.420027475896342928e+00 1.544158406750104575e+02 6.429540000000000000e+05
1.426307149789788564e+00 1.533974770365143740e+02 6.459740000000000000e+05
1.432584485912613337e+00 1.530803256525953486e+02 6.534900000000000000e+05
1.438876982104692948e+00 1.521751964205808747e+02 6.607460000000000000e+05
1.445167658311597991e+00 1.515924690377616457e+02 6.646460000000000000e+05
1.451434581318592487e+00 1.511356827753822643e+02 6.672900000000000000e+05
1.457714146029685631e+00 1.509609596969644372e+02 6.790340000000000000e+05
1.464013702919821469e+00 1.498046431625366779e+02 6.827220000000000000e+05
1.470311375243267715e+00 1.491613864489046364e+02 6.912380000000000000e+05
1.476585168270965198e+00 1.490039027079134826e+02 6.886020000000000000e+05
1.482847620858654736e+00 1.485868631091348391e+02 7.008260000000000000e+05
1.489134257848029552e+00 1.473944877991895339e+02 7.056620000000000000e+05
1.495410090151012339e+00 1.469388332665408825e+02 7.100820000000000000e+05
1.501688804650891385e+00 1.463813774846201454e+02 7.191620000000000000e+05
1.507973225127458239e+00 1.457068885711096868e+02 7.222500000000000000e+05
1.514255586288884459e+00 1.452996353070266196e+02 7.315100000000000000e+05
1.520548655276809047e+00 1.447759999300760114e+02 7.364420000000000000e+05
1.526828765310179747e+00 1.441174047805670284e+02 7.408980000000000000e+05
1.533114430439595610e+00 1.436972596707248329e+02 7.501580000000000000e+05
1.539410813276927970e+00 1.428438534168849969e+02 7.548660000000000000e+05
1.545694858079805112e+00 1.426695428006477186e+02 7.608260000000000000e+05
1.551969964575633298e+00 1.415527763005654833e+02 7.640340000000000000e+05
1.558245721095042446e+00 1.412793394950986396e+02 7.738460000000000000e+05
1.564534844516594525e+00 1.410375737129976699e+02 7.797140000000000000e+05
1.570816980798636520e+00 1.400492948821683967e+02 7.843140000000000000e+05
1.577093092211928615e+00 1.394042289315601124e+02 7.913420000000000000e+05
1.583381338673179872e+00 1.386584895230807035e+02 7.994580000000000000e+05
1.589671280639133322e+00 1.388080241274648472e+02 8.049620000000000000e+05
1.595952830483094553e+00 1.380040365755296534e+02 8.095500000000000000e+05
1.602217313416965272e+00 1.377834678632436294e+02 8.134580000000000000e+05
