# Real space DM power spectrum.
# The power spectum is corrected for shot-noise and window function.
# Ngrid=512	Interlacing was set to True.
# redshift=0.000000	model=tabulated	Hz_file=/g100/home/userexternal/mbaldi00/SOURCE/DAKAR2/DST_m09_m01_Hz.dat	zDf_file=/g100_scratch/userexternal/mbaldi00/DAKAR2/DST_m09_m01_CoDECS2/linear_growth.txt	H0=67.66	Om=0.311049	Ob=0.04897468161869667	sigma8=0.6728650210648598	ns=0.9665	Tcmb=0.0	Neff=3.046	m_nu=[0]	Fid_model=w0waCDM	Fid_H0=67.6591	Fid_Om=0.311452	Fid_w0=-0.9001	Fid_wa=-0.1024	
# n_dm=1.073742e+00[h/Mpc]^3
# k[h/Mpc]		Pk_dm[Mpc^3/h^3]		Nmodes
8.018239401280879974e-03 1.576543673298093927e+04 1.800000000000000000e+01
1.401654949351664563e-02 1.880744367742538452e+04 6.200000000000000000e+01
1.969250245970122562e-02 1.385342199375191376e+04 9.800000000000000000e+01
2.551337480545044084e-02 2.097228772504443259e+04 2.100000000000000000e+02
3.202906010406358223e-02 1.631557582028252727e+04 3.500000000000000000e+02
3.846520933840009981e-02 1.405166867742538489e+04 4.500000000000000000e+02
4.443307405343879801e-02 1.119617582028252764e+04 6.020000000000000000e+02
5.042305588722229004e-02 1.003041054094244464e+04 7.620000000000000000e+02
5.690925724269420977e-02 9.504873405971793545e+03 1.142000000000000000e+03
6.341842361688614094e-02 8.160067077425384923e+03 1.250000000000000000e+03
6.949987936003544642e-02 7.796326564942531149e+03 1.458000000000000000e+03
7.558128466088295805e-02 7.801415976212595524e+03 1.814000000000000000e+03
8.196268225887480552e-02 6.342036537847789987e+03 2.178000000000000000e+03
8.830226267620121250e-02 5.722948581348522566e+03 2.498000000000000000e+03
9.435210882776298713e-02 5.105360820827368116e+03 2.622000000000000000e+03
1.005600000334900268e-01 4.897138479702197401e+03 3.338000000000000000e+03
1.070138172820522676e-01 4.204167280327050321e+03 3.722000000000000000e+03
1.134272720352065417e-01 3.994175871669988737e+03 4.170000000000000000e+03
1.196088736356262089e-01 3.858307319004090459e+03 4.358000000000000000e+03
1.257803526943431782e-01 3.638987628557684729e+03 5.034000000000000000e+03
1.321489366516601371e-01 3.430128180400532983e+03 5.714000000000000000e+03
1.384562346816501366e-01 3.153441128110773661e+03 5.982000000000000000e+03
1.446496334058954558e-01 3.068078068518992495e+03 6.602000000000000000e+03
1.508534077925902661e-01 2.807559000006029692e+03 7.130000000000000000e+03
1.571727997187746806e-01 2.632143857908331938e+03 8.034000000000000000e+03
1.635416756874734368e-01 2.445843020906676429e+03 8.606000000000000000e+03
1.698255044437522454e-01 2.288369581903654762e+03 9.066000000000000000e+03
1.761012440422073944e-01 2.243849444339658930e+03 9.962000000000000000e+03
1.823997330750334323e-01 2.122094838562825316e+03 1.055000000000000000e+04
1.886505794152418258e-01 2.103610455440706119e+03 1.122600000000000000e+04
1.949080233860110145e-01 1.968489886053739610e+03 1.214600000000000000e+04
2.011423980633682551e-01 1.892768820214532752e+03 1.260600000000000000e+04
2.073952711124279202e-01 1.754110845227152367e+03 1.380200000000000000e+04
2.137387912274538171e-01 1.699062306271798889e+03 1.475400000000000000e+04
2.200329442788883927e-01 1.692477786284144486e+03 1.519400000000000000e+04
2.262928915227388205e-01 1.580672542746886847e+03 1.645400000000000000e+04
2.325983565681614684e-01 1.531523148685731940e+03 1.715400000000000000e+04
2.388889575828848644e-01 1.502662348727256813e+03 1.826600000000000000e+04
2.451217204984029174e-01 1.439402437425384505e+03 1.875000000000000000e+04
2.513735730109318833e-01 1.396735772414017447e+03 2.023400000000000000e+04
2.577068704519516196e-01 1.332206020082727264e+03 2.145000000000000000e+04
2.640202590165574015e-01 1.306399794809957939e+03 2.196200000000000000e+04
2.702896249217050517e-01 1.259932883375431402e+03 2.346200000000000000e+04
2.765613443273721161e-01 1.234041475029577214e+03 2.404200000000000000e+04
2.828696817722480827e-01 1.202286360305211701e+03 2.594600000000000000e+04
2.891484548613966754e-01 1.149303611187541037e+03 2.611800000000000000e+04
2.953521325173381618e-01 1.123205447584622561e+03 2.750600000000000000e+04
3.016073414663040242e-01 1.120456071631673694e+03 2.906600000000000000e+04
3.079380380657114613e-01 1.065784473812904935e+03 3.045000000000000000e+04
3.142758188292146815e-01 1.034388064987604821e+03 3.174200000000000000e+04
3.205460861690284657e-01 1.019905514634686824e+03 3.225000000000000000e+04
3.268125857401938394e-01 9.967024292502020444e+02 3.425000000000000000e+04
3.331235790942642661e-01 9.674660373847684696e+02 3.545400000000000000e+04
3.394044287142444771e-01 9.624274082811786002e+02 3.643400000000000000e+04
3.456389225992096970e-01 9.353383021799091921e+02 3.768200000000000000e+04
3.518805674449744791e-01 9.070978930817188939e+02 3.929400000000000000e+04
3.582029755837912721e-01 8.878686581138410929e+02 4.142600000000000000e+04
3.645115539318926068e-01 8.741483141866643791e+02 4.206600000000000000e+04
3.707638220461956791e-01 8.542851409802246962e+02 4.349000000000000000e+04
3.770538406945189158e-01 8.403929958359574357e+02 4.570200000000000000e+04
3.833585849945114754e-01 8.253678582805546284e+02 4.663400000000000000e+04
3.896511111060295685e-01 8.190138106790814163e+02 4.855400000000000000e+04
3.958767350353735170e-01 7.980092135416111887e+02 4.887000000000000000e+04
4.021123550664917334e-01 7.816659540673521178e+02 5.155400000000000000e+04
4.084534706459355680e-01 7.758165420953789635e+02 5.409000000000000000e+04
4.147693430455148822e-01 7.688428056427869706e+02 5.431400000000000000e+04
4.210541279197388409e-01 7.447959661268429272e+02 5.691000000000000000e+04
4.273285528543883660e-01 7.346409261293266582e+02 5.748200000000000000e+04
4.336210871857300031e-01 7.231037118990426507e+02 6.062600000000000000e+04
4.399178901492071248e-01 6.989817578423371742e+02 6.120600000000000000e+04
4.461481615369914944e-01 6.949730405386976599e+02 6.257000000000000000e+04
4.524185591367541615e-01 6.900357852908949781e+02 6.573000000000000000e+04
4.587151924004577719e-01 6.765373515098999633e+02 6.668600000000000000e+04
4.650253487526455620e-01 6.748278670721463186e+02 6.969800000000000000e+04
4.713138026405762626e-01 6.573196699138887880e+02 7.002600000000000000e+04
4.775801322871031096e-01 6.535305035051690083e+02 7.274600000000000000e+04
4.838809178367569630e-01 6.401578244017562156e+02 7.491000000000000000e+04
4.901499165155780435e-01 6.332509230079100462e+02 7.572200000000000000e+04
4.963993143780123241e-01 6.274938987885221877e+02 7.837800000000000000e+04
5.026659111298577010e-01 6.200908940941337733e+02 8.003000000000000000e+04
5.089643413427887841e-01 6.178978073270507139e+02 8.318600000000000000e+04
5.152747315442799403e-01 6.044782633276356592e+02 8.466600000000000000e+04
5.215661708673858810e-01 5.958905756066984623e+02 8.654600000000000000e+04
5.278286396879566800e-01 5.874923050832691160e+02 8.813400000000000000e+04
5.341160320652750260e-01 5.882691406209971774e+02 9.153800000000000000e+04
5.404304286902661403e-01 5.818943339780267934e+02 9.313800000000000000e+04
5.466976878455739319e-01 5.723402962149440327e+02 9.447800000000000000e+04
5.529595373159058580e-01 5.599311483837084324e+02 9.727400000000000000e+04
5.592440147746206014e-01 5.637802432795324421e+02 9.969000000000000000e+04
5.655545845518847869e-01 5.505946741112213658e+02 1.025900000000000000e+05
5.718545124332512497e-01 5.454063087253749700e+02 1.037700000000000000e+05
5.781226402320145397e-01 5.459937709879068279e+02 1.063460000000000000e+05
5.844054810026423352e-01 5.389377099093084098e+02 1.085460000000000000e+05
5.906692678833675991e-01 5.360951391416932665e+02 1.107260000000000000e+05
5.969160111309492756e-01 5.250689979324980641e+02 1.123220000000000000e+05
6.031708558297608214e-01 5.207419192926724918e+02 1.158900000000000000e+05
6.094688112237535149e-01 5.148387799799876348e+02 1.187660000000000000e+05
6.158118423264375974e-01 5.141131098772643782e+02 1.222980000000000000e+05
6.221022681713845870e-01 5.059258483648554261e+02 1.220900000000000000e+05
6.283660508217905338e-01 4.978072832595789237e+02 1.258100000000000000e+05
6.346461619227155015e-01 4.996464760056169325e+02 1.281900000000000000e+05
6.409396473976692876e-01 4.965371721656015893e+02 1.309940000000000000e+05
6.472371834330832296e-01 4.920604065350298697e+02 1.337220000000000000e+05
6.534767429514126702e-01 4.843563101875852226e+02 1.338860000000000000e+05
6.597637022409679197e-01 4.809731303135713461e+02 1.405380000000000000e+05
6.660751593608625898e-01 4.761949843801621114e+02 1.405940000000000000e+05
6.723401943305717943e-01 4.728858007035159403e+02 1.435940000000000000e+05
6.786079373829640993e-01 4.687830646853120697e+02 1.463100000000000000e+05
6.849135514418230875e-01 4.672241105485176149e+02 1.506500000000000000e+05
6.912250943479077980e-01 4.620472574114292570e+02 1.519140000000000000e+05
6.974710436131158486e-01 4.585925304091261978e+02 1.533980000000000000e+05
7.037307548900212373e-01 4.550057379704037430e+02 1.578660000000000000e+05
7.100217936516199924e-01 4.504600304859230846e+02 1.606580000000000000e+05
7.163250787242370077e-01 4.470308472953434489e+02 1.641020000000000000e+05
7.226009447591926760e-01 4.458752279666163645e+02 1.649940000000000000e+05
7.288716701068771453e-01 4.412376500482870370e+02 1.698500000000000000e+05
7.351879459163250807e-01 4.391494700906869184e+02 1.729860000000000000e+05
7.414685146977839647e-01 4.344788468389353397e+02 1.738940000000000000e+05
7.477104477723024445e-01 4.331819268116203716e+02 1.767780000000000000e+05
7.539885226758882286e-01 4.297001996308608227e+02 1.818020000000000000e+05
7.602914782916944114e-01 4.251477751860525700e+02 1.844300000000000000e+05
7.665892437025125794e-01 4.261957108900986100e+02 1.872420000000000000e+05
7.728738187058056264e-01 4.215303646789982395e+02 1.902500000000000000e+05
7.791494140893913123e-01 4.173641959381331503e+02 1.925700000000000000e+05
7.854515901778583720e-01 4.154554136324724141e+02 1.982540000000000000e+05
7.917409748104085043e-01 4.130566213251391900e+02 1.980740000000000000e+05
7.979940385111662371e-01 4.093578533719324355e+02 2.020500000000000000e+05
8.042571846768763466e-01 4.057889234570532722e+02 2.055020000000000000e+05
8.105619462845171652e-01 4.060012056928790116e+02 2.106660000000000000e+05
8.168641867275381330e-01 4.028670071966931232e+02 2.124260000000000000e+05
8.231256696255031535e-01 4.019738653946063778e+02 2.139180000000000000e+05
8.294110748726144511e-01 3.993369924022616715e+02 2.209940000000000000e+05
8.357113707437004990e-01 3.935678242369878603e+02 2.215220000000000000e+05
8.419948002460609926e-01 3.923398670115346931e+02 2.263140000000000000e+05
8.482593350903800955e-01 3.894448070196544904e+02 2.272940000000000000e+05
8.545301115901441369e-01 3.893617896067703441e+02 2.329620000000000000e+05
8.608435414229801408e-01 3.858082177461340621e+02 2.378180000000000000e+05
8.671393362117422177e-01 3.834775063585131534e+02 2.383980000000000000e+05
8.733948081113820372e-01 3.810004969251733087e+02 2.414180000000000000e+05
8.796646205952306508e-01 3.796602388187998827e+02 2.468180000000000000e+05
8.859565087287600837e-01 3.759533620668096887e+02 2.499060000000000000e+05
8.922534924202312201e-01 3.751805257815026380e+02 2.547020000000000000e+05
8.985217857854136403e-01 3.743970582789404489e+02 2.544180000000000000e+05
9.047744920414614311e-01 3.720744157662588805e+02 2.603540000000000000e+05
9.110610772062064378e-01 3.695211444598860453e+02 2.649740000000000000e+05
9.173652030728716156e-01 3.654631817830478440e+02 2.687220000000000000e+05
9.236564978724189912e-01 3.650409415860550553e+02 2.715620000000000000e+05
9.299448038968107788e-01 3.626401215480902920e+02 2.755860000000000000e+05
9.362445064485998003e-01 3.611532057811431287e+02 2.801900000000000000e+05
9.425390102875164100e-01 3.577661748973998783e+02 2.828340000000000000e+05
9.488116425969939094e-01 3.582445514654307885e+02 2.851700000000000000e+05
9.550714374598537892e-01 3.550279441716226643e+02 2.898860000000000000e+05
9.613552636148307018e-01 3.546273209728623783e+02 2.944740000000000000e+05
9.676548604748713700e-01 3.505227772858176536e+02 2.994980000000000000e+05
9.739319897320198871e-01 3.514696402268433530e+02 2.999580000000000000e+05
9.801989291478477861e-01 3.478318812650748555e+02 3.058580000000000000e+05
9.864886628427461668e-01 3.472730056942700116e+02 3.107940000000000000e+05
9.927793936164199806e-01 3.437062100845600412e+02 3.130820000000000000e+05
9.990361166530091763e-01 3.428289907974885864e+02 3.160460000000000000e+05
1.005310172388236056e+00 3.417637223949392933e+02 3.222180000000000000e+05
1.011625805491854102e+00 3.402271558860707614e+02 3.285620000000000000e+05
1.017917766942204150e+00 3.386997393480041296e+02 3.279900000000000000e+05
1.024197689983066040e+00 3.372132363340047618e+02 3.352820000000000000e+05
1.030472573734562358e+00 3.361109371509552375e+02 3.359700000000000000e+05
1.036757776698311151e+00 3.343603017067724181e+02 3.440660000000000000e+05
1.043033361905228329e+00 3.331454729379849482e+02 3.437180000000000000e+05
1.049301684494551079e+00 3.303026531521311995e+02 3.514980000000000000e+05
1.055593059295673708e+00 3.303728545070133578e+02 3.544580000000000000e+05
1.061871457102441241e+00 3.280355287163602611e+02 3.585660000000000000e+05
1.068178001041605985e+00 3.264283662722716031e+02 3.661220000000000000e+05
1.074470180493512173e+00 3.243824742051335761e+02 3.658100000000000000e+05
1.080737053769623701e+00 3.231957097324062147e+02 3.716220000000000000e+05
1.087020489212936480e+00 3.217135844166022594e+02 3.759860000000000000e+05
1.093314462971749057e+00 3.199312255060816028e+02 3.821700000000000000e+05
1.099587869600829659e+00 3.204134647324260641e+02 3.818180000000000000e+05
1.105847463881620474e+00 3.167945831583132872e+02 3.895740000000000000e+05
1.112134280670179054e+00 3.167416145497793423e+02 3.936980000000000000e+05
1.118428377412835406e+00 3.145907298063607413e+02 3.994580000000000000e+05
1.124715645780198781e+00 3.143853930699788179e+02 4.022220000000000000e+05
1.130996124361501431e+00 3.121297751296128808e+02 4.069220000000000000e+05
1.137284456696317392e+00 3.106828833443559574e+02 4.128420000000000000e+05
1.143571288435853983e+00 3.095200504974738465e+02 4.153460000000000000e+05
1.149847667202570811e+00 3.079550210962916594e+02 4.211820000000000000e+05
1.156130444085272213e+00 3.074808764381322135e+02 4.250180000000000000e+05
1.162419353814765133e+00 3.050858320255357512e+02 4.311380000000000000e+05
1.168705445387328012e+00 3.031882219737313449e+02 4.343820000000000000e+05
1.174988745725767281e+00 3.033033002132820570e+02 4.395140000000000000e+05
1.181273977502684147e+00 3.019477657875213481e+02 4.447380000000000000e+05
1.187562659051211167e+00 2.998086564857752023e+02 4.489100000000000000e+05
1.193823213156303353e+00 2.983650215572212687e+02 4.506180000000000000e+05
1.200093696126397269e+00 2.977519050765419593e+02 4.595540000000000000e+05
1.206384684590767753e+00 2.972947595750435994e+02 4.631060000000000000e+05
1.212657716259795793e+00 2.942613367188029656e+02 4.670940000000000000e+05
1.218950061014193453e+00 2.945215070578839232e+02 4.749380000000000000e+05
1.225240784026401242e+00 2.929944506039773842e+02 4.771860000000000000e+05
1.231532244371714047e+00 2.920845438912272698e+02 4.846700000000000000e+05
1.237823116543606217e+00 2.917183725035143311e+02 4.870100000000000000e+05
1.244104630523539479e+00 2.895169030990933834e+02 4.933140000000000000e+05
1.250385916236761652e+00 2.884764731708884256e+02 4.963220000000000000e+05
1.256652750742101254e+00 2.861962870422487413e+02 5.017020000000000000e+05
1.262935091931613352e+00 2.856717346730750933e+02 5.085620000000000000e+05
1.269233477511062080e+00 2.858526273944652303e+02 5.142420000000000000e+05
1.275514616938773216e+00 2.836871702124768717e+02 5.161580000000000000e+05
1.281786872211649220e+00 2.821985238477097369e+02 5.226020000000000000e+05
1.288079462048372426e+00 2.811618070870498514e+02 5.306580000000000000e+05
1.294361149637119013e+00 2.803811168169798975e+02 5.300420000000000000e+05
1.300627926004322754e+00 2.795285069229702231e+02 5.388780000000000000e+05
1.306914643728855463e+00 2.788226185791529019e+02 5.441300000000000000e+05
1.313214369136572968e+00 2.782496988622768868e+02 5.511060000000000000e+05
1.319506178663429896e+00 2.759983682817661474e+02 5.539820000000000000e+05
1.325784332573166857e+00 2.747621007077602826e+02 5.582420000000000000e+05
1.332057263563118710e+00 2.747599975303892279e+02 5.645460000000000000e+05
1.338340549575027794e+00 2.732464672005618240e+02 5.704940000000000000e+05
1.344633835480066875e+00 2.727656824291815951e+02 5.767620000000000000e+05
1.350907484373135237e+00 2.712385463711746070e+02 5.782340000000000000e+05
1.357175487163077676e+00 2.701646809495774733e+02 5.856660000000000000e+05
1.363467141694861828e+00 2.702690892373910287e+02 5.944460000000000000e+05
1.369755686854475130e+00 2.680632309743135124e+02 5.952500000000000000e+05
1.376032186684321701e+00 2.673563131972248357e+02 6.034020000000000000e+05
1.382313839440675540e+00 2.662121620857794824e+02 6.073820000000000000e+05
1.388610058625191268e+00 2.646522627805651382e+02 6.170100000000000000e+05
1.394895499348251855e+00 2.640591407687592778e+02 6.167780000000000000e+05
1.401166240321837453e+00 2.622233290758152862e+02 6.247460000000000000e+05
1.407434432864556273e+00 2.620335184761087817e+02 6.280620000000000000e+05
1.413722933193898301e+00 2.607296211078417514e+02 6.394100000000000000e+05
1.420027475896342928e+00 2.603208852038570171e+02 6.429540000000000000e+05
1.426307149789788564e+00 2.586306040663948238e+02 6.459740000000000000e+05
1.432584485912613337e+00 2.591291404776117702e+02 6.534900000000000000e+05
1.438876982104692948e+00 2.570215246616901936e+02 6.607460000000000000e+05
1.445167658311597991e+00 2.562066787072699299e+02 6.646460000000000000e+05
1.451434581318592487e+00 2.558763382625018039e+02 6.672900000000000000e+05
1.457714146029685631e+00 2.551627875877622387e+02 6.790340000000000000e+05
1.464013702919821469e+00 2.530728079499611169e+02 6.827220000000000000e+05
1.470311375243267715e+00 2.518354292532643512e+02 6.912380000000000000e+05
1.476585168270965198e+00 2.521980961607352754e+02 6.886020000000000000e+05
1.482847620858654736e+00 2.513163508849879122e+02 7.008260000000000000e+05
1.489134257848029552e+00 2.501007012554901507e+02 7.056620000000000000e+05
1.495410090151012339e+00 2.491041831838743690e+02 7.100820000000000000e+05
1.501688804650891385e+00 2.482417538671319903e+02 7.191620000000000000e+05
1.507973225127458239e+00 2.473843132855437261e+02 7.222500000000000000e+05
1.514255586288884459e+00 2.467403264800796023e+02 7.315100000000000000e+05
1.520548655276809047e+00 2.458353094208437994e+02 7.364420000000000000e+05
1.526828765310179747e+00 2.450355554571783898e+02 7.408980000000000000e+05
1.533114430439595610e+00 2.441000868084744866e+02 7.501580000000000000e+05
1.539410813276927970e+00 2.434639899709224267e+02 7.548660000000000000e+05
1.545694858079805112e+00 2.422970423866240139e+02 7.608260000000000000e+05
1.551969964575633298e+00 2.414578067049715742e+02 7.640340000000000000e+05
1.558245721095042446e+00 2.407170880910725259e+02 7.738460000000000000e+05
1.564534844516594525e+00 2.400174355597773683e+02 7.797140000000000000e+05
1.570816980798636520e+00 2.383933356617541222e+02 7.843140000000000000e+05
1.577093092211928615e+00 2.382336402353958817e+02 7.913420000000000000e+05
1.583381338673179872e+00 2.375421632120049651e+02 7.994580000000000000e+05
1.589671280639133322e+00 2.371063090154471524e+02 8.049620000000000000e+05
1.595952830483094553e+00 2.363782938789698278e+02 8.095500000000000000e+05
1.602217313416965272e+00 2.356465855656941812e+02 8.134580000000000000e+05
