# Real space DM power spectrum.
# The power spectum is corrected for shot-noise and window function.
# Ngrid=512	Interlacing was set to True.
# redshift=0.444200	model=tabulated	Hz_file=/g100/home/userexternal/mbaldi00/SOURCE/DAKAR2/DST_m09_m01_Hz.dat	zDf_file=/g100_scratch/userexternal/mbaldi00/DAKAR2/DST_m09_m01_CoDECS2/linear_growth.txt	H0=67.66	Om=0.311049	Ob=0.04897468161869667	sigma8=0.6728650210648598	ns=0.9665	Tcmb=0.0	Neff=3.046	m_nu=[0]	Fid_model=w0waCDM	Fid_H0=67.6591	Fid_Om=0.311452	Fid_w0=-0.9001	Fid_wa=-0.1024	
# n_dm=1.073742e+00[h/Mpc]^3
# k[h/Mpc]		Pk_dm[Mpc^3/h^3]		Nmodes
8.018239401280879974e-03 1.037628829548093927e+04 1.800000000000000000e+01
1.401654949351664563e-02 1.236981162097377091e+04 6.200000000000000000e+01
1.969250245970122562e-02 9.138267657017220699e+03 9.800000000000000000e+01
2.551337480545044084e-02 1.386779010599681351e+04 2.100000000000000000e+02
3.202906010406358223e-02 1.077830224885395546e+04 3.500000000000000000e+02
3.846520933840009981e-02 9.287125344092051819e+03 4.500000000000000000e+02
4.443307405343879801e-02 7.414249740548308182e+03 6.020000000000000000e+02
5.042305588722229004e-02 6.630329176113048561e+03 7.620000000000000000e+02
5.690925724269420977e-02 6.264715787758133956e+03 1.142000000000000000e+03
6.341842361688614094e-02 5.404977077425384778e+03 1.250000000000000000e+03
6.949987936003544642e-02 5.147589596492599412e+03 1.458000000000000000e+03
7.558128466088295805e-02 5.149886759013035771e+03 1.814000000000000000e+03
8.196268225887480552e-02 4.187283553458441929e+03 2.178000000000000000e+03
8.830226267620121250e-02 3.783827684631148713e+03 2.498000000000000000e+03
9.435210882776298713e-02 3.369137327310968431e+03 2.622000000000000000e+03
1.005600000334900268e-01 3.215900912296564911e+03 3.338000000000000000e+03
1.070138172820522676e-01 2.747830902035809231e+03 3.722000000000000000e+03
1.134272720352065417e-01 2.591929588696367773e+03 4.170000000000000000e+03
1.196088736356262089e-01 2.511574643464852215e+03 4.358000000000000000e+03
1.257803526943431782e-01 2.376436575717001688e+03 5.034000000000000000e+03
1.321489366516601371e-01 2.231115054744250301e+03 5.714000000000000000e+03
1.384562346816501366e-01 2.054696728244508449e+03 5.982000000000000000e+03
1.446496334058954558e-01 1.984137898873430458e+03 6.602000000000000000e+03
1.508534077925902661e-01 1.808379056107011593e+03 7.130000000000000000e+03
1.571727997187746806e-01 1.687213437196357972e+03 8.034000000000000000e+03
1.635416756874734368e-01 1.551220548213206939e+03 8.606000000000000000e+03
1.698255044437522454e-01 1.450083127017266179e+03 9.066000000000000000e+03
1.761012440422073944e-01 1.423090761344276416e+03 9.962000000000000000e+03
1.823997330750334323e-01 1.343981094486995971e+03 1.055000000000000000e+04
1.886505794152418258e-01 1.333448599035931466e+03 1.122600000000000000e+04
1.949080233860110145e-01 1.245924103079920997e+03 1.214600000000000000e+04
2.011423980633682551e-01 1.180749543679549333e+03 1.260600000000000000e+04
2.073952711124279202e-01 1.101741550921979297e+03 1.380200000000000000e+04
2.137387912274538171e-01 1.064006389232352149e+03 1.475400000000000000e+04
2.200329442788883927e-01 1.049293239752618774e+03 1.519400000000000000e+04
2.262928915227388205e-01 9.766419726727408488e+02 1.645400000000000000e+04
2.325983565681614684e-01 9.384938260787597528e+02 1.715400000000000000e+04
2.388889575828848644e-01 9.168845101200083718e+02 1.826600000000000000e+04
2.451217204984029174e-01 8.745853174253845737e+02 1.875000000000000000e+04
2.513735730109318833e-01 8.484063269262246649e+02 2.023400000000000000e+04
2.577068704519516196e-01 8.069945515512586098e+02 2.145000000000000000e+04
2.640202590165574015e-01 7.942620113658271066e+02 2.196200000000000000e+04
2.702896249217050517e-01 7.623420556540095276e+02 2.346200000000000000e+04
2.765613443273721161e-01 7.384079170893060109e+02 2.404200000000000000e+04
2.828696817722480827e-01 7.190468628874981505e+02 2.594600000000000000e+04
2.891484548613966754e-01 6.798789232328737171e+02 2.611800000000000000e+04
2.953521325173381618e-01 6.672551094765733524e+02 2.750600000000000000e+04
3.016073414663040242e-01 6.613821708541329372e+02 2.906600000000000000e+04
3.079380380657114613e-01 6.311638498391776011e+02 3.045000000000000000e+04
3.142758188292146815e-01 6.078088954330714841e+02 3.174200000000000000e+04
3.205460861690284657e-01 5.976542278129813894e+02 3.225000000000000000e+04
3.268125857401938394e-01 5.770547212210050247e+02 3.425000000000000000e+04
3.331235790942642661e-01 5.654196110294913069e+02 3.545400000000000000e+04
3.394044287142444771e-01 5.563487454936723680e+02 3.643400000000000000e+04
3.456389225992096970e-01 5.374378722664226871e+02 3.768200000000000000e+04
3.518805674449744791e-01 5.205043673525998429e+02 3.929400000000000000e+04
3.582029755837912721e-01 5.087794387829860625e+02 4.142600000000000000e+04
3.645115539318926068e-01 4.996794319539824301e+02 4.206600000000000000e+04
3.707638220461956791e-01 4.847431773104156036e+02 4.349000000000000000e+04
3.770538406945189158e-01 4.759295150254895930e+02 4.570200000000000000e+04
3.833585849945114754e-01 4.680840310300507099e+02 4.663400000000000000e+04
3.896511111060295685e-01 4.591999127510013636e+02 4.855400000000000000e+04
3.958767350353735170e-01 4.482706418207190495e+02 4.887000000000000000e+04
4.021123550664917334e-01 4.375678045542202881e+02 5.155400000000000000e+04
4.084534706459355680e-01 4.305845213891486196e+02 5.409000000000000000e+04
4.147693430455148822e-01 4.271730335766530402e+02 5.431400000000000000e+04
4.210541279197388409e-01 4.133107087028401452e+02 5.691000000000000000e+04
4.273285528543883660e-01 4.068734858871638380e+02 5.748200000000000000e+04
4.336210871857300031e-01 3.985832751227420658e+02 6.062600000000000000e+04
4.399178901492071248e-01 3.849268939401053444e+02 6.120600000000000000e+04
4.461481615369914944e-01 3.811434736536089076e+02 6.257000000000000000e+04
4.524185591367541615e-01 3.768708986333565463e+02 6.573000000000000000e+04
4.587151924004577719e-01 3.668222388925590280e+02 6.668600000000000000e+04
4.650253487526455620e-01 3.651980929035905206e+02 6.969800000000000000e+04
4.713138026405762626e-01 3.555371034385796065e+02 7.002600000000000000e+04
4.775801322871031096e-01 3.528923103399090451e+02 7.274600000000000000e+04
4.838809178367569630e-01 3.441637515142912207e+02 7.491000000000000000e+04
4.901499165155780435e-01 3.397856156995981110e+02 7.572200000000000000e+04
4.963993143780123241e-01 3.356526423134909010e+02 7.837800000000000000e+04
5.026659111298577010e-01 3.309237067893730000e+02 8.003000000000000000e+04
5.089643413427887841e-01 3.268587622954347580e+02 8.318600000000000000e+04
5.152747315442799403e-01 3.205147360557674006e+02 8.466600000000000000e+04
5.215661708673858810e-01 3.152594430298029806e+02 8.654600000000000000e+04
5.278286396879566800e-01 3.108945562008854608e+02 8.813400000000000000e+04
5.341160320652750260e-01 3.080953767196666604e+02 9.153800000000000000e+04
5.404304286902661403e-01 3.040140702832942452e+02 9.313800000000000000e+04
5.466976878455739319e-01 2.987810760790393374e+02 9.447800000000000000e+04
5.529595373159058580e-01 2.926393129497795371e+02 9.727400000000000000e+04
5.592440147746206014e-01 2.919320739546251957e+02 9.969000000000000000e+04
5.655545845518847869e-01 2.850634527446164270e+02 1.025900000000000000e+05
5.718545124332512497e-01 2.814594069233126561e+02 1.037700000000000000e+05
5.781226402320145397e-01 2.818251703823363528e+02 1.063460000000000000e+05
5.844054810026423352e-01 2.766551016142076946e+02 1.085460000000000000e+05
5.906692678833675991e-01 2.742086987392584092e+02 1.107260000000000000e+05
5.969160111309492756e-01 2.686659246253988158e+02 1.123220000000000000e+05
6.031708558297608214e-01 2.662975323740427598e+02 1.158900000000000000e+05
6.094688112237535149e-01 2.622361159178823300e+02 1.187660000000000000e+05
6.158118423264375974e-01 2.601198148111144519e+02 1.222980000000000000e+05
6.221022681713845870e-01 2.568455797105839906e+02 1.220900000000000000e+05
6.283660508217905338e-01 2.525522001978191327e+02 1.258100000000000000e+05
6.346461619227155015e-01 2.509527245429443667e+02 1.281900000000000000e+05
6.409396473976692876e-01 2.476170994905172620e+02 1.309940000000000000e+05
6.472371834330832296e-01 2.467488347667344897e+02 1.337220000000000000e+05
6.534767429514126702e-01 2.424528251331358888e+02 1.338860000000000000e+05
6.597637022409679197e-01 2.383607407819144157e+02 1.405380000000000000e+05
6.660751593608625898e-01 2.364439423726795724e+02 1.405940000000000000e+05
6.723401943305717943e-01 2.337094284316939650e+02 1.435940000000000000e+05
6.786079373829640993e-01 2.328582748554986495e+02 1.463100000000000000e+05
6.849135514418230875e-01 2.315195768611628182e+02 1.506500000000000000e+05
6.912250943479077980e-01 2.275699347156935346e+02 1.519140000000000000e+05
6.974710436131158486e-01 2.256395584016684381e+02 1.533980000000000000e+05
7.037307548900212373e-01 2.238274981974317086e+02 1.578660000000000000e+05
7.100217936516199924e-01 2.208481593061498813e+02 1.606580000000000000e+05
7.163250787242370077e-01 2.193431408688526005e+02 1.641020000000000000e+05
7.226009447591926760e-01 2.175813991001120939e+02 1.649940000000000000e+05
7.288716701068771453e-01 2.151184625298884896e+02 1.698500000000000000e+05
7.351879459163250807e-01 2.135808807250735128e+02 1.729860000000000000e+05
7.414685146977839647e-01 2.109005750181709402e+02 1.738940000000000000e+05
7.477104477723024445e-01 2.082984458354808055e+02 1.767780000000000000e+05
7.539885226758882286e-01 2.085452508404184755e+02 1.818020000000000000e+05
7.602914782916944114e-01 2.052390835415261563e+02 1.844300000000000000e+05
7.665892437025125794e-01 2.037035990775779339e+02 1.872420000000000000e+05
7.728738187058056264e-01 2.020897129050165972e+02 1.902500000000000000e+05
7.791494140893913123e-01 2.002090004248132971e+02 1.925700000000000000e+05
7.854515901778583720e-01 1.992391052603840649e+02 1.982540000000000000e+05
7.917409748104085043e-01 1.969624746930723518e+02 1.980740000000000000e+05
7.979940385111662371e-01 1.956284794545852037e+02 2.020500000000000000e+05
8.042571846768763466e-01 1.936535671101564446e+02 2.055020000000000000e+05
8.105619462845171652e-01 1.939609144261345079e+02 2.106660000000000000e+05
8.168641867275381330e-01 1.909799123966215859e+02 2.124260000000000000e+05
8.231256696255031535e-01 1.901923416331650856e+02 2.139180000000000000e+05
8.294110748726144511e-01 1.883466306729839914e+02 2.209940000000000000e+05
8.357113707437004990e-01 1.859144444372388705e+02 2.215220000000000000e+05
8.419948002460609926e-01 1.840132234985395030e+02 2.263140000000000000e+05
8.482593350903800955e-01 1.839035608802931279e+02 2.272940000000000000e+05
8.545301115901441369e-01 1.829803196674669152e+02 2.329620000000000000e+05
8.608435414229801408e-01 1.810634128953657864e+02 2.378180000000000000e+05
8.671393362117422177e-01 1.793069009004136660e+02 2.383980000000000000e+05
8.733948081113820372e-01 1.779185229215778747e+02 2.414180000000000000e+05
8.796646205952306508e-01 1.771982465816048773e+02 2.468180000000000000e+05
8.859565087287600837e-01 1.754046117366855526e+02 2.499060000000000000e+05
8.922534924202312201e-01 1.752519504267743571e+02 2.547020000000000000e+05
8.985217857854136403e-01 1.736893567798327069e+02 2.544180000000000000e+05
9.047744920414614311e-01 1.730961169884409969e+02 2.603540000000000000e+05
9.110610772062064378e-01 1.713019531430020947e+02 2.649740000000000000e+05
9.173652030728716156e-01 1.696481908258504347e+02 2.687220000000000000e+05
9.236564978724189912e-01 1.683133876573021155e+02 2.715620000000000000e+05
9.299448038968107788e-01 1.680636771713803341e+02 2.755860000000000000e+05
9.362445064485998003e-01 1.655455823827348922e+02 2.801900000000000000e+05
9.425390102875164100e-01 1.651486819510073190e+02 2.828340000000000000e+05
9.488116425969939094e-01 1.642627160690006178e+02 2.851700000000000000e+05
9.550714374598537892e-01 1.633301457267167507e+02 2.898860000000000000e+05
9.613552636148307018e-01 1.625436327694896192e+02 2.944740000000000000e+05
9.676548604748713700e-01 1.609132039330740440e+02 2.994980000000000000e+05
9.739319897320198871e-01 1.599526278451099301e+02 2.999580000000000000e+05
9.801989291478477861e-01 1.587390342576400144e+02 3.058580000000000000e+05
9.864886628427461668e-01 1.584208142105219395e+02 3.107940000000000000e+05
9.927793936164199806e-01 1.572879809944175520e+02 3.130820000000000000e+05
9.990361166530091763e-01 1.561746176999015177e+02 3.160460000000000000e+05
1.005310172388236056e+00 1.552753077191607929e+02 3.222180000000000000e+05
1.011625805491854102e+00 1.543997017069508502e+02 3.285620000000000000e+05
1.017917766942204150e+00 1.536251090239088626e+02 3.279900000000000000e+05
1.024197689983066040e+00 1.520337516017494863e+02 3.352820000000000000e+05
1.030472573734562358e+00 1.518965132440588093e+02 3.359700000000000000e+05
1.036757776698311151e+00 1.508132264363300976e+02 3.440660000000000000e+05
1.043033361905228329e+00 1.501554054989797180e+02 3.437180000000000000e+05
1.049301684494551079e+00 1.480030895699771065e+02 3.514980000000000000e+05
1.055593059295673708e+00 1.476605444448903484e+02 3.544580000000000000e+05
1.061871457102441241e+00 1.476508965984237989e+02 3.585660000000000000e+05
1.068178001041605985e+00 1.462928923045777765e+02 3.661220000000000000e+05
1.074470180493512173e+00 1.454663483474478767e+02 3.658100000000000000e+05
1.080737053769623701e+00 1.451078893127324250e+02 3.716220000000000000e+05
1.087020489212936480e+00 1.434625431544276353e+02 3.759860000000000000e+05
1.093314462971749057e+00 1.427982428020493444e+02 3.821700000000000000e+05
1.099587869600829659e+00 1.427342039327780867e+02 3.818180000000000000e+05
1.105847463881620474e+00 1.409136362778746729e+02 3.895740000000000000e+05
1.112134280670179054e+00 1.409960329110613486e+02 3.936980000000000000e+05
1.118428377412835406e+00 1.399902862052812793e+02 3.994580000000000000e+05
1.124715645780198781e+00 1.394349726553818982e+02 4.022220000000000000e+05
1.130996124361501431e+00 1.389663187423936961e+02 4.069220000000000000e+05
1.137284456696317392e+00 1.380125542596213677e+02 4.128420000000000000e+05
1.143571288435853983e+00 1.372336772086977135e+02 4.153460000000000000e+05
1.149847667202570811e+00 1.365116260794105756e+02 4.211820000000000000e+05
1.156130444085272213e+00 1.358504513737819934e+02 4.250180000000000000e+05
1.162419353814765133e+00 1.347316066962908110e+02 4.311380000000000000e+05
1.168705445387328012e+00 1.344426938441127390e+02 4.343820000000000000e+05
1.174988745725767281e+00 1.333219844872756141e+02 4.395140000000000000e+05
1.181273977502684147e+00 1.330252631005460842e+02 4.447380000000000000e+05
1.187562659051211167e+00 1.322411440668048499e+02 4.489100000000000000e+05
1.193823213156303353e+00 1.316907653135736496e+02 4.506180000000000000e+05
1.200093696126397269e+00 1.305987261247756805e+02 4.595540000000000000e+05
1.206384684590767753e+00 1.302836994721729411e+02 4.631060000000000000e+05
1.212657716259795793e+00 1.294849019968840480e+02 4.670940000000000000e+05
1.218950061014193453e+00 1.288743868021873880e+02 4.749380000000000000e+05
1.225240784026401242e+00 1.283247327161935516e+02 4.771860000000000000e+05
1.231532244371714047e+00 1.273502545809749336e+02 4.846700000000000000e+05
1.237823116543606217e+00 1.271868023098838307e+02 4.870100000000000000e+05
1.244104630523539479e+00 1.267339453885884808e+02 4.933140000000000000e+05
1.250385916236761652e+00 1.259794410022559816e+02 4.963220000000000000e+05
1.256652750742101254e+00 1.248434839838594712e+02 5.017020000000000000e+05
1.262935091931613352e+00 1.243446123163122792e+02 5.085620000000000000e+05
1.269233477511062080e+00 1.238546031179572964e+02 5.142420000000000000e+05
1.275514616938773216e+00 1.234879908914162456e+02 5.161580000000000000e+05
1.281786872211649220e+00 1.229926118917662023e+02 5.226020000000000000e+05
1.288079462048372426e+00 1.219985795469015812e+02 5.306580000000000000e+05
1.294361149637119013e+00 1.217015253883761403e+02 5.300420000000000000e+05
1.300627926004322754e+00 1.212608916185785262e+02 5.388780000000000000e+05
1.306914643728855463e+00 1.208666521740659050e+02 5.441300000000000000e+05
1.313214369136572968e+00 1.203231729307863844e+02 5.511060000000000000e+05
1.319506178663429896e+00 1.194652173851666106e+02 5.539820000000000000e+05
1.325784332573166857e+00 1.186365780849551044e+02 5.582420000000000000e+05
1.332057263563118710e+00 1.182099059523778806e+02 5.645460000000000000e+05
1.338340549575027794e+00 1.175813769454495912e+02 5.704940000000000000e+05
1.344633835480066875e+00 1.172121612193931384e+02 5.767620000000000000e+05
1.350907484373135237e+00 1.164630748492648138e+02 5.782340000000000000e+05
1.357175487163077676e+00 1.160397428449239783e+02 5.856660000000000000e+05
1.363467141694861828e+00 1.156735565901867062e+02 5.944460000000000000e+05
1.369755686854475130e+00 1.154428261024109759e+02 5.952500000000000000e+05
1.376032186684321701e+00 1.147817575941608936e+02 6.034020000000000000e+05
1.382313839440675540e+00 1.140157387475837254e+02 6.073820000000000000e+05
1.388610058625191268e+00 1.136573810120362822e+02 6.170100000000000000e+05
1.394895499348251855e+00 1.130908118076095690e+02 6.167780000000000000e+05
1.401166240321837453e+00 1.124059761035673404e+02 6.247460000000000000e+05
1.407434432864556273e+00 1.120481221298882133e+02 6.280620000000000000e+05
1.413722933193898301e+00 1.113589450158194438e+02 6.394100000000000000e+05
1.420027475896342928e+00 1.112525661639256924e+02 6.429540000000000000e+05
1.426307149789788564e+00 1.107380015777497846e+02 6.459740000000000000e+05
1.432584485912613337e+00 1.100714716532992554e+02 6.534900000000000000e+05
1.438876982104692948e+00 1.097205648374914517e+02 6.607460000000000000e+05
1.445167658311597991e+00 1.091141693112907092e+02 6.646460000000000000e+05
1.451434581318592487e+00 1.086093928564564663e+02 6.672900000000000000e+05
1.457714146029685631e+00 1.084710343029488229e+02 6.790340000000000000e+05
1.464013702919821469e+00 1.080050702763546013e+02 6.827220000000000000e+05
1.470311375243267715e+00 1.074708775359108586e+02 6.912380000000000000e+05
1.476585168270965198e+00 1.071246400859634917e+02 6.886020000000000000e+05
1.482847620858654736e+00 1.067394658949903885e+02 7.008260000000000000e+05
1.489134257848029552e+00 1.060320224829333284e+02 7.056620000000000000e+05
1.495410090151012339e+00 1.052950456476461767e+02 7.100820000000000000e+05
1.501688804650891385e+00 1.051476526771358664e+02 7.191620000000000000e+05
1.507973225127458239e+00 1.048476403883474859e+02 7.222500000000000000e+05
1.514255586288884459e+00 1.045426477060368740e+02 7.315100000000000000e+05
1.520548655276809047e+00 1.039940347515555032e+02 7.364420000000000000e+05
1.526828765310179747e+00 1.035647996986259187e+02 7.408980000000000000e+05
1.533114430439595610e+00 1.033591975558103684e+02 7.501580000000000000e+05
1.539410813276927970e+00 1.025853174648087389e+02 7.548660000000000000e+05
1.545694858079805112e+00 1.023529605597674106e+02 7.608260000000000000e+05
1.551969964575633298e+00 1.016171608698385711e+02 7.640340000000000000e+05
1.558245721095042446e+00 1.015109411315999637e+02 7.738460000000000000e+05
1.564534844516594525e+00 1.011638969545965097e+02 7.797140000000000000e+05
1.570816980798636520e+00 1.005663939011837442e+02 7.843140000000000000e+05
1.577093092211928615e+00 9.998484262323829341e+01 7.913420000000000000e+05
1.583381338673179872e+00 9.930278603396683934e+01 7.994580000000000000e+05
1.589671280639133322e+00 9.944675241525980880e+01 8.049620000000000000e+05
1.595952830483094553e+00 9.919462393887967266e+01 8.095500000000000000e+05
1.602217313416965272e+00 9.872800833122109054e+01 8.134580000000000000e+05
