# Real space DM power spectrum.
# The power spectum is corrected for shot-noise and window function.
# Ngrid=512	Interlacing was set to True.
# redshift=0.120200	model=tabulated	Hz_file=/g100/home/userexternal/mbaldi00/SOURCE/DAKAR2/DST_m09_m01_Hz.dat	zDf_file=/g100_scratch/userexternal/mbaldi00/DAKAR2/DST_m09_m01_CoDECS2/linear_growth.txt	H0=67.66	Om=0.311049	Ob=0.04897468161869667	sigma8=0.6728650210648598	ns=0.9665	Tcmb=0.0	Neff=3.046	m_nu=[0]	Fid_model=w0waCDM	Fid_H0=67.6591	Fid_Om=0.311452	Fid_w0=-0.9001	Fid_wa=-0.1024	
# n_dm=1.073742e+00[h/Mpc]^3
# k[h/Mpc]		Pk_dm[Mpc^3/h^3]		Nmodes
8.018239401280879974e-03 1.409655044825871664e+04 1.800000000000000000e+01
1.401654949351664563e-02 1.681308379839312693e+04 6.200000000000000000e+01
1.969250245970122562e-02 1.239483015701722070e+04 9.800000000000000000e+01
2.551337480545044084e-02 1.877738415361586158e+04 2.100000000000000000e+02
3.202906010406358223e-02 1.460383724885395532e+04 3.500000000000000000e+02
3.846520933840009981e-02 1.257870423298093920e+04 4.500000000000000000e+02
4.443307405343879801e-02 1.002811601961807537e+04 6.020000000000000000e+02
5.042305588722229004e-02 8.979348204984438780e+03 7.620000000000000000e+02
5.690925724269420977e-02 8.501686015428887913e+03 1.142000000000000000e+03
6.341842361688614094e-02 7.309128677425384922e+03 1.250000000000000000e+03
6.949987936003544642e-02 6.977126290594108468e+03 1.458000000000000000e+03
7.558128466088295805e-02 6.981326119542253764e+03 1.814000000000000000e+03
8.196268225887480552e-02 5.674932772925843892e+03 2.178000000000000000e+03
8.830226267620121250e-02 5.122633529306889614e+03 2.498000000000000000e+03
9.435210882776298713e-02 4.567433665983737228e+03 2.622000000000000000e+03
1.005600000334900268e-01 4.374999174729159677e+03 3.338000000000000000e+03
1.070138172820522676e-01 3.749576468935325465e+03 3.722000000000000000e+03
1.134272720352065417e-01 3.555641099487734664e+03 4.170000000000000000e+03
1.196088736356262089e-01 3.437648530569028480e+03 4.358000000000000000e+03
1.257803526943431782e-01 3.244910949972067101e+03 5.034000000000000000e+03
1.321489366516601371e-01 3.055660907036864955e+03 5.714000000000000000e+03
1.384562346816501366e-01 2.809735009755708688e+03 5.982000000000000000e+03
1.446496334058954558e-01 2.727746653796181363e+03 6.602000000000000000e+03
1.508534077925902661e-01 2.493410612909255633e+03 7.130000000000000000e+03
1.571727997187746806e-01 2.333980551958618435e+03 8.034000000000000000e+03
1.635416756874734368e-01 2.161727287697287920e+03 8.606000000000000000e+03
1.698255044437522454e-01 2.022426056644444770e+03 9.066000000000000000e+03
1.761012440422073944e-01 1.983500719184067520e+03 9.962000000000000000e+03
1.823997330750334323e-01 1.874745833823488738e+03 1.055000000000000000e+04
1.886505794152418258e-01 1.859023781647725627e+03 1.122600000000000000e+04
1.949080233860110145e-01 1.738471608431477080e+03 1.214600000000000000e+04
2.011423980633682551e-01 1.664574309664001248e+03 1.260600000000000000e+04
2.073952711124279202e-01 1.545164315738672485e+03 1.380200000000000000e+04
2.137387912274538171e-01 1.495698066065753210e+03 1.475400000000000000e+04
2.200329442788883927e-01 1.485918223298755493e+03 1.519400000000000000e+04
2.262928915227388205e-01 1.386310685447749847e+03 1.645400000000000000e+04
2.325983565681614684e-01 1.340293114874375988e+03 1.715400000000000000e+04
2.388889575828848644e-01 1.313365184597179223e+03 1.826600000000000000e+04
2.451217204984029174e-01 1.256028997425384432e+03 1.875000000000000000e+04
2.513735730109318833e-01 1.219223861768569122e+03 2.023400000000000000e+04
2.577068704519516196e-01 1.161602476959184060e+03 2.145000000000000000e+04
2.640202590165574015e-01 1.139891462235511199e+03 2.196200000000000000e+04
2.702896249217050517e-01 1.097766827625708402e+03 2.346200000000000000e+04
2.765613443273721161e-01 1.072289457726524233e+03 2.404200000000000000e+04
2.828696817722480827e-01 1.044263466602907101e+03 2.594600000000000000e+04
2.891484548613966754e-01 9.951513790104983173e+02 2.611800000000000000e+04
2.953521325173381618e-01 9.737129005039855656e+02 2.750600000000000000e+04
3.016073414663040242e-01 9.700769344955008364e+02 2.906600000000000000e+04
3.079380380657114613e-01 9.229446051757950045e+02 3.045000000000000000e+04
3.142758188292146815e-01 8.941941263573988863e+02 3.174200000000000000e+04
3.205460861690284657e-01 8.805883673478651872e+02 3.225000000000000000e+04
3.268125857401938394e-01 8.575566774253845779e+02 3.425000000000000000e+04
3.331235790942642661e-01 8.347244003339420715e+02 3.545400000000000000e+04
3.394044287142444771e-01 8.277992587505203801e+02 3.643400000000000000e+04
3.456389225992096970e-01 8.034782098281232265e+02 3.768200000000000000e+04
3.518805674449744791e-01 7.779296231168386839e+02 3.929400000000000000e+04
3.582029755837912721e-01 7.613083336799106746e+02 4.142600000000000000e+04
3.645115539318926068e-01 7.494225974558129337e+02 4.206600000000000000e+04
3.707638220461956791e-01 7.305495695845015689e+02 4.349000000000000000e+04
3.770538406945189158e-01 7.187265042163346607e+02 4.570200000000000000e+04
3.833585849945114754e-01 7.057248510326239739e+02 4.663400000000000000e+04
3.896511111060295685e-01 6.983247634327166224e+02 4.855400000000000000e+04
3.958767350353735170e-01 6.805903062365160849e+02 4.887000000000000000e+04
4.021123550664917334e-01 6.659918259686594411e+02 5.155400000000000000e+04
4.084534706459355680e-01 6.594998846725651447e+02 5.409000000000000000e+04
4.147693430455148822e-01 6.538281132982717736e+02 5.431400000000000000e+04
4.210541279197388409e-01 6.328002535982891459e+02 5.691000000000000000e+04
4.273285528543883660e-01 6.241606366474018159e+02 5.748200000000000000e+04
4.336210871857300031e-01 6.133333823374683789e+02 6.062600000000000000e+04
4.399178901492071248e-01 5.922726770332661772e+02 6.120600000000000000e+04
4.461481615369914944e-01 5.887561314768469174e+02 6.257000000000000000e+04
4.524185591367541615e-01 5.838444571302377426e+02 6.573000000000000000e+04
4.587151924004577719e-01 5.710768350596705432e+02 6.668600000000000000e+04
4.650253487526455620e-01 5.697893867714202543e+02 6.969800000000000000e+04
4.713138026405762626e-01 5.544664439692396627e+02 7.002600000000000000e+04
4.775801322871031096e-01 5.513221071672260223e+02 7.274600000000000000e+04
4.838809178367569630e-01 5.392509761838947497e+02 7.491000000000000000e+04
4.901499165155780435e-01 5.325203559336119952e+02 7.572200000000000000e+04
4.963993143780123241e-01 5.280046543576869453e+02 7.837800000000000000e+04
5.026659111298577010e-01 5.212884949937963484e+02 8.003000000000000000e+04
5.089643413427887841e-01 5.182480585712504535e+02 8.318600000000000000e+04
5.152747315442799403e-01 5.073987745127631115e+02 8.466600000000000000e+04
5.215661708673858810e-01 4.995257291666550827e+02 8.654600000000000000e+04
5.278286396879566800e-01 4.924939162662404328e+02 8.813400000000000000e+04
5.341160320652750260e-01 4.919178548161948470e+02 9.153800000000000000e+04
5.404304286902661403e-01 4.863454065799722912e+02 9.313800000000000000e+04
5.466976878455739319e-01 4.781592593598031726e+02 9.447800000000000000e+04
5.529595373159058580e-01 4.678125144219098388e+02 9.727400000000000000e+04
5.592440147746206014e-01 4.700120418551167063e+02 9.969000000000000000e+04
5.655545845518847869e-01 4.588070144952744158e+02 1.025900000000000000e+05
5.718545124332512497e-01 4.540008929019192010e+02 1.037700000000000000e+05
5.781226402320145397e-01 4.546593719508015283e+02 1.063460000000000000e+05
5.844054810026423352e-01 4.481003506330568484e+02 1.085460000000000000e+05
5.906692678833675991e-01 4.454152988151213322e+02 1.107260000000000000e+05
5.969160111309492756e-01 4.361250688714058015e+02 1.123220000000000000e+05
6.031708558297608214e-01 4.325380363001796127e+02 1.158900000000000000e+05
6.094688112237535149e-01 4.269959966918412420e+02 1.187660000000000000e+05
6.158118423264375974e-01 4.256270512336234333e+02 1.222980000000000000e+05
6.221022681713845870e-01 4.194093441466557124e+02 1.220900000000000000e+05
6.283660508217905338e-01 4.122771346227456206e+02 1.258100000000000000e+05
6.346461619227155015e-01 4.130611261343321416e+02 1.281900000000000000e+05
6.409396473976692876e-01 4.095147131216759249e+02 1.309940000000000000e+05
6.472371834330832296e-01 4.065012913557774255e+02 1.337220000000000000e+05
6.534767429514126702e-01 3.996657226728338514e+02 1.338860000000000000e+05
6.597637022409679197e-01 3.960190822980879943e+02 1.405380000000000000e+05
6.660751593608625898e-01 3.919810065432700981e+02 1.405940000000000000e+05
6.723401943305717943e-01 3.888964139603372132e+02 1.435940000000000000e+05
6.786079373829640993e-01 3.860241828590527575e+02 1.463100000000000000e+05
6.849135514418230875e-01 3.846459757990984372e+02 1.506500000000000000e+05
6.912250943479077980e-01 3.789957677528066142e+02 1.519140000000000000e+05
6.974710436131158486e-01 3.763529705713186218e+02 1.533980000000000000e+05
7.037307548900212373e-01 3.735173110767090634e+02 1.578660000000000000e+05
7.100217936516199924e-01 3.693706107246911188e+02 1.606580000000000000e+05
7.163250787242370077e-01 3.667249643688708716e+02 1.641020000000000000e+05
7.226009447591926760e-01 3.652835458448421946e+02 1.649940000000000000e+05
7.288716701068771453e-01 3.614699255855258002e+02 1.698500000000000000e+05
7.351879459163250807e-01 3.599355452644003890e+02 1.729860000000000000e+05
7.414685146977839647e-01 3.554380748744051743e+02 1.738940000000000000e+05
7.477104477723024445e-01 3.535806189565705040e+02 1.767780000000000000e+05
7.539885226758882286e-01 3.515579349693059612e+02 1.818020000000000000e+05
7.602914782916944114e-01 3.468384762650526909e+02 1.844300000000000000e+05
7.665892437025125794e-01 3.472017031354282040e+02 1.872420000000000000e+05
7.728738187058056264e-01 3.434466432598129586e+02 1.902500000000000000e+05
7.791494140893913123e-01 3.399604258804917549e+02 1.925700000000000000e+05
7.854515901778583720e-01 3.382563054177579716e+02 1.982540000000000000e+05
7.917409748104085043e-01 3.359528520267961085e+02 1.980740000000000000e+05
7.979940385111662371e-01 3.331100731195196545e+02 2.020500000000000000e+05
8.042571846768763466e-01 3.301001613038869209e+02 2.055020000000000000e+05
8.105619462845171652e-01 3.304512450917378601e+02 2.106660000000000000e+05
8.168641867275381330e-01 3.272947514464553933e+02 2.124260000000000000e+05
8.231256696255031535e-01 3.262250644521892013e+02 2.139180000000000000e+05
8.294110748726144511e-01 3.238370240773297724e+02 2.209940000000000000e+05
8.357113707437004990e-01 3.190470091486445199e+02 2.215220000000000000e+05
8.419948002460609926e-01 3.177206388594981377e+02 2.263140000000000000e+05
8.482593350903800955e-01 3.160210298851942525e+02 2.272940000000000000e+05
8.545301115901441369e-01 3.150034307327908891e+02 2.329620000000000000e+05
8.608435414229801408e-01 3.122016110132542508e+02 2.378180000000000000e+05
8.671393362117422177e-01 3.099657822668680751e+02 2.383980000000000000e+05
8.733948081113820372e-01 3.082519860436317458e+02 2.414180000000000000e+05
8.796646205952306508e-01 3.071218664148423159e+02 2.468180000000000000e+05
8.859565087287600837e-01 3.032894964533390407e+02 2.499060000000000000e+05
8.922534924202312201e-01 3.032153272357510900e+02 2.547020000000000000e+05
8.985217857854136403e-01 3.021527044989405795e+02 2.544180000000000000e+05
9.047744920414614311e-01 3.002021188167209402e+02 2.603540000000000000e+05
9.110610772062064378e-01 2.978195888355606371e+02 2.649740000000000000e+05
9.173652030728716156e-01 2.945060439231033911e+02 2.687220000000000000e+05
9.236564978724189912e-01 2.936395525846483565e+02 2.715620000000000000e+05
9.299448038968107788e-01 2.923600928093300126e+02 2.755860000000000000e+05
9.362445064485998003e-01 2.900653582491112843e+02 2.801900000000000000e+05
9.425390102875164100e-01 2.884648886305437259e+02 2.828340000000000000e+05
9.488116425969939094e-01 2.880806772851173037e+02 2.851700000000000000e+05
9.550714374598537892e-01 2.853483597832769192e+02 2.898860000000000000e+05
9.613552636148307018e-01 2.850278045469640347e+02 2.944740000000000000e+05
9.676548604748713700e-01 2.820360695281698327e+02 2.994980000000000000e+05
9.739319897320198871e-01 2.820505882262299338e+02 2.999580000000000000e+05
9.801989291478477861e-01 2.792107564293667679e+02 3.058580000000000000e+05
9.864886628427461668e-01 2.788269224365494665e+02 3.107940000000000000e+05
9.927793936164199806e-01 2.757729018777644114e+02 3.130820000000000000e+05
9.990361166530091763e-01 2.749141176461118903e+02 3.160460000000000000e+05
1.005310172388236056e+00 2.743248083677899558e+02 3.222180000000000000e+05
1.011625805491854102e+00 2.726214071993693437e+02 3.285620000000000000e+05
1.017917766942204150e+00 2.714814948893316000e+02 3.279900000000000000e+05
1.024197689983066040e+00 2.698211067237065208e+02 3.352820000000000000e+05
1.030472573734562358e+00 2.687313020644891708e+02 3.359700000000000000e+05
1.036757776698311151e+00 2.676293372987809107e+02 3.440660000000000000e+05
1.043033361905228329e+00 2.663202499354072756e+02 3.437180000000000000e+05
1.049301684494551079e+00 2.637248632358301279e+02 3.514980000000000000e+05
1.055593059295673708e+00 2.638152143916823320e+02 3.544580000000000000e+05
1.061871457102441241e+00 2.624667910223234344e+02 3.585660000000000000e+05
1.068178001041605985e+00 2.604817364603509873e+02 3.661220000000000000e+05
1.074470180493512173e+00 2.587093433448508790e+02 3.658100000000000000e+05
1.080737053769623701e+00 2.580769815623839349e+02 3.716220000000000000e+05
1.087020489212936480e+00 2.566370549713569744e+02 3.759860000000000000e+05
1.093314462971749057e+00 2.548560181376329865e+02 3.821700000000000000e+05
1.099587869600829659e+00 2.556172110199242979e+02 3.818180000000000000e+05
1.105847463881620474e+00 2.517767328910983338e+02 3.895740000000000000e+05
1.112134280670179054e+00 2.523319604494283226e+02 3.936980000000000000e+05
1.118428377412835406e+00 2.506829547711880934e+02 3.994580000000000000e+05
1.124715645780198781e+00 2.498493706743863356e+02 4.022220000000000000e+05
1.130996124361501431e+00 2.484613964231285763e+02 4.069220000000000000e+05
1.137284456696317392e+00 2.471807009113670688e+02 4.128420000000000000e+05
1.143571288435853983e+00 2.460521755209482251e+02 4.153460000000000000e+05
1.149847667202570811e+00 2.450604814435999117e+02 4.211820000000000000e+05
1.156130444085272213e+00 2.439483389926593304e+02 4.250180000000000000e+05
1.162419353814765133e+00 2.419305360414192876e+02 4.311380000000000000e+05
1.168705445387328012e+00 2.411536809476299084e+02 4.343820000000000000e+05
1.174988745725767281e+00 2.407033739310703311e+02 4.395140000000000000e+05
1.181273977502684147e+00 2.395368362065095766e+02 4.447380000000000000e+05
1.187562659051211167e+00 2.377066226705338750e+02 4.489100000000000000e+05
1.193823213156303353e+00 2.370056084845077748e+02 4.506180000000000000e+05
1.200093696126397269e+00 2.360238295946616915e+02 4.595540000000000000e+05
1.206384684590767753e+00 2.355583622923480220e+02 4.631060000000000000e+05
1.212657716259795793e+00 2.332530428850135991e+02 4.670940000000000000e+05
1.218950061014193453e+00 2.334571491838034945e+02 4.749380000000000000e+05
1.225240784026401242e+00 2.319183419167987665e+02 4.771860000000000000e+05
1.231532244371714047e+00 2.314266447020882822e+02 4.846700000000000000e+05
1.237823116543606217e+00 2.305905435061631579e+02 4.870100000000000000e+05
1.244104630523539479e+00 2.294404406431322343e+02 4.933140000000000000e+05
1.250385916236761652e+00 2.285514406315288909e+02 4.963220000000000000e+05
1.256652750742101254e+00 2.262628763721696714e+02 5.017020000000000000e+05
1.262935091931613352e+00 2.261896341622229158e+02 5.085620000000000000e+05
1.269233477511062080e+00 2.256689317803380561e+02 5.142420000000000000e+05
1.275514616938773216e+00 2.243232545122455122e+02 5.161580000000000000e+05
1.281786872211649220e+00 2.230845059143684921e+02 5.226020000000000000e+05
1.288079462048372426e+00 2.217171327393532181e+02 5.306580000000000000e+05
1.294361149637119013e+00 2.213511229674359129e+02 5.300420000000000000e+05
1.300627926004322754e+00 2.206785111910977264e+02 5.388780000000000000e+05
1.306914643728855463e+00 2.204125033493365322e+02 5.441300000000000000e+05
1.313214369136572968e+00 2.197062897903379053e+02 5.511060000000000000e+05
1.319506178663429896e+00 2.177083588590773218e+02 5.539820000000000000e+05
1.325784332573166857e+00 2.169117060760414120e+02 5.582420000000000000e+05
1.332057263563118710e+00 2.163847650426911571e+02 5.645460000000000000e+05
1.338340549575027794e+00 2.154855512224796712e+02 5.704940000000000000e+05
1.344633835480066875e+00 2.148406735000218930e+02 5.767620000000000000e+05
1.350907484373135237e+00 2.134296869820691711e+02 5.782340000000000000e+05
1.357175487163077676e+00 2.126550696694280589e+02 5.856660000000000000e+05
1.363467141694861828e+00 2.124898729587046375e+02 5.944460000000000000e+05
1.369755686854475130e+00 2.111909520998910352e+02 5.952500000000000000e+05
1.376032186684321701e+00 2.107346248368945965e+02 6.034020000000000000e+05
1.382313839440675540e+00 2.090413140856740881e+02 6.073820000000000000e+05
1.388610058625191268e+00 2.081156750429271938e+02 6.170100000000000000e+05
1.394895499348251855e+00 2.074457336757695884e+02 6.167780000000000000e+05
1.401166240321837453e+00 2.060629310900738744e+02 6.247460000000000000e+05
1.407434432864556273e+00 2.062008395367684273e+02 6.280620000000000000e+05
1.413722933193898301e+00 2.046279899165873530e+02 6.394100000000000000e+05
1.420027475896342928e+00 2.042392370610660919e+02 6.429540000000000000e+05
1.426307149789788564e+00 2.029921913748623581e+02 6.459740000000000000e+05
1.432584485912613337e+00 2.031628793259491772e+02 6.534900000000000000e+05
1.438876982104692948e+00 2.015274255676358734e+02 6.607460000000000000e+05
1.445167658311597991e+00 2.009741007635224150e+02 6.646460000000000000e+05
1.451434581318592487e+00 2.006575518278182244e+02 6.672900000000000000e+05
1.457714146029685631e+00 2.002147525850967043e+02 6.790340000000000000e+05
1.464013702919821469e+00 1.982239412077146596e+02 6.827220000000000000e+05
1.470311375243267715e+00 1.975444325198671720e+02 6.912380000000000000e+05
1.476585168270965198e+00 1.977727183663054120e+02 6.886020000000000000e+05
1.482847620858654736e+00 1.971542963950003866e+02 7.008260000000000000e+05
1.489134257848029552e+00 1.958042023650865247e+02 7.056620000000000000e+05
1.495410090151012339e+00 1.951805405623179865e+02 7.100820000000000000e+05
1.501688804650891385e+00 1.944694577780727798e+02 7.191620000000000000e+05
1.507973225127458239e+00 1.935276597722173335e+02 7.222500000000000000e+05
1.514255586288884459e+00 1.930300559437916661e+02 7.315100000000000000e+05
1.520548655276809047e+00 1.925169163905711969e+02 7.364420000000000000e+05
1.526828765310179747e+00 1.916944477743394373e+02 7.408980000000000000e+05
1.533114430439595610e+00 1.908221800208377488e+02 7.501580000000000000e+05
1.539410813276927970e+00 1.902746398081120560e+02 7.548660000000000000e+05
1.545694858079805112e+00 1.894867546204330608e+02 7.608260000000000000e+05
1.551969964575633298e+00 1.884930852396964553e+02 7.640340000000000000e+05
1.558245721095042446e+00 1.878551594902914985e+02 7.738460000000000000e+05
1.564534844516594525e+00 1.877082042262371431e+02 7.797140000000000000e+05
1.570816980798636520e+00 1.861644171418756173e+02 7.843140000000000000e+05
1.577093092211928615e+00 1.857876838726601534e+02 7.913420000000000000e+05
1.583381338673179872e+00 1.851865322720431379e+02 7.994580000000000000e+05
1.589671280639133322e+00 1.850936972399844649e+02 8.049620000000000000e+05
1.595952830483094553e+00 1.840086366619974569e+02 8.095500000000000000e+05
1.602217313416965272e+00 1.837864821553152694e+02 8.134580000000000000e+05
