# Real space DM power spectrum.
# The power spectum is corrected for shot-noise and window function.
# Ngrid=512	Interlacing was set to True.
# redshift=0.057540	model=tabulated	Hz_file=/g100/home/userexternal/mbaldi00/SOURCE/DAKAR2/DST_m09_m01_Hz.dat	zDf_file=/g100_scratch/userexternal/mbaldi00/DAKAR2/DST_m09_m01_CoDECS2/linear_growth.txt	H0=67.66	Om=0.311049	Ob=0.04897468161869667	sigma8=0.6728650210648598	ns=0.9665	Tcmb=0.0	Neff=3.046	m_nu=[0]	Fid_model=w0waCDM	Fid_H0=67.6591	Fid_Om=0.311452	Fid_w0=-0.9001	Fid_wa=-0.1024	
# n_dm=1.073742e+00[h/Mpc]^3
# k[h/Mpc]		Pk_dm[Mpc^3/h^3]		Nmodes
8.018239401280879974e-03 1.494907562186982796e+04 1.800000000000000000e+01
1.401654949351664563e-02 1.783178843548989971e+04 6.200000000000000000e+01
1.969250245970122562e-02 1.314008781007844482e+04 9.800000000000000000e+01
2.551337480545044084e-02 1.989916629647300579e+04 2.100000000000000000e+02
3.202906010406358223e-02 1.547855153456824155e+04 3.500000000000000000e+02
3.846520933840009981e-02 1.333138089964760729e+04 4.500000000000000000e+02
4.443307405343879801e-02 1.062509857775761157e+04 6.020000000000000000e+02
5.042305588722229004e-02 9.516432194485751097e+03 7.620000000000000000e+02
5.690925724269420977e-02 9.014136102994561952e+03 1.142000000000000000e+03
6.341842361688614094e-02 7.744018277425384440e+03 1.250000000000000000e+03
6.949987936003544642e-02 7.395675673310157435e+03 1.458000000000000000e+03
7.558128466088295805e-02 7.400310684040599881e+03 1.814000000000000000e+03
8.196268225887480552e-02 6.015673819757799720e+03 2.178000000000000000e+03
8.830226267620121250e-02 5.429258028906569052e+03 2.498000000000000000e+03
9.435210882776298713e-02 4.842142285358260779e+03 2.622000000000000000e+03
1.005600000334900268e-01 4.641502170535030928e+03 3.338000000000000000e+03
1.070138172820522676e-01 3.981332245399592011e+03 3.722000000000000000e+03
1.134272720352065417e-01 3.779143017952962509e+03 4.170000000000000000e+03
1.196088736356262089e-01 3.652095983529101886e+03 4.358000000000000000e+03
1.257803526943431782e-01 3.445819571346719385e+03 5.034000000000000000e+03
1.321489366516601371e-01 3.246557301856606045e+03 5.714000000000000000e+03
1.384562346816501366e-01 2.984862726238490268e+03 5.982000000000000000e+03
1.446496334058954558e-01 2.901025963096393298e+03 6.602000000000000000e+03
1.508534077925902661e-01 2.653323656387516621e+03 7.130000000000000000e+03
1.571727997187746806e-01 2.485628050091553177e+03 8.034000000000000000e+03
1.635416756874734368e-01 2.306026381352876797e+03 8.606000000000000000e+03
1.698255044437522454e-01 2.157527755298757256e+03 9.066000000000000000e+03
1.761012440422073944e-01 2.115768938417153095e+03 9.962000000000000000e+03
1.823997330750334323e-01 2.000328013918275474e+03 1.055000000000000000e+04
1.886505794152418258e-01 1.983226525278582585e+03 1.122600000000000000e+04
1.949080233860110145e-01 1.855211440474948176e+03 1.214600000000000000e+04
2.011423980633682551e-01 1.780240817676058896e+03 1.260600000000000000e+04
2.073952711124279202e-01 1.651057374715632477e+03 1.380200000000000000e+04
2.137387912274538171e-01 1.598767877642274698e+03 1.475400000000000000e+04
2.200329442788883927e-01 1.590560713755514598e+03 1.519400000000000000e+04
2.262928915227388205e-01 1.484723229509984094e+03 1.645400000000000000e+04
2.325983565681614684e-01 1.437080453104526441e+03 1.715400000000000000e+04
2.388889575828848644e-01 1.409139409933870184e+03 1.826600000000000000e+04
2.451217204984029174e-01 1.348701424092051184e+03 1.875000000000000000e+04
2.513735730109318833e-01 1.308999289266839469e+03 2.023400000000000000e+04
2.577068704519516196e-01 1.247804435001142110e+03 2.145000000000000000e+04
2.640202590165574015e-01 1.224003018560071723e+03 2.196200000000000000e+04
2.702896249217050517e-01 1.179637256404158734e+03 2.346200000000000000e+04
2.765613443273721161e-01 1.153949469372809972e+03 2.404200000000000000e+04
2.828696817722480827e-01 1.123983115103639420e+03 2.594600000000000000e+04
2.891484548613966754e-01 1.072855950570342202e+03 2.611800000000000000e+04
2.953521325173381618e-01 1.049080238539323318e+03 2.750600000000000000e+04
3.016073414663040242e-01 1.045911380239669370e+03 2.906600000000000000e+04
3.079380380657114613e-01 9.949048022201300228e+02 3.045000000000000000e+04
3.142758188292146815e-01 9.648581046826461716e+02 3.174200000000000000e+04
3.205460861690284657e-01 9.507237471928264085e+02 3.225000000000000000e+04
3.268125857401938394e-01 9.275620496881582540e+02 3.425000000000000000e+04
3.331235790942642661e-01 9.015380743904660221e+02 3.545400000000000000e+04
3.394044287142444771e-01 8.955219902650397898e+02 3.643400000000000000e+04
3.456389225992096970e-01 8.698259620705732686e+02 3.768200000000000000e+04
3.518805674449744791e-01 8.427774370324492565e+02 3.929400000000000000e+04
3.582029755837912721e-01 8.248609817753097104e+02 4.142600000000000000e+04
3.645115539318926068e-01 8.120842244229597782e+02 4.206600000000000000e+04
3.707638220461956791e-01 7.926637107663824509e+02 4.349000000000000000e+04
3.770538406945189158e-01 7.798411600300845521e+02 4.570200000000000000e+04
3.833585849945114754e-01 7.657498971363251030e+02 4.663400000000000000e+04
3.896511111060295685e-01 7.588820810584528544e+02 4.855400000000000000e+04
3.958767350353735170e-01 7.394787449514741411e+02 4.887000000000000000e+04
4.021123550664917334e-01 7.239902741977008418e+02 5.155400000000000000e+04
4.084534706459355680e-01 7.178092949147541049e+02 5.409000000000000000e+04
4.147693430455148822e-01 7.114943503642216456e+02 5.431400000000000000e+04
4.210541279197388409e-01 6.888640736650612553e+02 5.691000000000000000e+04
4.273285528543883660e-01 6.795000472455021736e+02 5.748200000000000000e+04
4.336210871857300031e-01 6.682972592219733770e+02 6.062600000000000000e+04
4.399178901492071248e-01 6.456223486340895761e+02 6.120600000000000000e+04
4.461481615369914944e-01 6.419362497443872826e+02 6.257000000000000000e+04
4.524185591367541615e-01 6.369862797378750656e+02 6.573000000000000000e+04
4.587151924004577719e-01 6.238253579880213238e+02 6.668600000000000000e+04
4.650253487526455620e-01 6.223555436195364337e+02 6.969800000000000000e+04
4.713138026405762626e-01 6.058671808384025326e+02 7.002600000000000000e+04
4.775801322871031096e-01 6.024399693177222161e+02 7.274600000000000000e+04
4.838809178367569630e-01 5.896890485373855881e+02 7.491000000000000000e+04
4.901499165155780435e-01 5.827791446607983517e+02 7.572200000000000000e+04
4.963993143780123241e-01 5.777324861472197881e+02 7.837800000000000000e+04
5.026659111298577010e-01 5.706420873966452518e+02 8.003000000000000000e+04
5.089643413427887841e-01 5.680182122028711547e+02 8.318600000000000000e+04
5.152747315442799403e-01 5.558883689190182622e+02 8.466600000000000000e+04
5.215661708673858810e-01 5.475869220582965227e+02 8.654600000000000000e+04
5.278286396879566800e-01 5.398886560942296455e+02 8.813400000000000000e+04
5.341160320652750260e-01 5.399856736455334385e+02 9.153800000000000000e+04
5.404304286902661403e-01 5.340027322687352580e+02 9.313800000000000000e+04
5.466976878455739319e-01 5.251333273968065214e+02 9.447800000000000000e+04
5.529595373159058580e-01 5.137188820021470974e+02 9.727400000000000000e+04
5.592440147746206014e-01 5.167889302090138699e+02 9.969000000000000000e+04
5.655545845518847869e-01 5.045528766650765533e+02 1.025900000000000000e+05
5.718545124332512497e-01 4.995222189113631543e+02 1.037700000000000000e+05
5.781226402320145397e-01 5.001585538664353976e+02 1.063460000000000000e+05
5.844054810026423352e-01 4.933463845725847818e+02 1.085460000000000000e+05
5.906692678833675991e-01 4.905726782923895257e+02 1.107260000000000000e+05
5.969160111309492756e-01 4.803984970511035044e+02 1.123220000000000000e+05
6.031708558297608214e-01 4.764600658109225719e+02 1.158900000000000000e+05
6.094688112237535149e-01 4.707088774826399344e+02 1.187660000000000000e+05
6.158118423264375974e-01 4.696327749576418000e+02 1.222980000000000000e+05
6.221022681713845870e-01 4.624571940934163194e+02 1.220900000000000000e+05
6.283660508217905338e-01 4.548027526181355142e+02 1.258100000000000000e+05
6.346461619227155015e-01 4.561496977857869979e+02 1.281900000000000000e+05
6.409396473976692876e-01 4.527878401351269417e+02 1.309940000000000000e+05
6.472371834330832296e-01 4.490504007020330732e+02 1.337220000000000000e+05
6.534767429514126702e-01 4.417457609143228865e+02 1.338860000000000000e+05
6.597637022409679197e-01 4.382434201995808394e+02 1.405380000000000000e+05
6.660751593608625898e-01 4.338277994362811683e+02 1.405940000000000000e+05
6.723401943305717943e-01 4.305923344026955419e+02 1.435940000000000000e+05
6.786079373829640993e-01 4.271286323156859339e+02 1.463100000000000000e+05
6.849135514418230875e-01 4.256874095860217722e+02 1.506500000000000000e+05
6.912250943479077980e-01 4.201359654962667491e+02 1.519140000000000000e+05
6.974710436131158486e-01 4.171316769429793112e+02 1.533980000000000000e+05
7.037307548900212373e-01 4.139408855005875694e+02 1.578660000000000000e+05
7.100217936516199924e-01 4.095917014889232632e+02 1.606580000000000000e+05
7.163250787242370077e-01 4.065326937079404956e+02 1.641020000000000000e+05
7.226009447591926760e-01 4.052426473879286277e+02 1.649940000000000000e+05
7.288716701068771453e-01 4.010261693300062120e+02 1.698500000000000000e+05
7.351879459163250807e-01 3.992908456933368484e+02 1.729860000000000000e+05
7.414685146977839647e-01 3.946500315836648838e+02 1.738940000000000000e+05
7.477104477723024445e-01 3.930660752916348315e+02 1.767780000000000000e+05
7.539885226758882286e-01 3.902872558788669153e+02 1.818020000000000000e+05
7.602914782916944114e-01 3.856290417912686053e+02 1.844300000000000000e+05
7.665892437025125794e-01 3.863604602518871047e+02 1.872420000000000000e+05
7.728738187058056264e-01 3.821291977933214525e+02 1.902500000000000000e+05
7.791494140893913123e-01 3.783009150532600984e+02 1.925700000000000000e+05
7.854515901778583720e-01 3.764449724812220097e+02 1.982540000000000000e+05
7.917409748104085043e-01 3.741208700402658565e+02 1.980740000000000000e+05
7.979940385111662371e-01 3.708090189250133335e+02 2.020500000000000000e+05
8.042571846768763466e-01 3.675295975137534583e+02 2.055020000000000000e+05
8.105619462845171652e-01 3.677705657224993843e+02 2.106660000000000000e+05
8.168641867275381330e-01 3.647198877292079828e+02 2.124260000000000000e+05
8.231256696255031535e-01 3.636972173331996601e+02 2.139180000000000000e+05
8.294110748726144511e-01 3.611677389383667673e+02 2.209940000000000000e+05
8.357113707437004990e-01 3.558730760855627295e+02 2.215220000000000000e+05
8.419948002460609926e-01 3.546028467653281382e+02 2.263140000000000000e+05
8.482593350903800955e-01 3.523359700067988456e+02 2.272940000000000000e+05
8.545301115901441369e-01 3.517346057742139465e+02 2.329620000000000000e+05
8.608435414229801408e-01 3.485217886280689754e+02 2.378180000000000000e+05
8.671393362117422177e-01 3.462450127973255576e+02 2.383980000000000000e+05
8.733948081113820372e-01 3.442199751745167760e+02 2.414180000000000000e+05
8.796646205952306508e-01 3.429720232105379409e+02 2.468180000000000000e+05
8.859565087287600837e-01 3.391508843351825817e+02 2.499060000000000000e+05
8.922534924202312201e-01 3.387388174321374663e+02 2.547020000000000000e+05
8.985217857854136403e-01 3.378307461469372015e+02 2.544180000000000000e+05
9.047744920414614311e-01 3.356353827573556146e+02 2.603540000000000000e+05
9.110610772062064378e-01 3.331697439451185119e+02 2.649740000000000000e+05
9.173652030728716156e-01 3.294542208494436295e+02 2.687220000000000000e+05
9.236564978724189912e-01 3.288140173477595454e+02 2.715620000000000000e+05
9.299448038968107788e-01 3.269800517332230925e+02 2.755860000000000000e+05
9.362445064485998003e-01 3.250725747807505286e+02 2.801900000000000000e+05
9.425390102875164100e-01 3.225727823066930000e+02 2.828340000000000000e+05
9.488116425969939094e-01 3.226630527103022814e+02 2.851700000000000000e+05
9.550714374598537892e-01 3.196255584061838704e+02 2.898860000000000000e+05
9.613552636148307018e-01 3.193617015972978379e+02 2.944740000000000000e+05
9.676548604748713700e-01 3.157457036492658062e+02 2.994980000000000000e+05
9.739319897320198871e-01 3.162237991424248662e+02 2.999580000000000000e+05
9.801989291478477861e-01 3.130169279207124191e+02 3.058580000000000000e+05
9.864886628427461668e-01 3.125585646175439365e+02 3.107940000000000000e+05
9.927793936164199806e-01 3.091347942893370941e+02 3.130820000000000000e+05
9.990361166530091763e-01 3.083181917365923823e+02 3.160460000000000000e+05
1.005310172388236056e+00 3.075303027846133546e+02 3.222180000000000000e+05
1.011625805491854102e+00 3.058831477536635362e+02 3.285620000000000000e+05
1.017917766942204150e+00 3.045411125606020732e+02 3.279900000000000000e+05
1.024197689983066040e+00 3.030169478365608029e+02 3.352820000000000000e+05
1.030472573734562358e+00 3.018481636890389836e+02 3.359700000000000000e+05
1.036757776698311151e+00 3.004585502986123515e+02 3.440660000000000000e+05
1.043033361905228329e+00 2.992107473780782811e+02 3.437180000000000000e+05
1.049301684494551079e+00 2.965023356538808343e+02 3.514980000000000000e+05
1.055593059295673708e+00 2.966173404545727408e+02 3.544580000000000000e+05
1.061871457102441241e+00 2.947240825669763353e+02 3.585660000000000000e+05
1.068178001041605985e+00 2.929094845880242701e+02 3.661220000000000000e+05
1.074470180493512173e+00 2.909694346490798580e+02 3.658100000000000000e+05
1.080737053769623701e+00 2.900924381284645506e+02 3.716220000000000000e+05
1.087020489212936480e+00 2.886382252276962959e+02 3.759860000000000000e+05
1.093314462971749057e+00 2.867960238942334286e+02 3.821700000000000000e+05
1.099587869600829659e+00 2.874531957037265215e+02 3.818180000000000000e+05
1.105847463881620474e+00 2.837128887947264388e+02 3.895740000000000000e+05
1.112134280670179054e+00 2.840003763418128528e+02 3.936980000000000000e+05
1.118428377412835406e+00 2.820737092434980582e+02 3.994580000000000000e+05
1.124715645780198781e+00 2.815177925906415339e+02 4.022220000000000000e+05
1.130996124361501431e+00 2.797364417635131986e+02 4.069220000000000000e+05
1.137284456696317392e+00 2.783272218564259788e+02 4.128420000000000000e+05
1.143571288435853983e+00 2.772477377750689129e+02 4.153460000000000000e+05
1.149847667202570811e+00 2.759445173235757807e+02 4.211820000000000000e+05
1.156130444085272213e+00 2.751372109933745946e+02 4.250180000000000000e+05
1.162419353814765133e+00 2.728995343667814382e+02 4.311380000000000000e+05
1.168705445387328012e+00 2.715650515845347286e+02 4.343820000000000000e+05
1.174988745725767281e+00 2.714174444726230604e+02 4.395140000000000000e+05
1.181273977502684147e+00 2.701217108967766762e+02 4.447380000000000000e+05
1.187562659051211167e+00 2.680947895636750218e+02 4.489100000000000000e+05
1.193823213156303353e+00 2.670890050643159839e+02 4.506180000000000000e+05
1.200093696126397269e+00 2.662615470337439092e+02 4.595540000000000000e+05
1.206384684590767753e+00 2.658178709145641392e+02 4.631060000000000000e+05
1.212657716259795793e+00 2.631275092665128454e+02 4.670940000000000000e+05
1.218950061014193453e+00 2.634295497918828914e+02 4.749380000000000000e+05
1.225240784026401242e+00 2.618012135852886217e+02 4.771860000000000000e+05
1.231532244371714047e+00 2.611603934383418277e+02 4.846700000000000000e+05
1.237823116543606217e+00 2.605531972504394957e+02 4.870100000000000000e+05
1.244104630523539479e+00 2.588439442939509831e+02 4.933140000000000000e+05
1.250385916236761652e+00 2.578750974510936089e+02 4.963220000000000000e+05
1.256652750742101254e+00 2.555875830705683143e+02 5.017020000000000000e+05
1.262935091931613352e+00 2.553511680558287935e+02 5.085620000000000000e+05
1.269233477511062080e+00 2.551699371435717012e+02 5.142420000000000000e+05
1.275514616938773216e+00 2.533689188243359922e+02 5.161580000000000000e+05
1.281786872211649220e+00 2.520051759462474195e+02 5.226020000000000000e+05
1.288079462048372426e+00 2.507359734993153779e+02 5.306580000000000000e+05
1.294361149637119013e+00 2.502309324919641540e+02 5.300420000000000000e+05
1.300627926004322754e+00 2.495459431515785695e+02 5.388780000000000000e+05
1.306914643728855463e+00 2.490124776201909071e+02 5.441300000000000000e+05
1.313214369136572968e+00 2.483467763754957502e+02 5.511060000000000000e+05
1.319506178663429896e+00 2.462202744086800124e+02 5.539820000000000000e+05
1.325784332573166857e+00 2.452879443383004343e+02 5.582420000000000000e+05
1.332057263563118710e+00 2.449515780216158021e+02 5.645460000000000000e+05
1.338340549575027794e+00 2.437810845672650544e+02 5.704940000000000000e+05
1.344633835480066875e+00 2.432269541495792566e+02 5.767620000000000000e+05
1.350907484373135237e+00 2.416957661126633639e+02 5.782340000000000000e+05
1.357175487163077676e+00 2.407582137822841730e+02 5.856660000000000000e+05
1.363467141694861828e+00 2.407865256403611625e+02 5.944460000000000000e+05
1.369755686854475130e+00 2.390343523518859854e+02 5.952500000000000000e+05
1.376032186684321701e+00 2.385034025340185622e+02 6.034020000000000000e+05
1.382313839440675540e+00 2.370212278796291230e+02 6.073820000000000000e+05
1.388610058625191268e+00 2.358015148186196370e+02 6.170100000000000000e+05
1.394895499348251855e+00 2.351482522480922057e+02 6.167780000000000000e+05
1.401166240321837453e+00 2.334762606672140066e+02 6.247460000000000000e+05
1.407434432864556273e+00 2.336059810673816344e+02 6.280620000000000000e+05
1.413722933193898301e+00 2.320139988936130351e+02 6.394100000000000000e+05
1.420027475896342928e+00 2.316450919122684979e+02 6.429540000000000000e+05
1.426307149789788564e+00 2.302316901782197931e+02 6.459740000000000000e+05
1.432584485912613337e+00 2.305358582544714068e+02 6.534900000000000000e+05
1.438876982104692948e+00 2.286560105306927824e+02 6.607460000000000000e+05
1.445167658311597991e+00 2.280097738887650394e+02 6.646460000000000000e+05
1.451434581318592487e+00 2.276955113356783897e+02 6.672900000000000000e+05
1.457714146029685631e+00 2.271103955131385987e+02 6.790340000000000000e+05
1.464013702919821469e+00 2.249263471650442909e+02 6.827220000000000000e+05
1.470311375243267715e+00 2.240610765701074740e+02 6.912380000000000000e+05
1.476585168270965198e+00 2.243990017636815253e+02 6.886020000000000000e+05
1.482847620858654736e+00 2.236774676243782949e+02 7.008260000000000000e+05
1.489134257848029552e+00 2.223532527603182416e+02 7.056620000000000000e+05
1.495410090151012339e+00 2.215714306285356940e+02 7.100820000000000000e+05
1.501688804650891385e+00 2.207779001040021285e+02 7.191620000000000000e+05
1.507973225127458239e+00 2.198855358539065037e+02 7.222500000000000000e+05
1.514255586288884459e+00 2.192984377840946024e+02 7.315100000000000000e+05
1.520548655276809047e+00 2.186292999862922670e+02 7.364420000000000000e+05
1.526828765310179747e+00 2.178384190092462802e+02 7.408980000000000000e+05
1.533114430439595610e+00 2.168948100534442176e+02 7.501580000000000000e+05
1.539410813276927970e+00 2.163406382767144294e+02 7.548660000000000000e+05
1.545694858079805112e+00 2.153380478201922585e+02 7.608260000000000000e+05
1.551969964575633298e+00 2.143954927241801443e+02 7.640340000000000000e+05
1.558245721095042446e+00 2.136547733669542879e+02 7.738460000000000000e+05
1.564534844516594525e+00 2.133154807404461906e+02 7.797140000000000000e+05
1.570816980798636520e+00 2.116575742192706286e+02 7.843140000000000000e+05
1.577093092211928615e+00 2.114181293690447774e+02 7.913420000000000000e+05
1.583381338673179872e+00 2.108303259422547171e+02 7.994580000000000000e+05
1.589671280639133322e+00 2.105961383490057415e+02 8.049620000000000000e+05
1.595952830483094553e+00 2.096320966088815112e+02 8.095500000000000000e+05
1.602217313416965272e+00 2.091783081623125611e+02 8.134580000000000000e+05
