# Real space DM power spectrum.
# The power spectum is corrected for shot-noise and window function.
# Ngrid=512	Interlacing was set to True.
# redshift=2.479559	model=tabulated	Hz_file=/g100/home/userexternal/mbaldi00/SOURCE/DAKAR2/DST_m09_m01_Hz.dat	zDf_file=/g100_scratch/userexternal/mbaldi00/DAKAR2/DST_m09_m01_CoDECS2/linear_growth.txt	H0=67.66	Om=0.311049	Ob=0.04897468161869667	sigma8=0.6728650210648598	ns=0.9665	Tcmb=0.0	Neff=3.046	m_nu=[0]	Fid_model=w0waCDM	Fid_H0=67.6591	Fid_Om=0.311452	Fid_w0=-0.9001	Fid_wa=-0.1024	
# n_dm=1.073742e+00[h/Mpc]^3
# k[h/Mpc]		Pk_dm[Mpc^3/h^3]		Nmodes
8.018239401280879974e-03 2.322608390967051037e+03 1.800000000000000000e+01
1.401654949351664563e-02 2.765616812506029419e+03 6.200000000000000000e+01
1.969250245970122562e-02 2.057199736098853919e+03 9.800000000000000000e+01
2.551337480545044084e-02 3.139821951234908738e+03 2.100000000000000000e+02
3.202906010406358223e-02 2.436603498853955898e+03 3.500000000000000000e+02
3.846520933840009981e-02 2.104265760758717988e+03 4.500000000000000000e+02
4.443307405343879801e-02 1.687142909152959419e+03 6.020000000000000000e+02
5.042305588722229004e-02 1.501450403147169254e+03 7.620000000000000000e+02
5.690925724269420977e-02 1.408357206322056982e+03 1.142000000000000000e+03
6.341842361688614094e-02 1.227987677425384618e+03 1.250000000000000000e+03
6.949987936003544642e-02 1.158839082089307567e+03 1.458000000000000000e+03
7.558128466088295805e-02 1.158047040159673315e+03 1.814000000000000000e+03
8.196268225887480552e-02 9.454149239818583510e+02 2.178000000000000000e+03
8.830226267620121250e-02 8.596279248233028056e+02 2.498000000000000000e+03
9.435210882776298713e-02 7.612150351675661568e+02 2.622000000000000000e+03
1.005600000334900268e-01 7.183204000137608318e+02 3.338000000000000000e+03
1.070138172820522676e-01 6.145073528686946247e+02 3.722000000000000000e+03
1.134272720352065417e-01 5.663098045237059068e+02 4.170000000000000000e+03
1.196088736356262089e-01 5.530303570949577079e+02 4.358000000000000000e+03
1.257803526943431782e-01 5.275340131425081154e+02 5.034000000000000000e+03
1.321489366516601371e-01 4.880469325881426244e+02 5.714000000000000000e+03
1.384562346816501366e-01 4.552095584016466319e+02 5.982000000000000000e+03
1.446496334058954558e-01 4.327582033266265853e+02 6.602000000000000000e+03
1.508534077925902661e-01 3.905375764436173540e+02 7.130000000000000000e+03
1.571727997187746806e-01 3.625359415528428144e+02 8.034000000000000000e+03
1.635416756874734368e-01 3.284195372905948602e+02 8.606000000000000000e+03
1.698255044437522454e-01 3.043043105601738603e+02 9.066000000000000000e+03
1.761012440422073944e-01 2.988974015771613040e+02 9.962000000000000000e+03
1.823997330750334323e-01 2.815475162879437789e+02 1.055000000000000000e+04
1.886505794152418258e-01 2.792098007106152409e+02 1.122600000000000000e+04
1.949080233860110145e-01 2.617238725513519171e+02 1.214600000000000000e+04
2.011423980633682551e-01 2.422013523420908712e+02 1.260600000000000000e+04
2.073952711124279202e-01 2.296955612103432429e+02 1.380200000000000000e+04
2.137387912274538171e-01 2.183287594370423506e+02 1.475400000000000000e+04
2.200329442788883927e-01 2.097247752271483705e+02 1.519400000000000000e+04
2.262928915227388205e-01 1.942315709467167153e+02 1.645400000000000000e+04
2.325983565681614684e-01 1.832004834181558692e+02 1.715400000000000000e+04
2.388889575828848644e-01 1.779395577494839529e+02 1.826600000000000000e+04
2.451217204984029174e-01 1.694762374253845110e+02 1.875000000000000000e+04
2.513735730109318833e-01 1.624870697353578350e+02 2.023400000000000000e+04
2.577068704519516196e-01 1.545309851176922109e+02 2.145000000000000000e+04
2.640202590165574015e-01 1.540715801664827893e+02 2.196200000000000000e+04
2.702896249217050517e-01 1.465693380681259725e+02 2.346200000000000000e+04
2.765613443273721161e-01 1.380942576599740050e+02 2.404200000000000000e+04
2.828696817722480827e-01 1.335657097232339083e+02 2.594600000000000000e+04
2.891484548613966754e-01 1.244028435177346381e+02 2.611800000000000000e+04
2.953521325173381618e-01 1.216725638501645648e+02 2.750600000000000000e+04
3.016073414663040242e-01 1.183810699114507230e+02 2.906600000000000000e+04
3.079380380657114613e-01 1.144795559147112840e+02 3.045000000000000000e+04
3.142758188292146815e-01 1.091966545534797888e+02 3.174200000000000000e+04
3.205460861690284657e-01 1.064279797509659176e+02 3.225000000000000000e+04
3.268125857401938394e-01 1.011999401991071466e+02 3.425000000000000000e+04
3.331235790942642661e-01 1.002948084684262113e+02 3.545400000000000000e+04
3.394044287142444771e-01 9.671764542231046846e+01 3.643400000000000000e+04
3.456389225992096970e-01 9.172152891946657860e+01 3.768200000000000000e+04
3.518805674449744791e-01 8.904873799442813720e+01 3.929400000000000000e+04
3.582029755837912721e-01 8.617016562120358003e+01 4.142600000000000000e+04
3.645115539318926068e-01 8.386499749384836377e+01 4.206600000000000000e+04
3.707638220461956791e-01 8.106707360841510024e+01 4.349000000000000000e+04
3.770538406945189158e-01 7.829734903713018923e+01 4.570200000000000000e+04
3.833585849945114754e-01 7.653963745454780110e+01 4.663400000000000000e+04
3.896511111060295685e-01 7.366219186291799303e+01 4.855400000000000000e+04
3.958767350353735170e-01 7.212031953710949495e+01 4.887000000000000000e+04
4.021123550664917334e-01 6.984602738852996140e+01 5.155400000000000000e+04
4.084534706459355680e-01 6.842269387944257630e+01 5.409000000000000000e+04
4.147693430455148822e-01 6.665003306113220560e+01 5.431400000000000000e+04
4.210541279197388409e-01 6.408136412368007484e+01 5.691000000000000000e+04
4.273285528543883660e-01 6.287009787004546268e+01 5.748200000000000000e+04
4.336210871857300031e-01 6.120011030896581872e+01 6.062600000000000000e+04
4.399178901492071248e-01 5.903025390481464996e+01 6.120600000000000000e+04
4.461481615369914944e-01 5.755699451024947422e+01 6.257000000000000000e+04
4.524185591367541615e-01 5.657709823779894975e+01 6.573000000000000000e+04
4.587151924004577719e-01 5.441325499788849385e+01 6.668600000000000000e+04
4.650253487526455620e-01 5.367902851149889898e+01 6.969800000000000000e+04
4.713138026405762626e-01 5.177592901765025601e+01 7.002600000000000000e+04
4.775801322871031096e-01 5.073995832055401678e+01 7.274600000000000000e+04
4.838809178367569630e-01 4.918458651629361356e+01 7.491000000000000000e+04
4.901499165155780435e-01 4.878301737942694416e+01 7.572200000000000000e+04
4.963993143780123241e-01 4.725279477974416409e+01 7.837800000000000000e+04
5.026659111298577010e-01 4.640184623708013589e+01 8.003000000000000000e+04
5.089643413427887841e-01 4.502374799014301487e+01 8.318600000000000000e+04
5.152747315442799403e-01 4.397818950815682371e+01 8.466600000000000000e+04
5.215661708673858810e-01 4.299901793794431626e+01 8.654600000000000000e+04
5.278286396879566800e-01 4.254163621540880058e+01 8.813400000000000000e+04
5.341160320652750260e-01 4.133979706968524681e+01 9.153800000000000000e+04
5.404304286902661403e-01 4.042988069365311077e+01 9.313800000000000000e+04
5.466976878455739319e-01 3.935180418505343880e+01 9.447800000000000000e+04
5.529595373159058580e-01 3.869040830927950481e+01 9.727400000000000000e+04
5.592440147746206014e-01 3.809941772029876006e+01 9.969000000000000000e+04
5.655545845518847869e-01 3.698507765932545510e+01 1.025900000000000000e+05
5.718545124332512497e-01 3.653841578907345422e+01 1.037700000000000000e+05
5.781226402320145397e-01 3.547747042183008404e+01 1.063460000000000000e+05
5.844054810026423352e-01 3.498797661651086344e+01 1.085460000000000000e+05
5.906692678833675991e-01 3.415900625510834487e+01 1.107260000000000000e+05
5.969160111309492756e-01 3.353694276966258059e+01 1.123220000000000000e+05
6.031708558297608214e-01 3.293392464257323837e+01 1.158900000000000000e+05
6.094688112237535149e-01 3.219374057477070750e+01 1.187660000000000000e+05
6.158118423264375974e-01 3.165357865026145845e+01 1.222980000000000000e+05
6.221022681713845870e-01 3.115515666201324052e+01 1.220900000000000000e+05
6.283660508217905338e-01 3.068615417604027229e+01 1.258100000000000000e+05
6.346461619227155015e-01 3.013734502816164706e+01 1.281900000000000000e+05
6.409396473976692876e-01 2.946934272303174041e+01 1.309940000000000000e+05
6.472371834330832296e-01 2.900319642749337490e+01 1.337220000000000000e+05
6.534767429514126702e-01 2.842336723611902727e+01 1.338860000000000000e+05
6.597637022409679197e-01 2.785642166537655129e+01 1.405380000000000000e+05
6.660751593608625898e-01 2.743175301893758800e+01 1.405940000000000000e+05
6.723401943305717943e-01 2.688764618452487554e+01 1.435940000000000000e+05
6.786079373829640993e-01 2.653736377628329635e+01 1.463100000000000000e+05
6.849135514418230875e-01 2.606114174665899696e+01 1.506500000000000000e+05
6.912250943479077980e-01 2.552274518740777154e+01 1.519140000000000000e+05
6.974710436131158486e-01 2.508177407592755515e+01 1.533980000000000000e+05
7.037307548900212373e-01 2.492182028071752597e+01 1.578660000000000000e+05
7.100217936516199924e-01 2.447454734782847297e+01 1.606580000000000000e+05
7.163250787242370077e-01 2.391767835163770428e+01 1.641020000000000000e+05
7.226009447591926760e-01 2.362663710876694978e+01 1.649940000000000000e+05
7.288716701068771453e-01 2.320542161143103144e+01 1.698500000000000000e+05
7.351879459163250807e-01 2.286058399585843048e+01 1.729860000000000000e+05
7.414685146977839647e-01 2.259372429301652829e+01 1.738940000000000000e+05
7.477104477723024445e-01 2.226816350396896027e+01 1.767780000000000000e+05
7.539885226758882286e-01 2.189989765398486909e+01 1.818020000000000000e+05
7.602914782916944114e-01 2.150640312077030458e+01 1.844300000000000000e+05
7.665892437025125794e-01 2.126907049958795781e+01 1.872420000000000000e+05
7.728738187058056264e-01 2.091840804299293310e+01 1.902500000000000000e+05
7.791494140893913123e-01 2.062686925173338182e+01 1.925700000000000000e+05
7.854515901778583720e-01 2.018569650192269904e+01 1.982540000000000000e+05
7.917409748104085043e-01 2.012439018930103884e+01 1.980740000000000000e+05
7.979940385111662371e-01 1.976774201335779679e+01 2.020500000000000000e+05
8.042571846768763466e-01 1.945189510696426183e+01 2.055020000000000000e+05
8.105619462845171652e-01 1.910263402018387069e+01 2.106660000000000000e+05
8.168641867275381330e-01 1.897684780000909655e+01 2.124260000000000000e+05
8.231256696255031535e-01 1.854095418563845143e+01 2.139180000000000000e+05
8.294110748726144511e-01 1.834901761561592792e+01 2.209940000000000000e+05
8.357113707437004990e-01 1.820998393218745903e+01 2.215220000000000000e+05
8.419948002460609926e-01 1.773924133216889842e+01 2.263140000000000000e+05
8.482593350903800955e-01 1.762658040566556394e+01 2.272940000000000000e+05
8.545301115901441369e-01 1.732897094965028373e+01 2.329620000000000000e+05
8.608435414229801408e-01 1.718798925207552131e+01 2.378180000000000000e+05
8.671393362117422177e-01 1.690141092147089807e+01 2.383980000000000000e+05
8.733948081113820372e-01 1.674325430034827988e+01 2.414180000000000000e+05
8.796646205952306508e-01 1.659158499290390765e+01 2.468180000000000000e+05
8.859565087287600837e-01 1.633981937475748580e+01 2.499060000000000000e+05
8.922534924202312201e-01 1.612385563364358276e+01 2.547020000000000000e+05
8.985217857854136403e-01 1.586973316829579161e+01 2.544180000000000000e+05
9.047744920414614311e-01 1.564491017003219397e+01 2.603540000000000000e+05
9.110610772062064378e-01 1.557897088813935937e+01 2.649740000000000000e+05
9.173652030728716156e-01 1.522830894048190942e+01 2.687220000000000000e+05
9.236564978724189912e-01 1.511836405311594334e+01 2.715620000000000000e+05
9.299448038968107788e-01 1.494697312981072557e+01 2.755860000000000000e+05
9.362445064485998003e-01 1.473356553702305227e+01 2.801900000000000000e+05
9.425390102875164100e-01 1.454129033613782518e+01 2.828340000000000000e+05
9.488116425969939094e-01 1.435223986182594302e+01 2.851700000000000000e+05
9.550714374598537892e-01 1.425891427711244219e+01 2.898860000000000000e+05
9.613552636148307018e-01 1.408757043461453939e+01 2.944740000000000000e+05
9.676548604748713700e-01 1.392117393621263943e+01 2.994980000000000000e+05
9.739319897320198871e-01 1.379470073531457786e+01 2.999580000000000000e+05
9.801989291478477861e-01 1.360742579881271297e+01 3.058580000000000000e+05
9.864886628427461668e-01 1.344428313205839487e+01 3.107940000000000000e+05
9.927793936164199806e-01 1.331610142293149046e+01 3.130820000000000000e+05
9.990361166530091763e-01 1.312173932143762833e+01 3.160460000000000000e+05
1.005310172388236056e+00 1.297562241293953100e+01 3.222180000000000000e+05
1.011625805491854102e+00 1.285096813459617771e+01 3.285620000000000000e+05
1.017917766942204150e+00 1.271344250968587275e+01 3.279900000000000000e+05
1.024197689983066040e+00 1.259656141557785247e+01 3.352820000000000000e+05
1.030472573734562358e+00 1.240187681818744991e+01 3.359700000000000000e+05
1.036757776698311151e+00 1.234357962438122591e+01 3.440660000000000000e+05
1.043033361905228329e+00 1.214809572759738110e+01 3.437180000000000000e+05
1.049301684494551079e+00 1.198984767386388661e+01 3.514980000000000000e+05
1.055593059295673708e+00 1.190383843176609524e+01 3.544580000000000000e+05
1.061871457102441241e+00 1.176964461134191886e+01 3.585660000000000000e+05
1.068178001041605985e+00 1.167973193726853687e+01 3.661220000000000000e+05
1.074470180493512173e+00 1.156658344216918977e+01 3.658100000000000000e+05
1.080737053769623701e+00 1.142554946202390376e+01 3.716220000000000000e+05
1.087020489212936480e+00 1.125610993616949784e+01 3.759860000000000000e+05
1.093314462971749057e+00 1.116801279969438276e+01 3.821700000000000000e+05
1.099587869600829659e+00 1.111277042257166237e+01 3.818180000000000000e+05
1.105847463881620474e+00 1.092968586023900279e+01 3.895740000000000000e+05
1.112134280670179054e+00 1.085066387184856218e+01 3.936980000000000000e+05
1.118428377412835406e+00 1.070691098185353773e+01 3.994580000000000000e+05
1.124715645780198781e+00 1.060359843915303735e+01 4.022220000000000000e+05
1.130996124361501431e+00 1.051017235561685226e+01 4.069220000000000000e+05
1.137284456696317392e+00 1.041145262751996370e+01 4.128420000000000000e+05
1.143571288435853983e+00 1.032921201582237458e+01 4.153460000000000000e+05
1.149847667202570811e+00 1.022543744836745994e+01 4.211820000000000000e+05
1.156130444085272213e+00 1.010377946812153560e+01 4.250180000000000000e+05
1.162419353814765133e+00 1.004026772825738334e+01 4.311380000000000000e+05
1.168705445387328012e+00 9.934782604696739128e+00 4.343820000000000000e+05
1.174988745725767281e+00 9.838253593606694380e+00 4.395140000000000000e+05
1.181273977502684147e+00 9.734024213830752004e+00 4.447380000000000000e+05
1.187562659051211167e+00 9.671604515447116412e+00 4.489100000000000000e+05
1.193823213156303353e+00 9.580140571552673734e+00 4.506180000000000000e+05
1.200093696126397269e+00 9.450411672067174251e+00 4.595540000000000000e+05
1.206384684590767753e+00 9.382153173917254563e+00 4.631060000000000000e+05
1.212657716259795793e+00 9.270867990880972798e+00 4.670940000000000000e+05
1.218950061014193453e+00 9.165627974719381399e+00 4.749380000000000000e+05
1.225240784026401242e+00 9.147649775788766036e+00 4.771860000000000000e+05
1.231532244371714047e+00 9.065783703883294464e+00 4.846700000000000000e+05
1.237823116543606217e+00 9.007204355016357411e+00 4.870100000000000000e+05
1.244104630523539479e+00 8.873616064871745479e+00 4.933140000000000000e+05
1.250385916236761652e+00 8.832566594109662717e+00 4.963220000000000000e+05
1.256652750742101254e+00 8.771066492998363273e+00 5.017020000000000000e+05
1.262935091931613352e+00 8.660862842305173004e+00 5.085620000000000000e+05
1.269233477511062080e+00 8.579545849200545860e+00 5.142420000000000000e+05
1.275514616938773216e+00 8.489776197465937813e+00 5.161580000000000000e+05
1.281786872211649220e+00 8.459849866362549875e+00 5.226020000000000000e+05
1.288079462048372426e+00 8.368609773525886197e+00 5.306580000000000000e+05
1.294361149637119013e+00 8.298246968930127920e+00 5.300420000000000000e+05
1.300627926004322754e+00 8.224734083848961319e+00 5.388780000000000000e+05
1.306914643728855463e+00 8.142363860611396831e+00 5.441300000000000000e+05
1.313214369136572968e+00 8.087571249803055196e+00 5.511060000000000000e+05
1.319506178663429896e+00 8.028254631864154334e+00 5.539820000000000000e+05
1.325784332573166857e+00 7.942650540986715413e+00 5.582420000000000000e+05
1.332057263563118710e+00 7.871800642978834972e+00 5.645460000000000000e+05
1.338340549575027794e+00 7.795918202675780506e+00 5.704940000000000000e+05
1.344633835480066875e+00 7.727451755177400017e+00 5.767620000000000000e+05
1.350907484373135237e+00 7.659729663751686957e+00 5.782340000000000000e+05
1.357175487163077676e+00 7.594979959593439744e+00 5.856660000000000000e+05
1.363467141694861828e+00 7.547644396312074733e+00 5.944460000000000000e+05
1.369755686854475130e+00 7.489597206988889866e+00 5.952500000000000000e+05
1.376032186684321701e+00 7.433817912157850927e+00 6.034020000000000000e+05
1.382313839440675540e+00 7.385488756638986629e+00 6.073820000000000000e+05
1.388610058625191268e+00 7.335165812930915408e+00 6.170100000000000000e+05
1.394895499348251855e+00 7.273308589271689328e+00 6.167780000000000000e+05
1.401166240321837453e+00 7.193684228149164639e+00 6.247460000000000000e+05
1.407434432864556273e+00 7.147843176536477827e+00 6.280620000000000000e+05
1.413722933193898301e+00 7.102302955169792043e+00 6.394100000000000000e+05
1.420027475896342928e+00 7.041500520038260547e+00 6.429540000000000000e+05
1.426307149789788564e+00 7.001245144828338596e+00 6.459740000000000000e+05
1.432584485912613337e+00 6.908791275634716733e+00 6.534900000000000000e+05
1.438876982104692948e+00 6.841663565293049309e+00 6.607460000000000000e+05
1.445167658311597991e+00 6.832159790432983826e+00 6.646460000000000000e+05
1.451434581318592487e+00 6.778987035898690117e+00 6.672900000000000000e+05
1.457714146029685631e+00 6.729001503413015506e+00 6.790340000000000000e+05
1.464013702919821469e+00 6.670798786641372047e+00 6.827220000000000000e+05
1.470311375243267715e+00 6.623499353577126492e+00 6.912380000000000000e+05
1.476585168270965198e+00 6.571241315701424668e+00 6.886020000000000000e+05
1.482847620858654736e+00 6.533691565841639459e+00 7.008260000000000000e+05
1.489134257848029552e+00 6.480956958645488264e+00 7.056620000000000000e+05
1.495410090151012339e+00 6.416549220472975712e+00 7.100820000000000000e+05
1.501688804650891385e+00 6.386834530459594816e+00 7.191620000000000000e+05
1.507973225127458239e+00 6.332939799908578138e+00 7.222500000000000000e+05
1.514255586288884459e+00 6.282973197144306354e+00 7.315100000000000000e+05
1.520548655276809047e+00 6.238913506433674705e+00 7.364420000000000000e+05
1.526828765310179747e+00 6.183030548216544631e+00 7.408980000000000000e+05
1.533114430439595610e+00 6.156597570207344994e+00 7.501580000000000000e+05
1.539410813276927970e+00 6.108212256732072021e+00 7.548660000000000000e+05
1.545694858079805112e+00 6.075201913243769347e+00 7.608260000000000000e+05
1.551969964575633298e+00 6.013338265085373280e+00 7.640340000000000000e+05
1.558245721095042446e+00 5.959888984273499446e+00 7.738460000000000000e+05
1.564534844516594525e+00 5.936341722806396604e+00 7.797140000000000000e+05
1.570816980798636520e+00 5.883657140141621333e+00 7.843140000000000000e+05
1.577093092211928615e+00 5.830647597573031859e+00 7.913420000000000000e+05
1.583381338673179872e+00 5.804768627173733542e+00 7.994580000000000000e+05
1.589671280639133322e+00 5.755927879443222039e+00 8.049620000000000000e+05
1.595952830483094553e+00 5.756858513643430264e+00 8.095500000000000000e+05
1.602217313416965272e+00 5.673827291757462810e+00 8.134580000000000000e+05
