# Real space DM power spectrum.
# The power spectum is corrected for shot-noise and window function.
# Ngrid=512	Interlacing was set to True.
# redshift=2.479559	model=tabulated	Hz_file=/g100/home/userexternal/mbaldi00/SOURCE/CoDECS2/LCDM_CoDECS2_recalibrated/Hz.dat	zDf_file=None	H0=67.66	Om=0.311049	Ob=0.04897468161869667	sigma8=0.7882104124	ns=0.9665	Tcmb=0.0	Neff=3.046	m_nu=[0]	Fid_model=w0waCDM	Fid_H0=67.6591	Fid_Om=0.311367	Fid_w0=-1.0001	Fid_wa=-0.0025	
# n_dm=1.073742e+00[h/Mpc]^3
# k[h/Mpc]		Pk_dm[Mpc^3/h^3]		Nmodes
8.018239401280879974e-03 2.355578660064273208e+03 1.800000000000000000e+01
1.401654949351664563e-02 2.802551792344739169e+03 6.200000000000000000e+01
1.969250245970122562e-02 2.084107421047833213e+03 9.800000000000000000e+01
2.551337480545044084e-02 3.180980582187289656e+03 2.100000000000000000e+02
3.202906010406358223e-02 2.468296891711098851e+03 3.500000000000000000e+02
3.846520933840009981e-02 2.131966732980939923e+03 4.500000000000000000e+02
4.443307405343879801e-02 1.709005762142992580e+03 6.020000000000000000e+02
5.042305588722229004e-02 1.521022089498875403e+03 7.620000000000000000e+02
5.690925724269420977e-02 1.426739102118904611e+03 1.142000000000000000e+03
6.341842361688614094e-02 1.243805277425384475e+03 1.250000000000000000e+03
6.949987936003544642e-02 1.173905611581762969e+03 1.458000000000000000e+03
7.558128466088295805e-02 1.173125458020753968e+03 1.814000000000000000e+03
8.196268225887480552e-02 9.577081976274047292e+02 2.178000000000000000e+03
8.830226267620121250e-02 8.706974804678184228e+02 2.498000000000000000e+03
9.435210882776298713e-02 7.711084371507849937e+02 2.622000000000000000e+03
1.005600000334900268e-01 7.276389290730777475e+02 3.338000000000000000e+03
1.070138172820522676e-01 6.224941207354329435e+02 3.722000000000000000e+03
1.134272720352065417e-01 5.737098045237058841e+02 4.170000000000000000e+03
1.196088736356262089e-01 5.602357838962427650e+02 4.358000000000000000e+03
1.257803526943431782e-01 5.343971438536722189e+02 5.034000000000000000e+03
1.321489366516601371e-01 4.943864495639914480e+02 5.714000000000000000e+03
1.384562346816501366e-01 4.610903257035523097e+02 5.982000000000000000e+03
1.446496334058954558e-01 4.383964568861539988e+02 6.602000000000000000e+03
1.508534077925902661e-01 3.956184670467029036e+02 7.130000000000000000e+03
1.571727997187746806e-01 3.672784732929473535e+02 8.034000000000000000e+03
1.635416756874734368e-01 3.327080859775574027e+02 8.606000000000000000e+03
1.698255044437522454e-01 3.082847043391281545e+02 9.066000000000000000e+03
1.761012440422073944e-01 3.028238972607589403e+02 9.962000000000000000e+03
1.823997330750334323e-01 2.852435115486072732e+02 1.055000000000000000e+04
1.886505794152418258e-01 2.828949289842656754e+02 1.122600000000000000e+04
1.949080233860110145e-01 2.651483332791635803e+02 1.214600000000000000e+04
2.011423980633682551e-01 2.453737504065046551e+02 1.260600000000000000e+04
2.073952711124279202e-01 2.326877181441209359e+02 1.380200000000000000e+04
2.137387912274538171e-01 2.212069958475073292e+02 1.475400000000000000e+04
2.200329442788883927e-01 2.125186576807484755e+02 1.519400000000000000e+04
2.262928915227388205e-01 1.968137394163897511e+02 1.645400000000000000e+04
2.325983565681614684e-01 1.856410949373350832e+02 1.715400000000000000e+04
2.388889575828848644e-01 1.803192385772513830e+02 1.826600000000000000e+04
2.451217204984029174e-01 1.717343840920511866e+02 1.875000000000000000e+04
2.513735730109318833e-01 1.646704739065548324e+02 2.023400000000000000e+04
2.577068704519516196e-01 1.565931179848250849e+02 2.145000000000000000e+04
2.640202590165574015e-01 1.561219967952051206e+02 2.196200000000000000e+04
2.702896249217050517e-01 1.485255118811001580e+02 2.346200000000000000e+04
2.765613443273721161e-01 1.399452891881330459e+02 2.404200000000000000e+04
2.828696817722480827e-01 1.353745241840371136e+02 2.594600000000000000e+04
2.891484548613966754e-01 1.260806997854427323e+02 2.611800000000000000e+04
2.953521325173381618e-01 1.233248306283220614e+02 2.750600000000000000e+04
3.016073414663040242e-01 1.199918522688442408e+02 2.906600000000000000e+04
3.079380380657114613e-01 1.160287102661070122e+02 3.045000000000000000e+04
3.142758188292146815e-01 1.106768700408466799e+02 3.174200000000000000e+04
3.205460861690284657e-01 1.078717316889504190e+02 3.225000000000000000e+04
3.268125857401938394e-01 1.025792029728297763e+02 3.425000000000000000e+04
3.331235790942642661e-01 1.016601833203470164e+02 3.545400000000000000e+04
3.394044287142444771e-01 9.803587839151505534e+01 3.643400000000000000e+04
3.456389225992096970e-01 9.298421402110662370e+01 3.768200000000000000e+04
3.518805674449744791e-01 9.027709346854632599e+01 3.929400000000000000e+04
3.582029755837912721e-01 8.736589414918117313e+01 4.142600000000000000e+04
3.645115539318926068e-01 8.502605392897412173e+01 4.206600000000000000e+04
3.707638220461956791e-01 8.218312327500512993e+01 4.349000000000000000e+04
3.770538406945189158e-01 7.938155213546285438e+01 4.570200000000000000e+04
3.833585849945114754e-01 7.760464903408204407e+01 4.663400000000000000e+04
3.896511111060295685e-01 7.469236960316595741e+01 4.855400000000000000e+04
3.958767350353735170e-01 7.313092420254842807e+01 4.887000000000000000e+04
4.021123550664917334e-01 7.082343942251374358e+01 5.155400000000000000e+04
4.084534706459355680e-01 6.938125368717042818e+01 5.409000000000000000e+04
4.147693430455148822e-01 6.759170095522949850e+01 5.431400000000000000e+04
4.210541279197388409e-01 6.498432493900251927e+01 5.691000000000000000e+04
4.273285528543883660e-01 6.375625353616702284e+01 5.748200000000000000e+04
4.336210871857300031e-01 6.206946504125889419e+01 6.062600000000000000e+04
4.399178901492071248e-01 5.986870928500613331e+01 6.120600000000000000e+04
4.461481615369914944e-01 5.837580144648089231e+01 6.257000000000000000e+04
4.524185591367541615e-01 5.738168138096036586e+01 6.573000000000000000e+04
4.587151924004577719e-01 5.519491831552637962e+01 6.668600000000000000e+04
4.650253487526455620e-01 5.444678368381374867e+01 6.969800000000000000e+04
4.713138026405762626e-01 5.251637185316848644e+01 7.002600000000000000e+04
4.775801322871031096e-01 5.147631495871969065e+01 7.274600000000000000e+04
4.838809178367569630e-01 4.989305000581437355e+01 7.491000000000000000e+04
4.901499165155780435e-01 4.949153339854952094e+01 7.572200000000000000e+04
4.963993143780123241e-01 4.793834748586067462e+01 7.837800000000000000e+04
5.026659111298577010e-01 4.707689621833716132e+01 8.003000000000000000e+04
5.089643413427887841e-01 4.568569831832324013e+01 8.318600000000000000e+04
5.152747315442799403e-01 4.462260993666413356e+01 8.466600000000000000e+04
5.215661708673858810e-01 4.363062713998716191e+01 8.654600000000000000e+04
5.278286396879566800e-01 4.316738507509972322e+01 8.813400000000000000e+04
5.341160320652750260e-01 4.195154847347383509e+01 9.153800000000000000e+04
5.404304286902661403e-01 4.102494393314719190e+01 9.313800000000000000e+04
5.466976878455739319e-01 3.993570731594105894e+01 9.447800000000000000e+04
5.529595373159058580e-01 3.926740216169638842e+01 9.727400000000000000e+04
5.592440147746206014e-01 3.866880281408950992e+01 9.969000000000000000e+04
5.655545845518847869e-01 3.753831627907396751e+01 1.025900000000000000e+05
5.718545124332512497e-01 3.708732202401611033e+01 1.037700000000000000e+05
5.781226402320145397e-01 3.601155727041865617e+01 1.063460000000000000e+05
5.844054810026423352e-01 3.551607299961111153e+01 1.085460000000000000e+05
5.906692678833675991e-01 3.467848677458886186e+01 1.107260000000000000e+05
5.969160111309492756e-01 3.404678500893894721e+01 1.123220000000000000e+05
6.031708558297608214e-01 3.343320844618010312e+01 1.158900000000000000e+05
6.094688112237535149e-01 3.268417554774276823e+01 1.187660000000000000e+05
6.158118423264375974e-01 3.213624189904721362e+01 1.222980000000000000e+05
6.221022681713845870e-01 3.163123168863294410e+01 1.220900000000000000e+05
6.283660508217905338e-01 3.115780388592025218e+01 1.258100000000000000e+05
6.346461619227155015e-01 3.060046812668727156e+01 1.281900000000000000e+05
6.409396473976692876e-01 2.992585027299586287e+01 1.309940000000000000e+05
6.472371834330832296e-01 2.945451707779773542e+01 1.337220000000000000e+05
6.534767429514126702e-01 2.886768553676285975e+01 1.338860000000000000e+05
6.597637022409679197e-01 2.828982224031002346e+01 1.405380000000000000e+05
6.660751593608625898e-01 2.786268534890899673e+01 1.405940000000000000e+05
6.723401943305717943e-01 2.730968854005505264e+01 1.435940000000000000e+05
6.786079373829640993e-01 2.695831586431555493e+01 1.463100000000000000e+05
6.849135514418230875e-01 2.647420347915153016e+01 1.506500000000000000e+05
6.912250943479077980e-01 2.593046106612862900e+01 1.519140000000000000e+05
6.974710436131158486e-01 2.548315968721323088e+01 1.533980000000000000e+05
7.037307548900212373e-01 2.532179874346441295e+01 1.578660000000000000e+05
7.100217936516199924e-01 2.486664889272508461e+01 1.606580000000000000e+05
7.163250787242370077e-01 2.430218311087281435e+01 1.641020000000000000e+05
7.226009447591926760e-01 2.401020711737332292e+01 1.649940000000000000e+05
7.288716701068771453e-01 2.358325057816638548e+01 1.698500000000000000e+05
7.351879459163250807e-01 2.323200567160097663e+01 1.729860000000000000e+05
7.414685146977839647e-01 2.296283564820992140e+01 1.738940000000000000e+05
7.477104477723024445e-01 2.263557630420428524e+01 1.767780000000000000e+05
7.539885226758882286e-01 2.226192612451874453e+01 1.818020000000000000e+05
7.602914782916944114e-01 2.186318482656654183e+01 1.844300000000000000e+05
7.665892437025125794e-01 2.162335265850529709e+01 1.872420000000000000e+05
7.728738187058056264e-01 2.126900594049621773e+01 1.902500000000000000e+05
7.791494140893913123e-01 2.097270193595210586e+01 1.925700000000000000e+05
7.854515901778583720e-01 2.052520793674873190e+01 1.982540000000000000e+05
7.917409748104085043e-01 2.046208090085328735e+01 1.980740000000000000e+05
7.979940385111662371e-01 2.010165936054908542e+01 2.020500000000000000e+05
8.042571846768763466e-01 1.978065346454715723e+01 2.055020000000000000e+05
8.105619462845171652e-01 1.942827745576436271e+01 2.106660000000000000e+05
8.168641867275381330e-01 1.930209518027328386e+01 2.124260000000000000e+05
8.231256696255031535e-01 1.886043875449193763e+01 2.139180000000000000e+05
8.294110748726144511e-01 1.866557372121155467e+01 2.209940000000000000e+05
8.357113707437004990e-01 1.852531604367074181e+01 2.215220000000000000e+05
8.419948002460609926e-01 1.804669027478844612e+01 2.263140000000000000e+05
8.482593350903800955e-01 1.793568227373071622e+01 2.272940000000000000e+05
8.545301115901441369e-01 1.763336394078188363e+01 2.329620000000000000e+05
8.608435414229801408e-01 1.749124215976123153e+01 2.378180000000000000e+05
8.671393362117422177e-01 1.719939790122743872e+01 2.383980000000000000e+05
8.733948081113820372e-01 1.703856782295222771e+01 2.414180000000000000e+05
8.796646205952306508e-01 1.688732922549634452e+01 2.468180000000000000e+05
8.859565087287600837e-01 1.662972437903909650e+01 2.499060000000000000e+05
8.922534924202312201e-01 1.641320554059366543e+01 2.547020000000000000e+05
8.985217857854136403e-01 1.615340413497267846e+01 2.544180000000000000e+05
9.047744920414614311e-01 1.592700877424030992e+01 2.603540000000000000e+05
9.110610772062064378e-01 1.586059663255201713e+01 2.649740000000000000e+05
9.173652030728716156e-01 1.550577226689359023e+01 2.687220000000000000e+05
9.236564978724189912e-01 1.539534500037660436e+01 2.715620000000000000e+05
9.299448038968107788e-01 1.522156617880450469e+01 2.755860000000000000e+05
9.362445064485998003e-01 1.500560236917266543e+01 2.801900000000000000e+05
9.425390102875164100e-01 1.481135864475701425e+01 2.828340000000000000e+05
9.488116425969939094e-01 1.461786913559246770e+01 2.851700000000000000e+05
9.550714374598537892e-01 1.452408058386751044e+01 2.898860000000000000e+05
9.613552636148307018e-01 1.435138999084021627e+01 2.944740000000000000e+05
9.676548604748713700e-01 1.418380674177394596e+01 2.994980000000000000e+05
9.739319897320198871e-01 1.405386035099410691e+01 2.999580000000000000e+05
9.801989291478477861e-01 1.386452713341896903e+01 3.058580000000000000e+05
9.864886628427461668e-01 1.370033698123180343e+01 3.107940000000000000e+05
9.927793936164199806e-01 1.356998858348367776e+01 3.130820000000000000e+05
9.990361166530091763e-01 1.337342420275237309e+01 3.160460000000000000e+05
1.005310172388236056e+00 1.322625086945033956e+01 3.222180000000000000e+05
1.011625805491854102e+00 1.309941439435841382e+01 3.285620000000000000e+05
1.017917766942204150e+00 1.296023357038894375e+01 3.279900000000000000e+05
1.024197689983066040e+00 1.284169387124203965e+01 3.352820000000000000e+05
1.030472573734562358e+00 1.264350404680905271e+01 3.359700000000000000e+05
1.036757776698311151e+00 1.258665072120567352e+01 3.440660000000000000e+05
1.043033361905228329e+00 1.238735290935684752e+01 3.437180000000000000e+05
1.049301684494551079e+00 1.222786752034950020e+01 3.514980000000000000e+05
1.055593059295673708e+00 1.213906094049773543e+01 3.544580000000000000e+05
1.061871457102441241e+00 1.200461530014119127e+01 3.585660000000000000e+05
1.068178001041605985e+00 1.191367035123983698e+01 3.661220000000000000e+05
1.074470180493512173e+00 1.179913996058038705e+01 3.658100000000000000e+05
1.080737053769623701e+00 1.165694857187208200e+01 3.716220000000000000e+05
1.087020489212936480e+00 1.148213031990719024e+01 3.759860000000000000e+05
1.093314462971749057e+00 1.139556729115106393e+01 3.821700000000000000e+05
1.099587869600829659e+00 1.133844207765340251e+01 3.818180000000000000e+05
1.105847463881620474e+00 1.115280393280031390e+01 3.895740000000000000e+05
1.112134280670179054e+00 1.107370539098251783e+01 3.936980000000000000e+05
1.118428377412835406e+00 1.092837356365187418e+01 3.994580000000000000e+05
1.124715645780198781e+00 1.082272245524365495e+01 4.022220000000000000e+05
1.130996124361501431e+00 1.072924259512221212e+01 4.069220000000000000e+05
1.137284456696317392e+00 1.062802942929885219e+01 4.128420000000000000e+05
1.143571288435853983e+00 1.054543656114121575e+01 4.153460000000000000e+05
1.149847667202570811e+00 1.043999077685728061e+01 4.211820000000000000e+05
1.156130444085272213e+00 1.031615635568864953e+01 4.250180000000000000e+05
1.162419353814765133e+00 1.025231236361775444e+01 4.311380000000000000e+05
1.168705445387328012e+00 1.014580769321329790e+01 4.343820000000000000e+05
1.174988745725767281e+00 1.004775431485789383e+01 4.395140000000000000e+05
1.181273977502684147e+00 9.943094497908118612e+00 4.447380000000000000e+05
1.187562659051211167e+00 9.880198665722227602e+00 4.489100000000000000e+05
1.193823213156303353e+00 9.786513818959567956e+00 4.506180000000000000e+05
1.200093696126397269e+00 9.654232115366546907e+00 4.595540000000000000e+05
1.206384684590767753e+00 9.585750190582986718e+00 4.631060000000000000e+05
1.212657716259795793e+00 9.472629306590444997e+00 4.670940000000000000e+05
1.218950061014193453e+00 9.365753043675750789e+00 4.749380000000000000e+05
1.225240784026401242e+00 9.348307380999314020e+00 4.771860000000000000e+05
1.231532244371714047e+00 9.265272015518014825e+00 4.846700000000000000e+05
1.237823116543606217e+00 9.205365583738560176e+00 4.870100000000000000e+05
1.244104630523539479e+00 9.069515633908910246e+00 4.933140000000000000e+05
1.250385916236761652e+00 9.028303434306147679e+00 4.963220000000000000e+05
1.256652750742101254e+00 8.966940737071539047e+00 5.017020000000000000e+05
1.262935091931613352e+00 8.855791877506387522e+00 5.085620000000000000e+05
1.269233477511062080e+00 8.772125412907906039e+00 5.142420000000000000e+05
1.275514616938773216e+00 8.681780389980634283e+00 5.161580000000000000e+05
1.281786872211649220e+00 8.650770490470380381e+00 5.226020000000000000e+05
1.288079462048372426e+00 8.558099991330950118e+00 5.306580000000000000e+05
1.294361149637119013e+00 8.487447070054189524e+00 5.300420000000000000e+05
1.300627926004322754e+00 8.412566023545887006e+00 5.388780000000000000e+05
1.306914643728855463e+00 8.327970241439508925e+00 5.441300000000000000e+05
1.313214369136572968e+00 8.273979127779343301e+00 5.511060000000000000e+05
1.319506178663429896e+00 8.213325626950638281e+00 5.539820000000000000e+05
1.325784332573166857e+00 8.126680943571974680e+00 5.582420000000000000e+05
1.332057263563118710e+00 8.055074459461460279e+00 5.645460000000000000e+05
1.338340549575027794e+00 7.976918353422327357e+00 5.704940000000000000e+05
1.344633835480066875e+00 7.907240818950672434e+00 5.767620000000000000e+05
1.350907484373135237e+00 7.839693138746239853e+00 5.782340000000000000e+05
1.357175487163077676e+00 7.773506628377353067e+00 5.856660000000000000e+05
1.363467141694861828e+00 7.725325800510269403e+00 5.944460000000000000e+05
1.369755686854475130e+00 7.666846262007789292e+00 5.952500000000000000e+05
1.376032186684321701e+00 7.610378480402570034e+00 6.034020000000000000e+05
1.382313839440675540e+00 7.560461014624900500e+00 6.073820000000000000e+05
1.388610058625191268e+00 7.509783728361782096e+00 6.170100000000000000e+05
1.394895499348251855e+00 7.446477055073000173e+00 6.167780000000000000e+05
1.401166240321837453e+00 7.365891813311774783e+00 6.247460000000000000e+05
1.407434432864556273e+00 7.319123241243465472e+00 6.280620000000000000e+05
1.413722933193898301e+00 7.273408349204917300e+00 6.394100000000000000e+05
1.420027475896342928e+00 7.211623888117470571e+00 6.429540000000000000e+05
1.426307149789788564e+00 7.170674564588265909e+00 6.459740000000000000e+05
1.432584485912613337e+00 7.076666836087056822e+00 6.534900000000000000e+05
1.438876982104692948e+00 7.007745539304242932e+00 6.607460000000000000e+05
1.445167658311597991e+00 6.998567923484261932e+00 6.646460000000000000e+05
1.451434581318592487e+00 6.944896160866845136e+00 6.672900000000000000e+05
1.457714146029685631e+00 6.894178063055094619e+00 6.790340000000000000e+05
1.464013702919821469e+00 6.835540072259822963e+00 6.827220000000000000e+05
1.470311375243267715e+00 6.786786817518634329e+00 6.912380000000000000e+05
1.476585168270965198e+00 6.733117842345262005e+00 6.886020000000000000e+05
1.482847620858654736e+00 6.695453543850446110e+00 7.008260000000000000e+05
1.489134257848029552e+00 6.641866856018451060e+00 7.056620000000000000e+05
1.495410090151012339e+00 6.575896309964048392e+00 7.100820000000000000e+05
1.501688804650891385e+00 6.545915516384880561e+00 7.191620000000000000e+05
1.507973225127458239e+00 6.491818304581475019e+00 7.222500000000000000e+05
1.514255586288884459e+00 6.440542471658667445e+00 7.315100000000000000e+05
1.520548655276809047e+00 6.395672626635944269e+00 7.364420000000000000e+05
1.526828765310179747e+00 6.338869813540516596e+00 7.408980000000000000e+05
1.533114430439595610e+00 6.312732677744691046e+00 7.501580000000000000e+05
1.539410813276927970e+00 6.262957602263597323e+00 7.548660000000000000e+05
1.545694858079805112e+00 6.229110297026657861e+00 7.608260000000000000e+05
1.551969964575633298e+00 6.166481318928526356e+00 7.640340000000000000e+05
1.558245721095042446e+00 6.111460485579960356e+00 7.738460000000000000e+05
1.564534844516594525e+00 6.087962060519967800e+00 7.797140000000000000e+05
1.570816980798636520e+00 6.034457712361421144e+00 7.843140000000000000e+05
1.577093092211928615e+00 5.980423547794301520e+00 7.913420000000000000e+05
1.583381338673179872e+00 5.953978466840108119e+00 7.994580000000000000e+05
1.589671280639133322e+00 5.904908825127614058e+00 8.049620000000000000e+05
1.595952830483094553e+00 5.904950045976208095e+00 8.095500000000000000e+05
1.602217313416965272e+00 5.820991619848157050e+00 8.134580000000000000e+05
