# Real space DM power spectrum.
# The power spectum is corrected for shot-noise and window function.
# Ngrid=512	Interlacing was set to True.
# redshift=0.000031	model=tabulated	Hz_file=/g100/home/userexternal/mbaldi00/SOURCE/CoDECS2/LCDM_CoDECS2_recalibrated/Hz.dat	zDf_file=None	H0=67.66	Om=0.311049	Ob=0.04897468161869667	sigma8=0.7882104124	ns=0.9665	Tcmb=0.0	Neff=3.046	m_nu=[0]	Fid_model=w0waCDM	Fid_H0=67.6591	Fid_Om=0.311367	Fid_w0=-1.0001	Fid_wa=-0.0025	
# n_dm=1.073742e+00[h/Mpc]^3
# k[h/Mpc]		Pk_dm[Mpc^3/h^3]		Nmodes
8.018239401280879974e-03 1.783173534409204876e+04 1.800000000000000000e+01
1.401654949351664563e-02 2.125562109678022171e+04 6.200000000000000000e+01
1.969250245970122562e-02 1.563672046313966894e+04 9.800000000000000000e+01
2.551337480545044084e-02 2.365047820123490965e+04 2.100000000000000000e+02
3.202906010406358223e-02 1.839405153456824337e+04 3.500000000000000000e+02
3.846520933840009981e-02 1.583708645520316168e+04 4.500000000000000000e+02
4.443307405343879801e-02 1.260505954121276045e+04 6.020000000000000000e+02
5.042305588722229004e-02 1.129753061968260226e+04 7.620000000000000000e+02
5.690925724269420977e-02 1.070936727637459626e+04 1.142000000000000000e+03
6.341842361688614094e-02 9.179015077425385243e+03 1.250000000000000000e+03
6.949987936003544642e-02 8.773009006643491375e+03 1.458000000000000000e+03
7.558128466088295805e-02 8.775021268384591167e+03 1.814000000000000000e+03
8.196268225887480552e-02 7.131531946479562976e+03 2.178000000000000000e+03
8.830226267620121250e-02 6.430268036912973912e+03 2.498000000000000000e+03
9.435210882776298713e-02 5.737688814725155680e+03 2.622000000000000000e+03
1.005600000334900268e-01 5.507413195100639314e+03 3.338000000000000000e+03
1.070138172820522676e-01 4.737096082046556148e+03 3.722000000000000000e+03
1.134272720352065417e-01 4.504789061118430254e+03 4.170000000000000000e+03
1.196088736356262089e-01 4.345570283666779687e+03 4.358000000000000000e+03
1.257803526943431782e-01 4.094362678219981262e+03 5.034000000000000000e+03
1.321489366516601371e-01 3.859833815682297427e+03 5.714000000000000000e+03
1.384562346816501366e-01 3.547026885382589171e+03 5.982000000000000000e+03
1.446496334058954558e-01 3.457525508688638183e+03 6.602000000000000000e+03
1.508534077925902661e-01 3.164944694255679224e+03 7.130000000000000000e+03
1.571727997187746806e-01 2.970890186013883522e+03 8.034000000000000000e+03
1.635416756874734368e-01 2.769072860553434566e+03 8.606000000000000000e+03
1.698255044437522454e-01 2.587922196066460856e+03 9.066000000000000000e+03
1.761012440422073944e-01 2.536318024945962861e+03 9.962000000000000000e+03
1.823997330750334323e-01 2.398621094486995844e+03 1.055000000000000000e+04
1.886505794152418258e-01 2.375736947512682036e+03 1.122600000000000000e+04
1.949080233860110145e-01 2.222795171744502113e+03 1.214600000000000000e+04
2.011423980633682551e-01 2.144968725021767568e+03 1.260600000000000000e+04
2.073952711124279202e-01 1.984154607000808483e+03 1.380200000000000000e+04
2.137387912274538171e-01 1.921339112561618549e+03 1.475400000000000000e+04
2.200329442788883927e-01 1.917701163933216321e+03 1.519400000000000000e+04
2.262928915227388205e-01 1.791648961854702748e+03 1.645400000000000000e+04
2.325983565681614684e-01 1.738224093071880816e+03 1.715400000000000000e+04
2.388889575828848644e-01 1.706752899477284245e+03 1.826600000000000000e+04
2.451217204984029174e-01 1.636745797425384580e+03 1.875000000000000000e+04
2.513735730109318833e-01 1.585811684245588140e+03 2.023400000000000000e+04
2.577068704519516196e-01 1.513834551551258755e+03 2.145000000000000000e+04
2.640202590165574015e-01 1.482457530899567246e+03 2.196200000000000000e+04
2.702896249217050517e-01 1.430758899912811103e+03 2.346200000000000000e+04
2.765613443273721161e-01 1.403566472949883291e+03 2.404200000000000000e+04
2.828696817722480827e-01 1.367169964714369371e+03 2.594600000000000000e+04
2.891484548613966754e-01 1.309387078528072379e+03 2.611800000000000000e+04
2.953521325173381618e-01 1.277452302816208203e+03 2.750600000000000000e+04
3.016073414663040242e-01 1.274371092618393504e+03 2.906600000000000000e+04
3.079380380657114613e-01 1.211994523073988830e+03 3.045000000000000000e+04
3.142758188292146815e-01 1.176628251491290939e+03 3.174200000000000000e+04
3.205460861690284657e-01 1.160771251068795436e+03 3.225000000000000000e+04
3.268125857401938394e-01 1.136944765016625524e+03 3.425000000000000000e+04
3.331235790942642661e-01 1.100177381661859954e+03 3.545400000000000000e+04
3.394044287142444771e-01 1.096378003878697427e+03 3.643400000000000000e+04
3.456389225992096970e-01 1.065332039242697874e+03 3.768200000000000000e+04
3.518805674449744791e-01 1.035082318184787937e+03 3.929400000000000000e+04
3.582029755837912721e-01 1.012029523270988761e+03 4.142600000000000000e+04
3.645115539318926068e-01 9.955210142294542948e+02 4.206600000000000000e+04
3.707638220461956791e-01 9.743000409572309763e+02 4.349000000000000000e+04
3.770538406945189158e-01 9.571815827686956482e+02 4.570200000000000000e+04
3.833585849945114754e-01 9.395613651639444015e+02 4.663400000000000000e+04
3.896511111060295685e-01 9.334693035323994081e+02 4.855400000000000000e+04
3.958767350353735170e-01 9.087819575563441958e+02 4.887000000000000000e+04
4.021123550664917334e-01 8.902157465179864175e+02 5.155400000000000000e+04
4.084534706459355680e-01 8.841980543897032021e+02 5.409000000000000000e+04
4.147693430455148822e-01 8.748419218927409702e+02 5.431400000000000000e+04
4.210541279197388409e-01 8.485129930113974979e+02 5.691000000000000000e+04
4.273285528543883660e-01 8.353659530942895799e+02 5.748200000000000000e+04
4.336210871857300031e-01 8.225258080294157708e+02 6.062600000000000000e+04
4.399178901492071248e-01 7.959781961000243200e+02 6.120600000000000000e+04
4.461481615369914944e-01 7.901809037319212621e+02 6.257000000000000000e+04
4.524185591367541615e-01 7.845726482149783578e+02 6.573000000000000000e+04
4.587151924004577719e-01 7.698846807844104205e+02 6.668600000000000000e+04
4.650253487526455620e-01 7.666736015265065589e+02 6.969800000000000000e+04
4.713138026405762626e-01 7.473820467453514311e+02 7.002600000000000000e+04
4.775801322871031096e-01 7.415377616362002300e+02 7.274600000000000000e+04
4.838809178367569630e-01 7.266119693757249252e+02 7.491000000000000000e+04
4.901499165155780435e-01 7.195659173292433479e+02 7.572200000000000000e+04
4.963993143780123241e-01 7.109663017587433842e+02 7.837800000000000000e+04
5.026659111298577010e-01 7.027482975678310595e+02 8.003000000000000000e+04
5.089643413427887841e-01 7.007144832100117355e+02 8.318600000000000000e+04
5.152747315442799403e-01 6.842572064689202307e+02 8.466600000000000000e+04
5.215661708673858810e-01 6.749744385235288746e+02 8.654600000000000000e+04
5.278286396879566800e-01 6.643496359657888206e+02 8.813400000000000000e+04
5.341160320652750260e-01 6.658838580061268431e+02 9.153800000000000000e+04
5.404304286902661403e-01 6.584126616208793621e+02 9.313800000000000000e+04
5.466976878455739319e-01 6.466612598255200055e+02 9.447800000000000000e+04
5.529595373159058580e-01 6.322967959359834822e+02 9.727400000000000000e+04
5.592440147746206014e-01 6.364802934350144596e+02 9.969000000000000000e+04
5.655545845518847869e-01 6.214148320213490706e+02 1.025900000000000000e+05
5.718545124332512497e-01 6.157406250017553475e+02 1.037700000000000000e+05
5.781226402320145397e-01 6.151594001606072197e+02 1.063460000000000000e+05
5.844054810026423352e-01 6.070025672048328715e+02 1.085460000000000000e+05
5.906692678833675991e-01 6.035532609920264804e+02 1.107260000000000000e+05
5.969160111309492756e-01 5.908338169350087128e+02 1.123220000000000000e+05
6.031708558297608214e-01 5.847671155995151366e+02 1.158900000000000000e+05
6.094688112237535149e-01 5.787927061878249333e+02 1.187660000000000000e+05
6.158118423264375974e-01 5.779122235177163702e+02 1.222980000000000000e+05
6.221022681713845870e-01 5.671120552614071357e+02 1.220900000000000000e+05
6.283660508217905338e-01 5.579518822580687356e+02 1.258100000000000000e+05
6.346461619227155015e-01 5.597724452699901576e+02 1.281900000000000000e+05
6.409396473976692876e-01 5.565259655454510721e+02 1.309940000000000000e+05
6.472371834330832296e-01 5.500168235793456688e+02 1.337220000000000000e+05
6.534767429514126702e-01 5.416117364457451231e+02 1.338860000000000000e+05
6.597637022409679197e-01 5.377041496819983877e+02 1.405380000000000000e+05
6.660751593608625898e-01 5.319109324291542862e+02 1.405940000000000000e+05
6.723401943305717943e-01 5.278623039000283370e+02 1.435940000000000000e+05
6.786079373829640993e-01 5.220021747939854322e+02 1.463100000000000000e+05
6.849135514418230875e-01 5.193426900373991657e+02 1.506500000000000000e+05
6.912250943479077980e-01 5.150770505838821691e+02 1.519140000000000000e+05
6.974710436131158486e-01 5.102758639597591923e+02 1.533980000000000000e+05
7.037307548900212373e-01 5.053799540777352490e+02 1.578660000000000000e+05
7.100217936516199924e-01 5.001529184840308631e+02 1.606580000000000000e+05
7.163250787242370077e-01 4.957764323582920838e+02 1.641020000000000000e+05
7.226009447591926760e-01 4.942414958309022950e+02 1.649940000000000000e+05
7.288716701068771453e-01 4.882707262920315543e+02 1.698500000000000000e+05
7.351879459163250807e-01 4.844988047189227132e+02 1.729860000000000000e+05
7.414685146977839647e-01 4.796782901779809549e+02 1.738940000000000000e+05
7.477104477723024445e-01 4.783292641499769502e+02 1.767780000000000000e+05
7.539885226758882286e-01 4.732092039322436676e+02 1.818020000000000000e+05
7.602914782916944114e-01 4.685741591799798016e+02 1.844300000000000000e+05
7.665892437025125794e-01 4.693887551857160929e+02 1.872420000000000000e+05
7.728738187058056264e-01 4.636071268340573397e+02 1.902500000000000000e+05
7.791494140893913123e-01 4.583938474934117266e+02 1.925700000000000000e+05
7.854515901778583720e-01 4.560534747056411788e+02 1.982540000000000000e+05
7.917409748104085043e-01 4.528076234758505052e+02 1.980740000000000000e+05
7.979940385111662371e-01 4.484515826468643809e+02 2.020500000000000000e+05
8.042571846768763466e-01 4.442058342413765217e+02 2.055020000000000000e+05
8.105619462845171652e-01 4.436403501205512612e+02 2.106660000000000000e+05
8.168641867275381330e-01 4.391649744888325131e+02 2.124260000000000000e+05
8.231256696255031535e-01 4.384972061139474135e+02 2.139180000000000000e+05
8.294110748726144511e-01 4.350563331988444133e+02 2.209940000000000000e+05
8.357113707437004990e-01 4.286733938869549547e+02 2.215220000000000000e+05
8.419948002460609926e-01 4.268819280417847040e+02 2.263140000000000000e+05
8.482593350903800955e-01 4.222853043491044218e+02 2.272940000000000000e+05
8.545301115901441369e-01 4.227849229933312358e+02 2.329620000000000000e+05
8.608435414229801408e-01 4.182665514298753919e+02 2.378180000000000000e+05
8.671393362117422177e-01 4.155483123216504282e+02 2.383980000000000000e+05
8.733948081113820372e-01 4.116772484515715291e+02 2.414180000000000000e+05
8.796646205952306508e-01 4.093823174354323555e+02 2.468180000000000000e+05
8.859565087287600837e-01 4.056250306141835154e+02 2.499060000000000000e+05
8.922534924202312201e-01 4.037313812910784918e+02 2.547020000000000000e+05
8.985217857854136403e-01 4.024418664293071402e+02 2.544180000000000000e+05
9.047744920414614311e-01 3.998921101362320769e+02 2.603540000000000000e+05
9.110610772062064378e-01 3.967277986976603188e+02 2.649740000000000000e+05
9.173652030728716156e-01 3.923571763201530871e+02 2.687220000000000000e+05
9.236564978724189912e-01 3.916485523710691155e+02 2.715620000000000000e+05
9.299448038968107788e-01 3.879664588801753666e+02 2.755860000000000000e+05
9.362445064485998003e-01 3.866646658618026891e+02 2.801900000000000000e+05
9.425390102875164100e-01 3.816524120541773755e+02 2.828340000000000000e+05
9.488116425969939094e-01 3.817088429406911700e+02 2.851700000000000000e+05
9.550714374598537892e-01 3.783406395070304029e+02 2.898860000000000000e+05
9.613552636148307018e-01 3.768579016013728733e+02 2.944740000000000000e+05
9.676548604748713700e-01 3.722375667001041961e+02 2.994980000000000000e+05
9.739319897320198871e-01 3.730425537680724801e+02 2.999580000000000000e+05
9.801989291478477861e-01 3.683959338646471906e+02 3.058580000000000000e+05
9.864886628427461668e-01 3.670458198412612774e+02 3.107940000000000000e+05
9.927793936164199806e-01 3.637472472569302226e+02 3.130820000000000000e+05
9.990361166530091763e-01 3.619601552482330931e+02 3.160460000000000000e+05
1.005310172388236056e+00 3.599783969320538972e+02 3.222180000000000000e+05
1.011625805491854102e+00 3.583201794250070975e+02 3.285620000000000000e+05
1.017917766942204150e+00 3.560554392169025846e+02 3.279900000000000000e+05
1.024197689983066040e+00 3.539358519232699223e+02 3.352820000000000000e+05
1.030472573734562358e+00 3.527380407613966327e+02 3.359700000000000000e+05
1.036757776698311151e+00 3.502703422222548966e+02 3.440660000000000000e+05
1.043033361905228329e+00 3.482270456225693920e+02 3.437180000000000000e+05
1.049301684494551079e+00 3.453049575749159885e+02 3.514980000000000000e+05
1.055593059295673708e+00 3.445197717722464859e+02 3.544580000000000000e+05
1.061871457102441241e+00 3.414747728164701357e+02 3.585660000000000000e+05
1.068178001041605985e+00 3.399552889920207690e+02 3.661220000000000000e+05
1.074470180493512173e+00 3.372217951641013087e+02 3.658100000000000000e+05
1.080737053769623701e+00 3.351898543201862708e+02 3.716220000000000000e+05
1.087020489212936480e+00 3.331215198184523274e+02 3.759860000000000000e+05
1.093314462971749057e+00 3.316720528865666893e+02 3.821700000000000000e+05
1.099587869600829659e+00 3.310415021743486932e+02 3.818180000000000000e+05
1.105847463881620474e+00 3.276997873043805498e+02 3.895740000000000000e+05
1.112134280670179054e+00 3.263149220087961453e+02 3.936980000000000000e+05
1.118428377412835406e+00 3.238222985820518147e+02 3.994580000000000000e+05
1.124715645780198781e+00 3.238759132304871855e+02 4.022220000000000000e+05
1.130996124361501431e+00 3.203975807532950739e+02 4.069220000000000000e+05
1.137284456696317392e+00 3.188071536463116900e+02 4.128420000000000000e+05
1.143571288435853983e+00 3.166238531102352454e+02 4.153460000000000000e+05
1.149847667202570811e+00 3.145454072001612076e+02 4.211820000000000000e+05
1.156130444085272213e+00 3.140449278430139088e+02 4.250180000000000000e+05
1.162419353814765133e+00 3.114682153923463375e+02 4.311380000000000000e+05
1.168705445387328012e+00 3.085383331661840884e+02 4.343820000000000000e+05
1.174988745725767281e+00 3.084526606432114590e+02 4.395140000000000000e+05
1.181273977502684147e+00 3.068737042051964750e+02 4.447380000000000000e+05
1.187562659051211167e+00 3.043925240761608393e+02 4.489100000000000000e+05
1.193823213156303353e+00 3.021385059719583523e+02 4.506180000000000000e+05
1.200093696126397269e+00 3.013469037056475486e+02 4.595540000000000000e+05
1.206384684590767753e+00 3.004664222181533546e+02 4.631060000000000000e+05
1.212657716259795793e+00 2.969163911618058478e+02 4.670940000000000000e+05
1.218950061014193453e+00 2.965794767297147700e+02 4.749380000000000000e+05
1.225240784026401242e+00 2.948874147730854247e+02 4.771860000000000000e+05
1.231532244371714047e+00 2.933617510631174241e+02 4.846700000000000000e+05
1.237823116543606217e+00 2.925899767826872448e+02 4.870100000000000000e+05
1.244104630523539479e+00 2.897888597027981064e+02 4.933140000000000000e+05
1.250385916236761652e+00 2.884321148712361946e+02 4.963220000000000000e+05
1.256652750742101254e+00 2.862446025761712463e+02 5.017020000000000000e+05
1.262935091931613352e+00 2.846093194709955014e+02 5.085620000000000000e+05
1.269233477511062080e+00 2.845932359017439239e+02 5.142420000000000000e+05
1.275514616938773216e+00 2.819341566003658386e+02 5.161580000000000000e+05
1.281786872211649220e+00 2.802877160054129035e+02 5.226020000000000000e+05
1.288079462048372426e+00 2.796035303815257862e+02 5.306580000000000000e+05
1.294361149637119013e+00 2.777957216973478580e+02 5.300420000000000000e+05
1.300627926004322754e+00 2.761158754924794607e+02 5.388780000000000000e+05
1.306914643728855463e+00 2.750912455616754642e+02 5.441300000000000000e+05
1.313214369136572968e+00 2.742406842625447325e+02 5.511060000000000000e+05
1.319506178663429896e+00 2.719750173425659341e+02 5.539820000000000000e+05
1.325784332573166857e+00 2.698164033220386386e+02 5.582420000000000000e+05
1.332057263563118710e+00 2.697855791481847518e+02 5.645460000000000000e+05
1.338340549575027794e+00 2.676872711353972250e+02 5.704940000000000000e+05
1.344633835480066875e+00 2.673586965320524200e+02 5.767620000000000000e+05
1.350907484373135237e+00 2.654836720469390912e+02 5.782340000000000000e+05
1.357175487163077676e+00 2.642082757630035985e+02 5.856660000000000000e+05
1.363467141694861828e+00 2.635574417538517196e+02 5.944460000000000000e+05
1.369755686854475130e+00 2.608539978789754628e+02 5.952500000000000000e+05
1.376032186684321701e+00 2.594649770730489422e+02 6.034020000000000000e+05
1.382313839440675540e+00 2.588048434625736149e+02 6.073820000000000000e+05
1.388610058625191268e+00 2.566441721499433015e+02 6.170100000000000000e+05
1.394895499348251855e+00 2.556878434786484036e+02 6.167780000000000000e+05
1.401166240321837453e+00 2.541373037151086862e+02 6.247460000000000000e+05
1.407434432864556273e+00 2.525701725007114646e+02 6.280620000000000000e+05
1.413722933193898301e+00 2.516742481859294003e+02 6.394100000000000000e+05
1.420027475896342928e+00 2.506227730527544395e+02 6.429540000000000000e+05
1.426307149789788564e+00 2.484938245675295718e+02 6.459740000000000000e+05
1.432584485912613337e+00 2.488072809235252691e+02 6.534900000000000000e+05
1.438876982104692948e+00 2.465713970786249547e+02 6.607460000000000000e+05
1.445167658311597991e+00 2.452871576389117365e+02 6.646460000000000000e+05
1.451434581318592487e+00 2.446339219217803702e+02 6.672900000000000000e+05
1.457714146029685631e+00 2.433057082662555217e+02 6.790340000000000000e+05
1.464013702919821469e+00 2.419914717692023487e+02 6.827220000000000000e+05
1.470311375243267715e+00 2.398871509468055194e+02 6.912380000000000000e+05
1.476585168270965198e+00 2.397304007430629440e+02 6.886020000000000000e+05
1.482847620858654736e+00 2.382848708885265978e+02 7.008260000000000000e+05
1.489134257848029552e+00 2.370608946625320641e+02 7.056620000000000000e+05
1.495410090151012339e+00 2.354982503479483853e+02 7.100820000000000000e+05
1.501688804650891385e+00 2.347437993033480268e+02 7.191620000000000000e+05
1.507973225127458239e+00 2.331146393499258807e+02 7.222500000000000000e+05
1.514255586288884459e+00 2.326329813993561686e+02 7.315100000000000000e+05
1.520548655276809047e+00 2.312894361545173183e+02 7.364420000000000000e+05
1.526828765310179747e+00 2.298598308635096146e+02 7.408980000000000000e+05
1.533114430439595610e+00 2.288434182133251795e+02 7.501580000000000000e+05
1.539410813276927970e+00 2.277376067452903214e+02 7.548660000000000000e+05
1.545694858079805112e+00 2.264812001309702794e+02 7.608260000000000000e+05
1.551969964575633298e+00 2.255650898887042217e+02 7.640340000000000000e+05
1.558245721095042446e+00 2.245578212602043493e+02 7.738460000000000000e+05
1.564534844516594525e+00 2.232817606841178417e+02 7.797140000000000000e+05
1.570816980798636520e+00 2.222063289272064992e+02 7.843140000000000000e+05
1.577093092211928615e+00 2.212925553441604620e+02 7.913420000000000000e+05
1.583381338673179872e+00 2.203569402234302004e+02 7.994580000000000000e+05
1.589671280639133322e+00 2.190126151516374193e+02 8.049620000000000000e+05
1.595952830483094553e+00 2.185080795623742063e+02 8.095500000000000000e+05
1.602217313416965272e+00 2.172890846252645360e+02 8.134580000000000000e+05
