# Real space DM power spectrum.
# The power spectum is corrected for shot-noise and window function.
# Ngrid=512	Interlacing was set to True.
# redshift=0.677100	model=tabulated	Hz_file=/g100/home/userexternal/mbaldi00/SOURCE/CoDECS2/LCDM_CoDECS2_recalibrated/Hz.dat	zDf_file=None	H0=67.66	Om=0.311049	Ob=0.04897468161869667	sigma8=0.7882104124	ns=0.9665	Tcmb=0.0	Neff=3.046	m_nu=[0]	Fid_model=w0waCDM	Fid_H0=67.6591	Fid_Om=0.311367	Fid_w0=-1.0001	Fid_wa=-0.0025	
# n_dm=1.073742e+00[h/Mpc]^3
# k[h/Mpc]		Pk_dm[Mpc^3/h^3]		Nmodes
8.018239401280879974e-03 8.897954094092050582e+03 1.800000000000000000e+01
1.401654949351664563e-02 1.059606464516732012e+04 6.200000000000000000e+01
1.969250245970122562e-02 7.833269570282526729e+03 9.800000000000000000e+01
2.551337480545044084e-02 1.189698058218729057e+04 2.100000000000000000e+02
3.202906010406358223e-02 9.241792963139670974e+03 3.500000000000000000e+02
3.846520933840009981e-02 7.965816455203162150e+03 4.500000000000000000e+02
4.443307405343879801e-02 6.361828644202792930e+03 6.020000000000000000e+02
5.042305588722229004e-02 5.685879701047431809e+03 7.620000000000000000e+02
5.690925724269420977e-02 5.366541969894736212e+03 1.142000000000000000e+03
6.341842361688614094e-02 4.637055477425385106e+03 1.250000000000000000e+03
6.949987936003544642e-02 4.410947964119485732e+03 1.458000000000000000e+03
7.558128466088295805e-02 4.412172591427589396e+03 1.814000000000000000e+03
8.196268225887480552e-02 3.588199990556697685e+03 2.178000000000000000e+03
8.830226267620121250e-02 3.243987412413374841e+03 2.498000000000000000e+03
9.435210882776298713e-02 2.886469325785415094e+03 2.622000000000000000e+03
1.005600000334900268e-01 2.750045310139584672e+03 3.338000000000000000e+03
1.070138172820522676e-01 2.347970611869232016e+03 3.722000000000000000e+03
1.134272720352065417e-01 2.207996015554881069e+03 4.170000000000000000e+03
1.196088736356262089e-01 2.141725171229882108e+03 4.358000000000000000e+03
1.257803526943431782e-01 2.028928033802023265e+03 5.034000000000000000e+03
1.321489366516601371e-01 1.901178232903158460e+03 5.714000000000000000e+03
1.384562346816501366e-01 1.752847848271255316e+03 5.982000000000000000e+03
1.446496334058954558e-01 1.688436293299362205e+03 6.602000000000000000e+03
1.508534077925902661e-01 1.536364610104206577e+03 7.130000000000000000e+03
1.571727997187746806e-01 1.431507437694241844e+03 8.034000000000000000e+03
1.635416756874734368e-01 1.311975254232263524e+03 8.606000000000000000e+03
1.698255044437522454e-01 1.225272626245150605e+03 9.066000000000000000e+03
1.761012440422073944e-01 1.202814009687982434e+03 9.962000000000000000e+03
1.823997330750334323e-01 1.135470857520171194e+03 1.055000000000000000e+04
1.886505794152418258e-01 1.126735165934203451e+03 1.122600000000000000e+04
1.949080233860110145e-01 1.052488404084366948e+03 1.214600000000000000e+04
2.011423980633682551e-01 9.927048030798348464e+02 1.260600000000000000e+04
2.073952711124279202e-01 9.287089469515401561e+02 1.380200000000000000e+04
2.137387912274538171e-01 8.954826668519806390e+02 1.475400000000000000e+04
2.200329442788883927e-01 8.797376256944380657e+02 1.519400000000000000e+04
2.262928915227388205e-01 8.178181608336743693e+02 1.645400000000000000e+04
2.325983565681614684e-01 7.834106384840297324e+02 1.715400000000000000e+04
2.388889575828848644e-01 7.644222304747659109e+02 1.826600000000000000e+04
2.451217204984029174e-01 7.285102774253845155e+02 1.875000000000000000e+04
2.513735730109318833e-01 7.059288632512221966e+02 2.023400000000000000e+04
2.577068704519516196e-01 6.710441086608157093e+02 2.145000000000000000e+04
2.640202590165574015e-01 6.617031824795690227e+02 2.196200000000000000e+04
2.702896249217050517e-01 6.340374780391430249e+02 2.346200000000000000e+04
2.765613443273721161e-01 6.112889585999956807e+02 2.404200000000000000e+04
2.828696817722480827e-01 5.952588030709561053e+02 2.594600000000000000e+04
2.891484548613966754e-01 5.606918491843247239e+02 2.611800000000000000e+04
2.953521325173381618e-01 5.508217131266860633e+02 2.750600000000000000e+04
3.016073414663040242e-01 5.442398740124622236e+02 2.906600000000000000e+04
3.079380380657114613e-01 5.204837841577326571e+02 3.045000000000000000e+04
3.142758188292146815e-01 4.996152403388745142e+02 3.174200000000000000e+04
3.205460861690284657e-01 4.909226929292605064e+02 3.225000000000000000e+04
3.268125857401938394e-01 4.723394219509319782e+02 3.425000000000000000e+04
3.331235790942642661e-01 4.639478730027523738e+02 3.545400000000000000e+04
3.394044287142444771e-01 4.547996430069841267e+02 3.643400000000000000e+04
3.456389225992096970e-01 4.380001035704935930e+02 3.768200000000000000e+04
3.518805674449744791e-01 4.248914239006733737e+02 3.929400000000000000e+04
3.582029755837912721e-01 4.148572160243320468e+02 4.142600000000000000e+04
3.645115539318926068e-01 4.065777821655547086e+02 4.206600000000000000e+04
3.707638220461956791e-01 3.937447868758329150e+02 4.349000000000000000e+04
3.770538406945189158e-01 3.857826505556633379e+02 4.570200000000000000e+04
3.833585849945114754e-01 3.796636939369426500e+02 4.663400000000000000e+04
3.896511111060295685e-01 3.708800214959039749e+02 4.855400000000000000e+04
3.958767350353735170e-01 3.622985116795281328e+02 4.887000000000000000e+04
4.021123550664917334e-01 3.531863404583208421e+02 5.155400000000000000e+04
4.084534706459355680e-01 3.466538872608439306e+02 5.409000000000000000e+04
4.147693430455148822e-01 3.437129312089393807e+02 5.431400000000000000e+04
4.210541279197388409e-01 3.324184929235395316e+02 5.691000000000000000e+04
4.273285528543883660e-01 3.266505291354851011e+02 5.748200000000000000e+04
4.336210871857300031e-01 3.197961210964167549e+02 6.062600000000000000e+04
4.399178901492071248e-01 3.089465652141633996e+02 6.120600000000000000e+04
4.461481615369914944e-01 3.049924108439557244e+02 6.257000000000000000e+04
4.524185591367541615e-01 3.012061793271037118e+02 6.573000000000000000e+04
4.587151924004577719e-01 2.925801490985992928e+02 6.668600000000000000e+04
4.650253487526455620e-01 2.906444184796471859e+02 6.969800000000000000e+04
4.713138026405762626e-01 2.829106218460282776e+02 7.002600000000000000e+04
4.775801322871031096e-01 2.804304842601246150e+02 7.274600000000000000e+04
4.838809178367569630e-01 2.730094596974443562e+02 7.491000000000000000e+04
4.901499165155780435e-01 2.699584320541582088e+02 7.572200000000000000e+04
4.963993143780123241e-01 2.655757329766872203e+02 7.837800000000000000e+04
5.026659111298577010e-01 2.617115113626580296e+02 8.003000000000000000e+04
5.089643413427887841e-01 2.577345587034841969e+02 8.318600000000000000e+04
5.152747315442799403e-01 2.526588553008008375e+02 8.466600000000000000e+04
5.215661708673858810e-01 2.486110017384665980e+02 8.654600000000000000e+04
5.278286396879566800e-01 2.450816122745914072e+02 8.813400000000000000e+04
5.341160320652750260e-01 2.419423473766615587e+02 9.153800000000000000e+04
5.404304286902661403e-01 2.382439227602639278e+02 9.313800000000000000e+04
5.466976878455739319e-01 2.341652925103778671e+02 9.447800000000000000e+04
5.529595373159058580e-01 2.294895915442652381e+02 9.727400000000000000e+04
5.592440147746206014e-01 2.281369891918606072e+02 9.969000000000000000e+04
5.655545845518847869e-01 2.227639888592474904e+02 1.025900000000000000e+05
5.718545124332512497e-01 2.197548487658490330e+02 1.037700000000000000e+05
5.781226402320145397e-01 2.195524567870906480e+02 1.063460000000000000e+05
5.844054810026423352e-01 2.152363114238736159e+02 1.085460000000000000e+05
5.906692678833675991e-01 2.129510537416968532e+02 1.107260000000000000e+05
5.969160111309492756e-01 2.086264488325888351e+02 1.123220000000000000e+05
6.031708558297608214e-01 2.067988871069791514e+02 1.158900000000000000e+05
6.094688112237535149e-01 2.034709979548289596e+02 1.187660000000000000e+05
6.158118423264375974e-01 2.011262744425066273e+02 1.222980000000000000e+05
6.221022681713845870e-01 1.986611583820558451e+02 1.220900000000000000e+05
6.283660508217905338e-01 1.954553875438170678e+02 1.258100000000000000e+05
6.346461619227155015e-01 1.932291111565647839e+02 1.281900000000000000e+05
6.409396473976692876e-01 1.904567868044400427e+02 1.309940000000000000e+05
6.472371834330832296e-01 1.898890211235045058e+02 1.337220000000000000e+05
6.534767429514126702e-01 1.866061794793707520e+02 1.338860000000000000e+05
6.597637022409679197e-01 1.827986294668252754e+02 1.405380000000000000e+05
6.660751593608625898e-01 1.815326943820114138e+02 1.405940000000000000e+05
6.723401943305717943e-01 1.789840638621437279e+02 1.435940000000000000e+05
6.786079373829640993e-01 1.785027694218304077e+02 1.463100000000000000e+05
6.849135514418230875e-01 1.771078676012889446e+02 1.506500000000000000e+05
6.912250943479077980e-01 1.741778707847852559e+02 1.519140000000000000e+05
6.974710436131158486e-01 1.723896724839902390e+02 1.533980000000000000e+05
7.037307548900212373e-01 1.708418394742107580e+02 1.578660000000000000e+05
7.100217936516199924e-01 1.683944252873023970e+02 1.606580000000000000e+05
7.163250787242370077e-01 1.669083137491343791e+02 1.641020000000000000e+05
7.226009447591926760e-01 1.654432122569541548e+02 1.649940000000000000e+05
7.288716701068771453e-01 1.633086656502888445e+02 1.698500000000000000e+05
7.351879459163250807e-01 1.618561399946097765e+02 1.729860000000000000e+05
7.414685146977839647e-01 1.600855957779441212e+02 1.738940000000000000e+05
7.477104477723024445e-01 1.574740446090838475e+02 1.767780000000000000e+05
7.539885226758882286e-01 1.579674024119083242e+02 1.818020000000000000e+05
7.602914782916944114e-01 1.555854046389615064e+02 1.844300000000000000e+05
7.665892437025125794e-01 1.538795959158941287e+02 1.872420000000000000e+05
7.728738187058056264e-01 1.527889297249903109e+02 1.902500000000000000e+05
7.791494140893913123e-01 1.512221904336412592e+02 1.925700000000000000e+05
7.854515901778583720e-01 1.502934295110927678e+02 1.982540000000000000e+05
7.917409748104085043e-01 1.482612115288004304e+02 1.980740000000000000e+05
7.979940385111662371e-01 1.472071777965797708e+02 2.020500000000000000e+05
8.042571846768763466e-01 1.456328081881021603e+02 2.055020000000000000e+05
8.105619462845171652e-01 1.456147361154436624e+02 2.106660000000000000e+05
8.168641867275381330e-01 1.432518470938808548e+02 2.124260000000000000e+05
8.231256696255031535e-01 1.426178598223777669e+02 2.139180000000000000e+05
8.294110748726144511e-01 1.409050078234948558e+02 2.209940000000000000e+05
8.357113707437004990e-01 1.394181596438549207e+02 2.215220000000000000e+05
8.419948002460609926e-01 1.374713834002689623e+02 2.263140000000000000e+05
8.482593350903800955e-01 1.374493825913809815e+02 2.272940000000000000e+05
8.545301115901441369e-01 1.367654090811910521e+02 2.329620000000000000e+05
8.608435414229801408e-01 1.351638930945096604e+02 2.378180000000000000e+05
8.671393362117422177e-01 1.335310386868044930e+02 2.383980000000000000e+05
8.733948081113820372e-01 1.323716042991056270e+02 2.414180000000000000e+05
8.796646205952306508e-01 1.317003007267644819e+02 2.468180000000000000e+05
8.859565087287600837e-01 1.309308415991138475e+02 2.499060000000000000e+05
8.922534924202312201e-01 1.303052283751218567e+02 2.547020000000000000e+05
8.985217857854136403e-01 1.288421525725832169e+02 2.544180000000000000e+05
9.047744920414614311e-01 1.283630535440537130e+02 2.603540000000000000e+05
9.110610772062064378e-01 1.270200235951974150e+02 2.649740000000000000e+05
9.173652030728716156e-01 1.256536537205892330e+02 2.687220000000000000e+05
9.236564978724189912e-01 1.244911739455162092e+02 2.715620000000000000e+05
9.299448038968107788e-01 1.242704801294405996e+02 2.755860000000000000e+05
9.362445064485998003e-01 1.222788990607034094e+02 2.801900000000000000e+05
9.425390102875164100e-01 1.217756928478584797e+02 2.828340000000000000e+05
9.488116425969939094e-01 1.210409606248795598e+02 2.851700000000000000e+05
9.550714374598537892e-01 1.202960426655133972e+02 2.898860000000000000e+05
9.613552636148307018e-01 1.198018355310237268e+02 2.944740000000000000e+05
9.676548604748713700e-01 1.182748958308496583e+02 2.994980000000000000e+05
9.739319897320198871e-01 1.176091397567775800e+02 2.999580000000000000e+05
9.801989291478477861e-01 1.167556825061736419e+02 3.058580000000000000e+05
9.864886628427461668e-01 1.162439253387934031e+02 3.107940000000000000e+05
9.927793936164199806e-01 1.154361594269048936e+02 3.130820000000000000e+05
9.990361166530091763e-01 1.144174684241631752e+02 3.160460000000000000e+05
1.005310172388236056e+00 1.136512767835830005e+02 3.222180000000000000e+05
1.011625805491854102e+00 1.128494433082315993e+02 3.285620000000000000e+05
1.017917766942204150e+00 1.122715189754317890e+02 3.279900000000000000e+05
1.024197689983066040e+00 1.111432534539217016e+02 3.352820000000000000e+05
1.030472573734562358e+00 1.109467379665042586e+02 3.359700000000000000e+05
1.036757776698311151e+00 1.100161119292297229e+02 3.440660000000000000e+05
1.043033361905228329e+00 1.094792232798349687e+02 3.437180000000000000e+05
1.049301684494551079e+00 1.078360103831822983e+02 3.514980000000000000e+05
1.055593059295673708e+00 1.075085490039636369e+02 3.544580000000000000e+05
1.061871457102441241e+00 1.072306671288142894e+02 3.585660000000000000e+05
1.068178001041605985e+00 1.063547186903180659e+02 3.661220000000000000e+05
1.074470180493512173e+00 1.059173475000134204e+02 3.658100000000000000e+05
1.080737053769623701e+00 1.053784115100189211e+02 3.716220000000000000e+05
1.087020489212936480e+00 1.041116949845489614e+02 3.759860000000000000e+05
1.093314462971749057e+00 1.035516771375544920e+02 3.821700000000000000e+05
1.099587869600829659e+00 1.031517431792253490e+02 3.818180000000000000e+05
1.105847463881620474e+00 1.024331524673534375e+02 3.895740000000000000e+05
1.112134280670179054e+00 1.021086725485499898e+02 3.936980000000000000e+05
1.118428377412835406e+00 1.011176137340828092e+02 3.994580000000000000e+05
1.124715645780198781e+00 1.008661822858844488e+02 4.022220000000000000e+05
1.130996124361501431e+00 1.004822259678570475e+02 4.069220000000000000e+05
1.137284456696317392e+00 9.962059801485943922e+01 4.128420000000000000e+05
1.143571288435853983e+00 9.913321157281824014e+01 4.153460000000000000e+05
1.149847667202570811e+00 9.849265090953151969e+01 4.211820000000000000e+05
1.156130444085272213e+00 9.791617094330611337e+01 4.250180000000000000e+05
1.162419353814765133e+00 9.709179763283549391e+01 4.311380000000000000e+05
1.168705445387328012e+00 9.653714527165807624e+01 4.343820000000000000e+05
1.174988745725767281e+00 9.576870518331713811e+01 4.395140000000000000e+05
1.181273977502684147e+00 9.560484928387198522e+01 4.447380000000000000e+05
1.187562659051211167e+00 9.488386532496349446e+01 4.489100000000000000e+05
1.193823213156303353e+00 9.438952124431763480e+01 4.506180000000000000e+05
1.200093696126397269e+00 9.344967291231314732e+01 4.595540000000000000e+05
1.206384684590767753e+00 9.341390292451431776e+01 4.631060000000000000e+05
1.212657716259795793e+00 9.261705954975347765e+01 4.670940000000000000e+05
1.218950061014193453e+00 9.219832382133515125e+01 4.749380000000000000e+05
1.225240784026401242e+00 9.162643896910122976e+01 4.771860000000000000e+05
1.231532244371714047e+00 9.088176261737082484e+01 4.846700000000000000e+05
1.237823116543606217e+00 9.086749059143861018e+01 4.870100000000000000e+05
1.244104630523539479e+00 9.032445366526418695e+01 4.933140000000000000e+05
1.250385916236761652e+00 8.983730746797782274e+01 4.963220000000000000e+05
1.256652750742101254e+00 8.898251472322267830e+01 5.017020000000000000e+05
1.262935091931613352e+00 8.862177812893689577e+01 5.085620000000000000e+05
1.269233477511062080e+00 8.817346466563328988e+01 5.142420000000000000e+05
1.275514616938773216e+00 8.781352687070939567e+01 5.161580000000000000e+05
1.281786872211649220e+00 8.749388054362746914e+01 5.226020000000000000e+05
1.288079462048372426e+00 8.666840455660651799e+01 5.306580000000000000e+05
1.294361149637119013e+00 8.650728795058819287e+01 5.300420000000000000e+05
1.300627926004322754e+00 8.612851657264977234e+01 5.388780000000000000e+05
1.306914643728855463e+00 8.562452988711241630e+01 5.441300000000000000e+05
1.313214369136572968e+00 8.517039288484241411e+01 5.511060000000000000e+05
1.319506178663429896e+00 8.471946030280653872e+01 5.539820000000000000e+05
1.325784332573166857e+00 8.397636262284369479e+01 5.582420000000000000e+05
1.332057263563118710e+00 8.357834005695040958e+01 5.645460000000000000e+05
1.338340549575027794e+00 8.311491805192923721e+01 5.704940000000000000e+05
1.344633835480066875e+00 8.289610017514959850e+01 5.767620000000000000e+05
1.350907484373135237e+00 8.234631243128178824e+01 5.782340000000000000e+05
1.357175487163077676e+00 8.189667836790124511e+01 5.856660000000000000e+05
1.363467141694861828e+00 8.163368753563844393e+01 5.944460000000000000e+05
1.369755686854475130e+00 8.146375176389774708e+01 5.952500000000000000e+05
1.376032186684321701e+00 8.076558926856701248e+01 6.034020000000000000e+05
1.382313839440675540e+00 8.029662293578819288e+01 6.073820000000000000e+05
1.388610058625191268e+00 8.008260588683570802e+01 6.170100000000000000e+05
1.394895499348251855e+00 7.957438936712044608e+01 6.167780000000000000e+05
1.401166240321837453e+00 7.903393690683779482e+01 6.247460000000000000e+05
1.407434432864556273e+00 7.868772140511900659e+01 6.280620000000000000e+05
1.413722933193898301e+00 7.845031362125259022e+01 6.394100000000000000e+05
1.420027475896342928e+00 7.790263444252727254e+01 6.429540000000000000e+05
1.426307149789788564e+00 7.774926828507857124e+01 6.459740000000000000e+05
1.432584485912613337e+00 7.736335370199165595e+01 6.534900000000000000e+05
1.438876982104692948e+00 7.707455562971721008e+01 6.607460000000000000e+05
1.445167658311597991e+00 7.649813009643045802e+01 6.646460000000000000e+05
1.451434581318592487e+00 7.603104161486734824e+01 6.672900000000000000e+05
1.457714146029685631e+00 7.590015272706308735e+01 6.790340000000000000e+05
1.464013702919821469e+00 7.551537754637080013e+01 6.827220000000000000e+05
1.470311375243267715e+00 7.506696455658969569e+01 6.912380000000000000e+05
1.476585168270965198e+00 7.491158232545741669e+01 6.886020000000000000e+05
1.482847620858654736e+00 7.448058851315809648e+01 7.008260000000000000e+05
1.489134257848029552e+00 7.405863012228473963e+01 7.056620000000000000e+05
1.495410090151012339e+00 7.344539448059785514e+01 7.100820000000000000e+05
1.501688804650891385e+00 7.332479218116972675e+01 7.191620000000000000e+05
1.507973225127458239e+00 7.310397268325921516e+01 7.222500000000000000e+05
1.514255586288884459e+00 7.294672693940347585e+01 7.315100000000000000e+05
1.520548655276809047e+00 7.234865330943242157e+01 7.364420000000000000e+05
1.526828765310179747e+00 7.215486742724712599e+01 7.408980000000000000e+05
1.533114430439595610e+00 7.178727270797831750e+01 7.501580000000000000e+05
1.539410813276927970e+00 7.128349171030396292e+01 7.548660000000000000e+05
1.545694858079805112e+00 7.095045854222333048e+01 7.608260000000000000e+05
1.551969964575633298e+00 7.059728479102531651e+01 7.640340000000000000e+05
1.558245721095042446e+00 7.048576557987520630e+01 7.738460000000000000e+05
1.564534844516594525e+00 7.014683685307210226e+01 7.797140000000000000e+05
1.570816980798636520e+00 6.973236059309540735e+01 7.843140000000000000e+05
1.577093092211928615e+00 6.927741650406352392e+01 7.913420000000000000e+05
1.583381338673179872e+00 6.881913335927973208e+01 7.994580000000000000e+05
1.589671280639133322e+00 6.871847455866533494e+01 8.049620000000000000e+05
1.595952830483094553e+00 6.860050621915883085e+01 8.095500000000000000e+05
1.602217313416965272e+00 6.833658308246823765e+01 8.134580000000000000e+05
