# Real space DM power spectrum.
# The power spectum is corrected for shot-noise and window function.
# Ngrid=512	Interlacing was set to True.
# redshift=3.017980	model=tabulated	Hz_file=/g100/home/userexternal/mbaldi00/SOURCE/CoDECS2/LCDM_CoDECS2_recalibrated/Hz.dat	zDf_file=None	H0=67.66	Om=0.311049	Ob=0.04897468161869667	sigma8=0.7882104124	ns=0.9665	Tcmb=0.0	Neff=3.046	m_nu=[0]	Fid_model=w0waCDM	Fid_H0=67.6591	Fid_Om=0.311367	Fid_w0=-1.0001	Fid_wa=-0.0025	
# n_dm=1.073742e+00[h/Mpc]^3
# k[h/Mpc]		Pk_dm[Mpc^3/h^3]		Nmodes
8.018239401280879974e-03 1.778960496001773208e+03 1.800000000000000000e+01
1.401654949351664563e-02 2.116426288312481120e+03 6.200000000000000000e+01
1.969250245970122562e-02 1.575260003955996581e+03 9.800000000000000000e+01
2.551337480545044084e-02 2.406241147663479751e+03 2.100000000000000000e+02
3.202906010406358223e-02 1.867011177425384631e+03 3.500000000000000000e+02
3.846520933840009981e-02 1.613261594092051155e+03 4.500000000000000000e+02
4.443307405343879801e-02 1.293830616794155276e+03 6.020000000000000000e+02
5.042305588722229004e-02 1.150701223357143135e+03 7.620000000000000000e+02
5.690925724269420977e-02 1.078276645901741858e+03 1.142000000000000000e+03
6.341842361688614094e-02 9.410116774253846188e+02 1.250000000000000000e+03
6.949987936003544642e-02 8.869473639823117992e+02 1.458000000000000000e+03
7.558128466088295805e-02 8.861729359700372015e+02 1.814000000000000000e+03
8.196268225887480552e-02 7.239876971682679141e+02 2.178000000000000000e+03
8.830226267620121250e-02 6.589074484421979605e+02 2.498000000000000000e+03
9.435210882776298713e-02 5.831099627037979189e+02 2.622000000000000000e+03
1.005600000334900268e-01 5.495125435128620666e+02 3.338000000000000000e+03
1.070138172820522676e-01 4.706399764581626073e+02 3.722000000000000000e+03
1.134272720352065417e-01 4.323555179529624866e+02 4.170000000000000000e+03
1.196088736356262089e-01 4.225644897246043570e+02 4.358000000000000000e+03
1.257803526943431782e-01 4.033509330868863003e+02 5.034000000000000000e+03
1.321489366516601371e-01 3.723810680449154802e+02 5.714000000000000000e+03
1.384562346816501366e-01 3.479935771244818170e+02 5.982000000000000000e+03
1.446496334058954558e-01 3.303733199579504003e+02 6.602000000000000000e+03
1.508534077925902661e-01 2.978405217451601175e+02 7.130000000000000000e+03
1.571727997187746806e-01 2.764991292551081870e+02 8.034000000000000000e+03
1.635416756874734368e-01 2.502603750781848930e+02 8.606000000000000000e+03
1.698255044437522454e-01 2.315664713808224064e+02 9.066000000000000000e+03
1.761012440422073944e-01 2.274130108925597824e+02 9.962000000000000000e+03
1.823997330750334323e-01 2.140879191315456467e+02 1.055000000000000000e+04
1.886505794152418258e-01 2.122154126828226026e+02 1.122600000000000000e+04
1.949080233860110145e-01 1.990452952419496455e+02 1.214600000000000000e+04
2.011423980633682551e-01 1.839747142332537919e+02 1.260600000000000000e+04
2.073952711124279202e-01 1.746749120290651547e+02 1.380200000000000000e+04
2.137387912274538171e-01 1.656361167638689835e+02 1.475400000000000000e+04
2.200329442788883927e-01 1.586919991313210687e+02 1.519400000000000000e+04
2.262928915227388205e-01 1.469170121768127615e+02 1.645400000000000000e+04
2.325983565681614684e-01 1.383615537224580976e+02 1.715400000000000000e+04
2.388889575828848644e-01 1.343202650745687947e+02 1.826600000000000000e+04
2.451217204984029174e-01 1.279408640920511857e+02 1.875000000000000000e+04
2.513735730109318833e-01 1.224866125840283786e+02 2.023400000000000000e+04
2.577068704519516196e-01 1.165436191503262506e+02 2.145000000000000000e+04
2.640202590165574015e-01 1.161579338683314262e+02 2.196200000000000000e+04
2.702896249217050517e-01 1.105087081133054170e+02 2.346200000000000000e+04
2.765613443273721161e-01 1.039101111663378560e+02 2.404200000000000000e+04
2.828696817722480827e-01 1.002274205842529398e+02 2.594600000000000000e+04
2.891484548613966754e-01 9.339913917590141068e+01 2.611800000000000000e+04
2.953521325173381618e-01 9.116668331500859779e+01 2.750600000000000000e+04
3.016073414663040242e-01 8.859429154497442482e+01 2.906600000000000000e+04
3.079380380657114613e-01 8.570069712981802468e+01 3.045000000000000000e+04
3.142758188292146815e-01 8.181618073330461982e+01 3.174200000000000000e+04
3.205460861690284657e-01 7.959196424708994755e+01 3.225000000000000000e+04
3.268125857401938394e-01 7.559019567355970537e+01 3.425000000000000000e+04
3.331235790942642661e-01 7.495059483949859214e+01 3.545400000000000000e+04
3.394044287142444771e-01 7.214796462964427803e+01 3.643400000000000000e+04
3.456389225992096970e-01 6.831475645516000839e+01 3.768200000000000000e+04
3.518805674449744791e-01 6.624116559151676142e+01 3.929400000000000000e+04
3.582029755837912721e-01 6.391388936957416433e+01 4.142600000000000000e+04
3.645115539318926068e-01 6.225040970323361478e+01 4.206600000000000000e+04
3.707638220461956791e-01 6.014647691952110620e+01 4.349000000000000000e+04
3.770538406945189158e-01 5.807405465176411496e+01 4.570200000000000000e+04
3.833585849945114754e-01 5.667895104549003094e+01 4.663400000000000000e+04
3.896511111060295685e-01 5.445176635729538361e+01 4.855400000000000000e+04
3.958767350353735170e-01 5.327238624470107453e+01 4.887000000000000000e+04
4.021123550664917334e-01 5.156845920759346313e+01 5.155400000000000000e+04
4.084534706459355680e-01 5.050202000257069557e+01 5.409000000000000000e+04
4.147693430455148822e-01 4.905108987889558136e+01 5.431400000000000000e+04
4.210541279197388409e-01 4.712259150023955812e+01 5.691000000000000000e+04
4.273285528543883660e-01 4.625369186468726213e+01 5.748200000000000000e+04
4.336210871857300031e-01 4.488789277853333459e+01 6.062600000000000000e+04
4.399178901492071248e-01 4.325339379306089427e+01 6.120600000000000000e+04
4.461481615369914944e-01 4.220891635778023954e+01 6.257000000000000000e+04
4.524185591367541615e-01 4.143101577925641976e+01 6.573000000000000000e+04
4.587151924004577719e-01 3.973858190308598637e+01 6.668600000000000000e+04
4.650253487526455620e-01 3.925494173712947799e+01 6.969800000000000000e+04
4.713138026405762626e-01 3.780096257661406867e+01 7.002600000000000000e+04
4.775801322871031096e-01 3.693370093183161629e+01 7.274600000000000000e+04
4.838809178367569630e-01 3.583643206428453709e+01 7.491000000000000000e+04
4.901499165155780435e-01 3.546245334255522863e+01 7.572200000000000000e+04
4.963993143780123241e-01 3.434710057984113263e+01 7.837800000000000000e+04
5.026659111298577010e-01 3.367326632954546284e+01 8.003000000000000000e+04
5.089643413427887841e-01 3.261238369807463755e+01 8.318600000000000000e+04
5.152747315442799403e-01 3.183094622277662467e+01 8.466600000000000000e+04
5.215661708673858810e-01 3.110798022389629836e+01 8.654600000000000000e+04
5.278286396879566800e-01 3.073696094820204650e+01 8.813400000000000000e+04
5.341160320652750260e-01 2.981145091836011574e+01 9.153800000000000000e+04
5.404304286902661403e-01 2.917100139626643696e+01 9.313800000000000000e+04
5.466976878455739319e-01 2.833397728355256362e+01 9.447800000000000000e+04
5.529595373159058580e-01 2.781729473319544965e+01 9.727400000000000000e+04
5.592440147746206014e-01 2.734692248506954826e+01 9.969000000000000000e+04
5.655545845518847869e-01 2.654608506745490004e+01 1.025900000000000000e+05
5.718545124332512497e-01 2.621261594326059452e+01 1.037700000000000000e+05
5.781226402320145397e-01 2.542456763282062582e+01 1.063460000000000000e+05
5.844054810026423352e-01 2.500088819316960809e+01 1.085460000000000000e+05
5.906692678833675991e-01 2.438431918973977730e+01 1.107260000000000000e+05
5.969160111309492756e-01 2.393081485171240175e+01 1.123220000000000000e+05
6.031708558297608214e-01 2.349722604907940493e+01 1.158900000000000000e+05
6.094688112237535149e-01 2.292335174295015321e+01 1.187660000000000000e+05
6.158118423264375974e-01 2.253339475518549762e+01 1.222980000000000000e+05
6.221022681713845870e-01 2.214595238647879683e+01 1.220900000000000000e+05
6.283660508217905338e-01 2.179569236855279257e+01 1.258100000000000000e+05
6.346461619227155015e-01 2.140608868991373370e+01 1.281900000000000000e+05
6.409396473976692876e-01 2.087491473396353925e+01 1.309940000000000000e+05
6.472371834330832296e-01 2.051516528826422814e+01 1.337220000000000000e+05
6.534767429514126702e-01 2.007598588183254407e+01 1.338860000000000000e+05
6.597637022409679197e-01 1.968637335104163810e+01 1.405380000000000000e+05
6.660751593608625898e-01 1.932841646118974666e+01 1.405940000000000000e+05
6.723401943305717943e-01 1.895531788389950023e+01 1.435940000000000000e+05
6.786079373829640993e-01 1.866981883745478044e+01 1.463100000000000000e+05
6.849135514418230875e-01 1.829182047218173324e+01 1.506500000000000000e+05
6.912250943479077980e-01 1.790498612636007536e+01 1.519140000000000000e+05
6.974710436131158486e-01 1.757285446810998053e+01 1.533980000000000000e+05
7.037307548900212373e-01 1.744732292219827485e+01 1.578660000000000000e+05
7.100217936516199924e-01 1.714905468639860331e+01 1.606580000000000000e+05
7.163250787242370077e-01 1.672031939196628159e+01 1.641020000000000000e+05
7.226009447591926760e-01 1.647716349154450555e+01 1.649940000000000000e+05
7.288716701068771453e-01 1.616892323050668878e+01 1.698500000000000000e+05
7.351879459163250807e-01 1.592489700384751927e+01 1.729860000000000000e+05
7.414685146977839647e-01 1.571247767151147201e+01 1.738940000000000000e+05
7.477104477723024445e-01 1.545440981289880611e+01 1.767780000000000000e+05
7.539885226758882286e-01 1.518990683980240419e+01 1.818020000000000000e+05
7.602914782916944114e-01 1.489146791500117928e+01 1.844300000000000000e+05
7.665892437025125794e-01 1.471305475525709205e+01 1.872420000000000000e+05
7.728738187058056264e-01 1.444174838464864941e+01 1.902500000000000000e+05
7.791494140893913123e-01 1.423739918889908651e+01 1.925700000000000000e+05
7.854515901778583720e-01 1.391665148895953230e+01 1.982540000000000000e+05
7.917409748104085043e-01 1.387596914464096187e+01 1.980740000000000000e+05
7.979940385111662371e-01 1.360978977381312838e+01 2.020500000000000000e+05
8.042571846768763466e-01 1.339253680388205403e+01 2.055020000000000000e+05
8.105619462845171652e-01 1.311425787025934575e+01 2.106660000000000000e+05
8.168641867275381330e-01 1.299587677951254783e+01 2.124260000000000000e+05
8.231256696255031535e-01 1.269762870578168368e+01 2.139180000000000000e+05
8.294110748726144511e-01 1.256377683984826099e+01 2.209940000000000000e+05
8.357113707437004990e-01 1.244231412963962846e+01 2.215220000000000000e+05
8.419948002460609926e-01 1.212200046328761083e+01 2.263140000000000000e+05
8.482593350903800955e-01 1.199617331176955481e+01 2.272940000000000000e+05
8.545301115901441369e-01 1.178820357127955987e+01 2.329620000000000000e+05
8.608435414229801408e-01 1.167713221013588765e+01 2.378180000000000000e+05
8.671393362117422177e-01 1.148261126711138047e+01 2.383980000000000000e+05
8.733948081113820372e-01 1.137885624386533223e+01 2.414180000000000000e+05
8.796646205952306508e-01 1.122506796416208097e+01 2.468180000000000000e+05
8.859565087287600837e-01 1.107963054375702860e+01 2.499060000000000000e+05
8.922534924202312201e-01 1.089209263217520096e+01 2.547020000000000000e+05
8.985217857854136403e-01 1.074850943412604032e+01 2.544180000000000000e+05
9.047744920414614311e-01 1.056125579944445647e+01 2.603540000000000000e+05
9.110610772062064378e-01 1.050984240760919342e+01 2.649740000000000000e+05
9.173652030728716156e-01 1.024651548851296035e+01 2.687220000000000000e+05
9.236564978724189912e-01 1.015562902391450706e+01 2.715620000000000000e+05
9.299448038968107788e-01 1.004030697115244841e+01 2.755860000000000000e+05
9.362445064485998003e-01 9.877156493159960249e+00 2.801900000000000000e+05
9.425390102875164100e-01 9.737699714076828883e+00 2.828340000000000000e+05
9.488116425969939094e-01 9.617724485033152249e+00 2.851700000000000000e+05
9.550714374598537892e-01 9.531211835462965354e+00 2.898860000000000000e+05
9.613552636148307018e-01 9.404241006549581172e+00 2.944740000000000000e+05
9.676548604748713700e-01 9.274145408476227814e+00 2.994980000000000000e+05
9.739319897320198871e-01 9.198075541120724452e+00 2.999580000000000000e+05
9.801989291478477861e-01 9.058514212390255338e+00 3.058580000000000000e+05
9.864886628427461668e-01 8.920864082784600413e+00 3.107940000000000000e+05
9.927793936164199806e-01 8.834233254208918140e+00 3.130820000000000000e+05
9.990361166530091763e-01 8.701085366000761212e+00 3.160460000000000000e+05
1.005310172388236056e+00 8.576924947248601327e+00 3.222180000000000000e+05
1.011625805491854102e+00 8.487317590711004556e+00 3.285620000000000000e+05
1.017917766942204150e+00 8.395000636458030741e+00 3.279900000000000000e+05
1.024197689983066040e+00 8.303986806741111337e+00 3.352820000000000000e+05
1.030472573734562358e+00 8.173065465983384570e+00 3.359700000000000000e+05
1.036757776698311151e+00 8.118357573960667040e+00 3.440660000000000000e+05
1.043033361905228329e+00 7.986062461955198089e+00 3.437180000000000000e+05
1.049301684494551079e+00 7.857944362891990053e+00 3.514980000000000000e+05
1.055593059295673708e+00 7.815423161127542429e+00 3.544580000000000000e+05
1.061871457102441241e+00 7.694908718926017244e+00 3.585660000000000000e+05
1.068178001041605985e+00 7.635477563043552962e+00 3.661220000000000000e+05
1.074470180493512173e+00 7.548863860965834505e+00 3.658100000000000000e+05
1.080737053769623701e+00 7.436614468939533040e+00 3.716220000000000000e+05
1.087020489212936480e+00 7.350768380898822230e+00 3.759860000000000000e+05
1.093314462971749057e+00 7.264115973674549309e+00 3.821700000000000000e+05
1.099587869600829659e+00 7.237219767547541593e+00 3.818180000000000000e+05
1.105847463881620474e+00 7.103879338243181962e+00 3.895740000000000000e+05
1.112134280670179054e+00 7.033241634499121986e+00 3.936980000000000000e+05
1.118428377412835406e+00 6.935529509959120098e+00 3.994580000000000000e+05
1.124715645780198781e+00 6.862290156662274043e+00 4.022220000000000000e+05
1.130996124361501431e+00 6.786190855476776029e+00 4.069220000000000000e+05
1.137284456696317392e+00 6.717400181305673179e+00 4.128420000000000000e+05
1.143571288435853983e+00 6.651532442647237531e+00 4.153460000000000000e+05
1.149847667202570811e+00 6.587949379076749601e+00 4.211820000000000000e+05
1.156130444085272213e+00 6.493874711146536249e+00 4.250180000000000000e+05
1.162419353814765133e+00 6.443200779855711602e+00 4.311380000000000000e+05
1.168705445387328012e+00 6.365945152868624390e+00 4.343820000000000000e+05
1.174988745725767281e+00 6.301282643875855349e+00 4.395140000000000000e+05
1.181273977502684147e+00 6.215278907605513936e+00 4.447380000000000000e+05
1.187562659051211167e+00 6.169659804926077129e+00 4.489100000000000000e+05
1.193823213156303353e+00 6.107933513689915550e+00 4.506180000000000000e+05
1.200093696126397269e+00 6.029167378687071199e+00 4.595540000000000000e+05
1.206384684590767753e+00 5.970570836396255743e+00 4.631060000000000000e+05
1.212657716259795793e+00 5.898940177635673798e+00 4.670940000000000000e+05
1.218950061014193453e+00 5.821031943237377604e+00 4.749380000000000000e+05
1.225240784026401242e+00 5.796552928856962161e+00 4.771860000000000000e+05
1.231532244371714047e+00 5.733378665403503938e+00 4.846700000000000000e+05
1.237823116543606217e+00 5.695297515321073867e+00 4.870100000000000000e+05
1.244104630523539479e+00 5.611498529184535400e+00 4.933140000000000000e+05
1.250385916236761652e+00 5.573992523244378106e+00 4.963220000000000000e+05
1.256652750742101254e+00 5.519923384140914990e+00 5.017020000000000000e+05
1.262935091931613352e+00 5.435120946528453345e+00 5.085620000000000000e+05
1.269233477511062080e+00 5.389200642080163028e+00 5.142420000000000000e+05
1.275514616938773216e+00 5.313495388101364014e+00 5.161580000000000000e+05
1.281786872211649220e+00 5.305100649941641322e+00 5.226020000000000000e+05
1.288079462048372426e+00 5.240824081045983185e+00 5.306580000000000000e+05
1.294361149637119013e+00 5.182369830892009865e+00 5.300420000000000000e+05
1.300627926004322754e+00 5.130357898515731208e+00 5.388780000000000000e+05
1.306914643728855463e+00 5.083970186305625028e+00 5.441300000000000000e+05
1.313214369136572968e+00 5.025803187034730612e+00 5.511060000000000000e+05
1.319506178663429896e+00 4.988839993843424914e+00 5.539820000000000000e+05
1.325784332573166857e+00 4.930370920320410022e+00 5.582420000000000000e+05
1.332057263563118710e+00 4.869636071801288324e+00 5.645460000000000000e+05
1.338340549575027794e+00 4.826652969386737269e+00 5.704940000000000000e+05
1.344633835480066875e+00 4.782182302612910441e+00 5.767620000000000000e+05
1.350907484373135237e+00 4.724593974739972779e+00 5.782340000000000000e+05
1.357175487163077676e+00 4.674982042691997464e+00 5.856660000000000000e+05
1.363467141694861828e+00 4.648133338957832095e+00 5.944460000000000000e+05
1.369755686854475130e+00 4.604769403544958450e+00 5.952500000000000000e+05
1.376032186684321701e+00 4.557265050218379798e+00 6.034020000000000000e+05
1.382313839440675540e+00 4.529869064254294031e+00 6.073820000000000000e+05
1.388610058625191268e+00 4.491244320572605808e+00 6.170100000000000000e+05
1.394895499348251855e+00 4.452621080962379629e+00 6.167780000000000000e+05
1.401166240321837453e+00 4.394990438993252369e+00 6.247460000000000000e+05
1.407434432864556273e+00 4.365228960105615563e+00 6.280620000000000000e+05
1.413722933193898301e+00 4.323172193999337942e+00 6.394100000000000000e+05
1.420027475896342928e+00 4.283575380759245377e+00 6.429540000000000000e+05
1.426307149789788564e+00 4.252436756255423944e+00 6.459740000000000000e+05
1.432584485912613337e+00 4.190911507007805348e+00 6.534900000000000000e+05
1.438876982104692948e+00 4.145843613299393660e+00 6.607460000000000000e+05
1.445167658311597991e+00 4.130104109664574530e+00 6.646460000000000000e+05
1.451434581318592487e+00 4.084798976734009379e+00 6.672900000000000000e+05
1.457714146029685631e+00 4.054720097769115128e+00 6.790340000000000000e+05
1.464013702919821469e+00 4.012102421210054892e+00 6.827220000000000000e+05
1.470311375243267715e+00 3.983645569496968797e+00 6.912380000000000000e+05
1.476585168270965198e+00 3.956365451268849753e+00 6.886020000000000000e+05
1.482847620858654736e+00 3.918425080294585250e+00 7.008260000000000000e+05
1.489134257848029552e+00 3.874460859946677438e+00 7.056620000000000000e+05
1.495410090151012339e+00 3.842890826090354928e+00 7.100820000000000000e+05
1.501688804650891385e+00 3.816439751536348624e+00 7.191620000000000000e+05
1.507973225127458239e+00 3.774232980940077198e+00 7.222500000000000000e+05
1.514255586288884459e+00 3.739454311551491550e+00 7.315100000000000000e+05
1.520548655276809047e+00 3.712321459809500013e+00 7.364420000000000000e+05
1.526828765310179747e+00 3.671372735670147769e+00 7.408980000000000000e+05
1.533114430439595610e+00 3.643447340522398825e+00 7.501580000000000000e+05
1.539410813276927970e+00 3.614714072948459922e+00 7.548660000000000000e+05
1.545694858079805112e+00 3.590004903677850301e+00 7.608260000000000000e+05
1.551969964575633298e+00 3.546153231435037689e+00 7.640340000000000000e+05
1.558245721095042446e+00 3.517388150774327649e+00 7.738460000000000000e+05
1.564534844516594525e+00 3.489451901666850375e+00 7.797140000000000000e+05
1.570816980798636520e+00 3.456026114812480010e+00 7.843140000000000000e+05
1.577093092211928615e+00 3.420324374491229058e+00 7.913420000000000000e+05
1.583381338673179872e+00 3.399913400257497997e+00 7.994580000000000000e+05
1.589671280639133322e+00 3.361542492306934804e+00 8.049620000000000000e+05
1.595952830483094553e+00 3.367875745438872137e+00 8.095500000000000000e+05
1.602217313416965272e+00 3.308033974831451118e+00 8.134580000000000000e+05
