# Real space DM power spectrum.
# The power spectum is corrected for shot-noise and window function.
# Ngrid=512	Interlacing was set to True.
# redshift=0.120200	model=tabulated	Hz_file=/g100/home/userexternal/mbaldi00/SOURCE/CoDECS2/LCDM_CoDECS2_recalibrated/Hz.dat	zDf_file=None	H0=67.66	Om=0.311049	Ob=0.04897468161869667	sigma8=0.7882104124	ns=0.9665	Tcmb=0.0	Neff=3.046	m_nu=[0]	Fid_model=w0waCDM	Fid_H0=67.6591	Fid_Om=0.311367	Fid_w0=-1.0001	Fid_wa=-0.0025	
# n_dm=1.073742e+00[h/Mpc]^3
# k[h/Mpc]		Pk_dm[Mpc^3/h^3]		Nmodes
8.018239401280879974e-03 1.571873708020316190e+04 1.800000000000000000e+01
1.401654949351664563e-02 1.873319972581247930e+04 6.200000000000000000e+01
1.969250245970122562e-02 1.379523576926211899e+04 9.800000000000000000e+01
2.551337480545044084e-02 2.088366629647300579e+04 2.100000000000000000e+02
3.202906010406358223e-02 1.623817724885395546e+04 3.500000000000000000e+02
3.846520933840009981e-02 1.398353978853649642e+04 4.500000000000000000e+02
4.443307405343879801e-02 1.113783861098020134e+04 6.020000000000000000e+02
5.042305588722229004e-02 9.976958441204911651e+03 7.620000000000000000e+02
5.690925724269420977e-02 9.449400551330812959e+03 1.142000000000000000e+03
6.341842361688614094e-02 8.112491877425384700e+03 1.250000000000000000e+03
6.949987936003544642e-02 7.746957566314273208e+03 1.458000000000000000e+03
7.558128466088295805e-02 7.749326670810170071e+03 1.814000000000000000e+03
8.196268225887480552e-02 6.297344159519047935e+03 2.178000000000000000e+03
8.830226267620121250e-02 5.680558669418978752e+03 2.498000000000000000e+03
9.435210882776298713e-02 5.066118639286559301e+03 2.622000000000000000e+03
1.005600000334900268e-01 4.855646867958637813e+03 3.338000000000000000e+03
1.070138172820522676e-01 4.167373621004106099e+03 3.722000000000000000e+03
1.134272720352065417e-01 3.955796734979341636e+03 4.170000000000000000e+03
1.196088736356262089e-01 3.820173542042181452e+03 4.358000000000000000e+03
1.257803526943431782e-01 3.602688860182635381e+03 5.034000000000000000e+03
1.321489366516601371e-01 3.393475747778902132e+03 5.714000000000000000e+03
1.384562346816501366e-01 3.118771118080683664e+03 5.982000000000000000e+03
1.446496334058954558e-01 3.032736656825566115e+03 6.602000000000000000e+03
1.508534077925902661e-01 2.773186769992004429e+03 7.130000000000000000e+03
1.571727997187746806e-01 2.598382593282989546e+03 8.034000000000000000e+03
1.635416756874734368e-01 2.412594357183692864e+03 8.606000000000000000e+03
1.698255044437522454e-01 2.255526431672020408e+03 9.066000000000000000e+03
1.761012440422073944e-01 2.211284899067625247e+03 9.962000000000000000e+03
1.823997330750334323e-01 2.089717966524910480e+03 1.055000000000000000e+04
1.886505794152418258e-01 2.071001155601048140e+03 1.122600000000000000e+04
1.949080233860110145e-01 1.936238939239973661e+03 1.214600000000000000e+04
2.011423980633682551e-01 1.859773421198191272e+03 1.260600000000000000e+04
2.073952711124279202e-01 1.723169677280478027e+03 1.380200000000000000e+04
2.137387912274538171e-01 1.667955758894816427e+03 1.475400000000000000e+04
2.200329442788883927e-01 1.660284815374574919e+03 1.519400000000000000e+04
2.262928915227388205e-01 1.549395041835254460e+03 1.645400000000000000e+04
2.325983565681614684e-01 1.499966194039585162e+03 1.715400000000000000e+04
2.388889575828848644e-01 1.470914511214938784e+03 1.826600000000000000e+04
2.451217204984029174e-01 1.407698757425384429e+03 1.875000000000000000e+04
2.513735730109318833e-01 1.365281092172839180e+03 2.023400000000000000e+04
2.577068704519516196e-01 1.301264947821654914e+03 2.145000000000000000e+04
2.640202590165574015e-01 1.275383676059388790e+03 2.196200000000000000e+04
2.702896249217050517e-01 1.228984626619826713e+03 2.346200000000000000e+04
2.765613443273721161e-01 1.202699074230974702e+03 2.404200000000000000e+04
2.828696817722480827e-01 1.170823090437024121e+03 2.594600000000000000e+04
2.891484548613966754e-01 1.117770875143433386e+03 2.611800000000000000e+04
2.953521325173381618e-01 1.091948776312900009e+03 2.750600000000000000e+04
3.016073414663040242e-01 1.088473893141341478e+03 2.906600000000000000e+04
3.079380380657114613e-01 1.034890417983676798e+03 3.045000000000000000e+04
3.142758188292146815e-01 1.003512820831597082e+03 3.174200000000000000e+04
3.205460861690284657e-01 9.883824138594931128e+02 3.225000000000000000e+04
3.268125857401938394e-01 9.648139037027568747e+02 3.425000000000000000e+04
3.331235790942642661e-01 9.364314573655886988e+02 3.545400000000000000e+04
3.394044287142444771e-01 9.303742711016210478e+02 3.643400000000000000e+04
3.456389225992096970e-01 9.032354413975727994e+02 3.768200000000000000e+04
3.518805674449744791e-01 8.752118036024090770e+02 3.929400000000000000e+04
3.582029755837912721e-01 8.559104676054647598e+02 4.142600000000000000e+04
3.645115539318926068e-01 8.422679357337570991e+02 4.206600000000000000e+04
3.707638220461956791e-01 8.220471092487922533e+02 4.349000000000000000e+04
3.770538406945189158e-01 8.081834645244174453e+02 4.570200000000000000e+04
3.833585849945114754e-01 7.928731977324566742e+02 4.663400000000000000e+04
3.896511111060295685e-01 7.858568308216031255e+02 4.855400000000000000e+04
3.958767350353735170e-01 7.651760643703404412e+02 4.887000000000000000e+04
4.021123550664917334e-01 7.488611280596708184e+02 5.155400000000000000e+04
4.084534706459355680e-01 7.424441627276585223e+02 5.409000000000000000e+04
4.147693430455148822e-01 7.351129385735230244e+02 5.431400000000000000e+04
4.210541279197388409e-01 7.116594347615292691e+02 5.691000000000000000e+04
4.273285528543883660e-01 7.011387515355407913e+02 5.748200000000000000e+04
4.336210871857300031e-01 6.893986348693854325e+02 6.062600000000000000e+04
4.399178901492071248e-01 6.658680761771408925e+02 6.120600000000000000e+04
4.461481615369914944e-01 6.615822142641251276e+02 6.257000000000000000e+04
4.524185591367541615e-01 6.562833434835010848e+02 6.573000000000000000e+04
4.587151924004577719e-01 6.424049099179617315e+02 6.668600000000000000e+04
4.650253487526455620e-01 6.403405647105290655e+02 6.969800000000000000e+04
4.713138026405762626e-01 6.232011425097817892e+02 7.002600000000000000e+04
4.775801322871031096e-01 6.189328623977542065e+02 7.274600000000000000e+04
4.838809178367569630e-01 6.055738703235289222e+02 7.491000000000000000e+04
4.901499165155780435e-01 5.982465121365648884e+02 7.572200000000000000e+04
4.963993143780123241e-01 5.923843017077086870e+02 7.837800000000000000e+04
5.026659111298577010e-01 5.848531082638201042e+02 8.003000000000000000e+04
5.089643413427887841e-01 5.820366287633501088e+02 8.318600000000000000e+04
5.152747315442799403e-01 5.689649285769683047e+02 8.466600000000000000e+04
5.215661708673858810e-01 5.601977879562005000e+02 8.654600000000000000e+04
5.278286396879566800e-01 5.516531056823567951e+02 8.813400000000000000e+04
5.341160320652750260e-01 5.518141601757176886e+02 9.153800000000000000e+04
5.404304286902661403e-01 5.453666868307828963e+02 9.313800000000000000e+04
5.466976878455739319e-01 5.357338904908601762e+02 9.447800000000000000e+04
5.529595373159058580e-01 5.235353591697355569e+02 9.727400000000000000e+04
5.592440147746206014e-01 5.265769129555279733e+02 9.969000000000000000e+04
5.655545845518847869e-01 5.136494357838989799e+02 1.025900000000000000e+05
5.718545124332512497e-01 5.082736114140132599e+02 1.037700000000000000e+05
5.781226402320145397e-01 5.083169425223322264e+02 1.063460000000000000e+05
5.844054810026423352e-01 5.010008720709725480e+02 1.085460000000000000e+05
5.906692678833675991e-01 4.978733303524296616e+02 1.107260000000000000e+05
5.969160111309492756e-01 4.872223427803461959e+02 1.123220000000000000e+05
6.031708558297608214e-01 4.825922946486134606e+02 1.158900000000000000e+05
6.094688112237535149e-01 4.767196886575553094e+02 1.187660000000000000e+05
6.158118423264375974e-01 4.753097933880331425e+02 1.222980000000000000e+05
6.221022681713845870e-01 4.672881548600638553e+02 1.220900000000000000e+05
6.283660508217905338e-01 4.592333384221256551e+02 1.258100000000000000e+05
6.346461619227155015e-01 4.604222307446761420e+02 1.281900000000000000e+05
6.409396473976692876e-01 4.567383416848162483e+02 1.309940000000000000e+05
6.472371834330832296e-01 4.522161625063734505e+02 1.337220000000000000e+05
6.534767429514126702e-01 4.447270136218501762e+02 1.338860000000000000e+05
6.597637022409679197e-01 4.409504460573559186e+02 1.405380000000000000e+05
6.660751593608625898e-01 4.360521902353195287e+02 1.405940000000000000e+05
6.723401943305717943e-01 4.324024100325965492e+02 1.435940000000000000e+05
6.786079373829640993e-01 4.282999808222814977e+02 1.463100000000000000e+05
6.849135514418230875e-01 4.263346847270771605e+02 1.506500000000000000e+05
6.912250943479077980e-01 4.208741199784079754e+02 1.519140000000000000e+05
6.974710436131158486e-01 4.174318894620473088e+02 1.533980000000000000e+05
7.037307548900212373e-01 4.136599130302646472e+02 1.578660000000000000e+05
7.100217936516199924e-01 4.090698227153794164e+02 1.606580000000000000e+05
7.163250787242370077e-01 4.055164720896786434e+02 1.641020000000000000e+05
7.226009447591926760e-01 4.040138027026673626e+02 1.649940000000000000e+05
7.288716701068771453e-01 3.992395576137860189e+02 1.698500000000000000e+05
7.351879459163250807e-01 3.970928412305479469e+02 1.729860000000000000e+05
7.414685146977839647e-01 3.920978101154141200e+02 1.738940000000000000e+05
7.477104477723024445e-01 3.904116273399666284e+02 1.767780000000000000e+05
7.539885226758882286e-01 3.869659282807106706e+02 1.818020000000000000e+05
7.602914782916944114e-01 3.822180132167417241e+02 1.844300000000000000e+05
7.665892437025125794e-01 3.827393923290920270e+02 1.872420000000000000e+05
7.728738187058056264e-01 3.780362674385251580e+02 1.902500000000000000e+05
7.791494140893913123e-01 3.738783777940815867e+02 1.925700000000000000e+05
7.854515901778583720e-01 3.716364339397549656e+02 1.982540000000000000e+05
7.917409748104085043e-01 3.689308097597645997e+02 1.980740000000000000e+05
7.979940385111662371e-01 3.651586947478294860e+02 2.020500000000000000e+05
8.042571846768763466e-01 3.616804670916650934e+02 2.055020000000000000e+05
8.105619462845171652e-01 3.613955075735811988e+02 2.106660000000000000e+05
8.168641867275381330e-01 3.581085313039116613e+02 2.124260000000000000e+05
8.231256696255031535e-01 3.568774078735001467e+02 2.139180000000000000e+05
8.294110748726144511e-01 3.539906391076021350e+02 2.209940000000000000e+05
8.357113707437004990e-01 3.484198389353022662e+02 2.215220000000000000e+05
8.419948002460609926e-01 3.469174892531989371e+02 2.263140000000000000e+05
8.482593350903800955e-01 3.440538684115081765e+02 2.272940000000000000e+05
8.545301115901441369e-01 3.435159263329317127e+02 2.329620000000000000e+05
8.608435414229801408e-01 3.397108828093336115e+02 2.378180000000000000e+05
8.671393362117422177e-01 3.373734283041670778e+02 2.383980000000000000e+05
8.733948081113820372e-01 3.347399198348155096e+02 2.414180000000000000e+05
8.796646205952306508e-01 3.330840895914339512e+02 2.468180000000000000e+05
8.859565087287600837e-01 3.293565456638421551e+02 2.499060000000000000e+05
8.922534924202312201e-01 3.283382395018502962e+02 2.547020000000000000e+05
8.985217857854136403e-01 3.271214095433950320e+02 2.544180000000000000e+05
9.047744920414614311e-01 3.247940820667574258e+02 2.603540000000000000e+05
9.110610772062064378e-01 3.219597988184268615e+02 2.649740000000000000e+05
9.173652030728716156e-01 3.181445402129493800e+02 2.687220000000000000e+05
9.236564978724189912e-01 3.171497933399822955e+02 2.715620000000000000e+05
9.299448038968107788e-01 3.147935400816878087e+02 2.755860000000000000e+05
9.362445064485998003e-01 3.129730708726881403e+02 2.801900000000000000e+05
9.425390102875164100e-01 3.097253594367409733e+02 2.828340000000000000e+05
9.488116425969939094e-01 3.097302477167896768e+02 2.851700000000000000e+05
9.550714374598537892e-01 3.065439746111748036e+02 2.898860000000000000e+05
9.613552636148307018e-01 3.058762869257139414e+02 2.944740000000000000e+05
9.676548604748713700e-01 3.018457777733000285e+02 2.994980000000000000e+05
9.739319897320198871e-01 3.021697782461660609e+02 2.999580000000000000e+05
9.801989291478477861e-01 2.987896198234908525e+02 3.058580000000000000e+05
9.864886628427461668e-01 2.978486281322836362e+02 3.107940000000000000e+05
9.927793936164199806e-01 2.942377896707387777e+02 3.130820000000000000e+05
9.990361166530091763e-01 2.931508047106531194e+02 3.160460000000000000e+05
1.005310172388236056e+00 2.921199656836444660e+02 3.222180000000000000e+05
1.011625805491854102e+00 2.902942482461124314e+02 3.285620000000000000e+05
1.017917766942204150e+00 2.885772843951092455e+02 3.279900000000000000e+05
1.024197689983066040e+00 2.868150163281588902e+02 3.352820000000000000e+05
1.030472573734562358e+00 2.854411987814579561e+02 3.359700000000000000e+05
1.036757776698311151e+00 2.837270627351797430e+02 3.440660000000000000e+05
1.043033361905228329e+00 2.821761550669394865e+02 3.437180000000000000e+05
1.049301684494551079e+00 2.794119852109195676e+02 3.514980000000000000e+05
1.055593059295673708e+00 2.791968054405513158e+02 3.544580000000000000e+05
1.061871457102441241e+00 2.768995704827296436e+02 3.585660000000000000e+05
1.068178001041605985e+00 2.750657057383511983e+02 3.661220000000000000e+05
1.074470180493512173e+00 2.729151004318632658e+02 3.658100000000000000e+05
1.080737053769623701e+00 2.716195813008278606e+02 3.716220000000000000e+05
1.087020489212936480e+00 2.699335287762326629e+02 3.759860000000000000e+05
1.093314462971749057e+00 2.680768570313190367e+02 3.821700000000000000e+05
1.099587869600829659e+00 2.681734131895444193e+02 3.818180000000000000e+05
1.105847463881620474e+00 2.646652316102120608e+02 3.895740000000000000e+05
1.112134280670179054e+00 2.643961924241907013e+02 3.936980000000000000e+05
1.118428377412835406e+00 2.622776055229567191e+02 3.994580000000000000e+05
1.124715645780198781e+00 2.615919208083919330e+02 4.022220000000000000e+05
1.130996124361501431e+00 2.594515911041730760e+02 4.069220000000000000e+05
1.137284456696317392e+00 2.579540621488380339e+02 4.128420000000000000e+05
1.143571288435853983e+00 2.564951122532148133e+02 4.153460000000000000e+05
1.149847667202570811e+00 2.549873254207879256e+02 4.211820000000000000e+05
1.156130444085272213e+00 2.540795428475548761e+02 4.250180000000000000e+05
1.162419353814765133e+00 2.517274548933878009e+02 4.311380000000000000e+05
1.168705445387328012e+00 2.499576921635642748e+02 4.343820000000000000e+05
1.174988745725767281e+00 2.497100676882657808e+02 4.395140000000000000e+05
1.181273977502684147e+00 2.481808108612501371e+02 4.447380000000000000e+05
1.187562659051211167e+00 2.460480006750336486e+02 4.489100000000000000e+05
1.193823213156303353e+00 2.446386812867482661e+02 4.506180000000000000e+05
1.200093696126397269e+00 2.436089229678017318e+02 4.595540000000000000e+05
1.206384684590767753e+00 2.430259226349045889e+02 4.631060000000000000e+05
1.212657716259795793e+00 2.402534325282117607e+02 4.670940000000000000e+05
1.218950061014193453e+00 2.402717312976794233e+02 4.749380000000000000e+05
1.225240784026401242e+00 2.385246547591705166e+02 4.771860000000000000e+05
1.231532244371714047e+00 2.375190044520212211e+02 4.846700000000000000e+05
1.237823116543606217e+00 2.368176846326287546e+02 4.870100000000000000e+05
1.244104630523539479e+00 2.347221881710759135e+02 4.933140000000000000e+05
1.250385916236761652e+00 2.335324972842664408e+02 4.963220000000000000e+05
1.256652750742101254e+00 2.313270299932435137e+02 5.017020000000000000e+05
1.262935091931613352e+00 2.306730206519724504e+02 5.085620000000000000e+05
1.269233477511062080e+00 2.305002446641553888e+02 5.142420000000000000e+05
1.275514616938773216e+00 2.282930467076585614e+02 5.161580000000000000e+05
1.281786872211649220e+00 2.269399523152624738e+02 5.226020000000000000e+05
1.288079462048372426e+00 2.256485235786508383e+02 5.306580000000000000e+05
1.294361149637119013e+00 2.248057775042462083e+02 5.300420000000000000e+05
1.300627926004322754e+00 2.238270383159757273e+02 5.388780000000000000e+05
1.306914643728855463e+00 2.230153078262078452e+02 5.441300000000000000e+05
1.313214369136572968e+00 2.221686400460056063e+02 5.511060000000000000e+05
1.319506178663429896e+00 2.200570561091684851e+02 5.539820000000000000e+05
1.325784332573166857e+00 2.188641639706462456e+02 5.582420000000000000e+05
1.332057263563118710e+00 2.184382522695956084e+02 5.645460000000000000e+05
1.338340549575027794e+00 2.170701568449752585e+02 5.704940000000000000e+05
1.344633835480066875e+00 2.162943753735850123e+02 5.767620000000000000e+05
1.350907484373135237e+00 2.147467731444186825e+02 5.782340000000000000e+05
1.357175487163077676e+00 2.136409285036441474e+02 5.856660000000000000e+05
1.363467141694861828e+00 2.133897225665748181e+02 5.944460000000000000e+05
1.369755686854475130e+00 2.113931662956071023e+02 5.952500000000000000e+05
1.376032186684321701e+00 2.106210952165088486e+02 6.034020000000000000e+05
1.382313839440675540e+00 2.092530556255946124e+02 6.073820000000000000e+05
1.388610058625191268e+00 2.078858311181933800e+02 6.170100000000000000e+05
1.394895499348251855e+00 2.070741640024025116e+02 6.167780000000000000e+05
1.401166240321837453e+00 2.053434963117799725e+02 6.247460000000000000e+05
1.407434432864556273e+00 2.049855327676914953e+02 6.280620000000000000e+05
1.413722933193898301e+00 2.034928184303734895e+02 6.394100000000000000e+05
1.420027475896342928e+00 2.029396604195023031e+02 6.429540000000000000e+05
1.426307149789788564e+00 2.014688359456964974e+02 6.459740000000000000e+05
1.432584485912613337e+00 2.015046565528386395e+02 6.534900000000000000e+05
1.438876982104692948e+00 1.995561385677902422e+02 6.607460000000000000e+05
1.445167658311597991e+00 1.987724836620879785e+02 6.646460000000000000e+05
1.451434581318592487e+00 1.982864568016676969e+02 6.672900000000000000e+05
1.457714146029685631e+00 1.974142565863691061e+02 6.790340000000000000e+05
1.464013702919821469e+00 1.954744882825123113e+02 6.827220000000000000e+05
1.470311375243267715e+00 1.943251187668616922e+02 6.912380000000000000e+05
1.476585168270965198e+00 1.943231553386058010e+02 6.886020000000000000e+05
1.482847620858654736e+00 1.933361960391345917e+02 7.008260000000000000e+05
1.489134257848029552e+00 1.920734417459799488e+02 7.056620000000000000e+05
1.495410090151012339e+00 1.910509667947812886e+02 7.100820000000000000e+05
1.501688804650891385e+00 1.902197337937688246e+02 7.191620000000000000e+05
1.507973225127458239e+00 1.892213170930895956e+02 7.222500000000000000e+05
1.514255586288884459e+00 1.885683589061571865e+02 7.315100000000000000e+05
1.520548655276809047e+00 1.876561181199674024e+02 7.364420000000000000e+05
1.526828765310179747e+00 1.867066842765300407e+02 7.408980000000000000e+05
1.533114430439595610e+00 1.857083559997648479e+02 7.501580000000000000e+05
1.539410813276927970e+00 1.849699632165050787e+02 7.548660000000000000e+05
1.545694858079805112e+00 1.839090062259249692e+02 7.608260000000000000e+05
1.551969964575633298e+00 1.829130822555360680e+02 7.640340000000000000e+05
1.558245721095042446e+00 1.820928760385452847e+02 7.738460000000000000e+05
1.564534844516594525e+00 1.814521462357431858e+02 7.797140000000000000e+05
1.570816980798636520e+00 1.799325253230377371e+02 7.843140000000000000e+05
1.577093092211928615e+00 1.795136026283940964e+02 7.913420000000000000e+05
1.583381338673179872e+00 1.788137547152483933e+02 7.994580000000000000e+05
1.589671280639133322e+00 1.781834182454480526e+02 8.049620000000000000e+05
1.595952830483094553e+00 1.773515259214625814e+02 8.095500000000000000e+05
1.602217313416965272e+00 1.766153780540586524e+02 8.134580000000000000e+05
