# Real space DM power spectrum.
# The power spectum is corrected for shot-noise and window function.
# Ngrid=512	Interlacing was set to True.
# redshift=0.349200	model=tabulated	Hz_file=/g100/home/userexternal/mbaldi00/SOURCE/CoDECS2/LCDM_CoDECS2_recalibrated/Hz.dat	zDf_file=None	H0=67.66	Om=0.311049	Ob=0.04897468161869667	sigma8=0.7882104124	ns=0.9665	Tcmb=0.0	Neff=3.046	m_nu=[0]	Fid_model=w0waCDM	Fid_H0=67.6591	Fid_Om=0.311367	Fid_w0=-1.0001	Fid_wa=-0.0025	
# n_dm=1.073742e+00[h/Mpc]^3
# k[h/Mpc]		Pk_dm[Mpc^3/h^3]		Nmodes
8.018239401280879974e-03 1.236264853853649583e+04 1.800000000000000000e+01
1.401654949351664563e-02 1.472824710484473871e+04 6.200000000000000000e+01
1.969250245970122562e-02 1.086519877946619999e+04 9.800000000000000000e+01
2.551337480545044084e-02 1.647289605837776617e+04 2.100000000000000000e+02
3.202906010406358223e-02 1.280308010599681256e+04 3.500000000000000000e+02
3.846520933840009981e-02 1.102954978853649482e+04 4.500000000000000000e+02
4.443307405343879801e-02 8.795925820282527638e+03 6.020000000000000000e+02
5.042305588722229004e-02 7.871307522569741195e+03 7.620000000000000000e+02
5.690925724269420977e-02 7.443580936619780005e+03 1.142000000000000000e+03
6.341842361688614094e-02 6.409243077425384399e+03 1.250000000000000000e+03
6.949987936003544642e-02 6.110324507329361950e+03 1.458000000000000000e+03
7.558128466088295805e-02 6.112508037954601605e+03 1.814000000000000000e+03
8.196268225887480552e-02 4.967927263283970206e+03 2.178000000000000000e+03
8.830226267620121250e-02 4.485326483670380185e+03 2.498000000000000000e+03
9.435210882776298713e-02 3.996300180095102405e+03 2.622000000000000000e+03
1.005600000334900268e-01 3.820122601931076588e+03 3.338000000000000000e+03
1.070138172820522676e-01 3.268718865496314265e+03 3.722000000000000000e+03
1.134272720352065417e-01 3.091033185818670063e+03 4.170000000000000000e+03
1.196088736356262089e-01 2.990936506704870681e+03 4.358000000000000000e+03
1.257803526943431782e-01 2.826075034199321635e+03 5.034000000000000000e+03
1.321489366516601371e-01 2.656672457614393807e+03 5.714000000000000000e+03
1.384562346816501366e-01 2.443855872343472129e+03 5.982000000000000000e+03
1.446496334058954558e-01 2.366268919776187431e+03 6.602000000000000000e+03
1.508534077925902661e-01 2.159219589066338358e+03 7.130000000000000000e+03
1.571727997187746806e-01 2.017462628134869192e+03 8.034000000000000000e+03
1.635416756874734368e-01 1.861378693693104651e+03 8.606000000000000000e+03
1.698255044437522454e-01 1.740215710295448389e+03 9.066000000000000000e+03
1.761012440422073944e-01 1.707090761344276416e+03 9.962000000000000000e+03
1.823997330750334323e-01 1.612141663207374904e+03 1.055000000000000000e+04
1.886505794152418258e-01 1.598877870370333767e+03 1.122600000000000000e+04
1.949080233860110145e-01 1.493645986827656998e+03 1.214600000000000000e+04
2.011423980633682551e-01 1.422713925719847566e+03 1.260600000000000000e+04
2.073952711124279202e-01 1.323429059978637724e+03 1.380200000000000000e+04
2.137387912274538171e-01 1.279451217753431138e+03 1.475400000000000000e+04
2.200329442788883927e-01 1.266534650835941193e+03 1.519400000000000000e+04
2.262928915227388205e-01 1.179762612030951686e+03 1.645400000000000000e+04
2.325983565681614684e-01 1.137105986507814123e+03 1.715400000000000000e+04
2.388889575828848644e-01 1.112402740712365812e+03 1.826600000000000000e+04
2.451217204984029174e-01 1.061859077425384612e+03 1.875000000000000000e+04
2.513735730109318833e-01 1.030425996788832208e+03 2.023400000000000000e+04
2.577068704519516196e-01 9.804644816211887246e+02 2.145000000000000000e+04
2.640202590165574015e-01 9.629375418275336642e+02 2.196200000000000000e+04
2.702896249217050517e-01 9.255364124863341431e+02 2.346200000000000000e+04
2.765613443273721161e-01 9.004659821421302013e+02 2.404200000000000000e+04
2.828696817722480827e-01 8.764379829059980693e+02 2.594600000000000000e+04
2.891484548613966754e-01 8.317260784514968464e+02 2.611800000000000000e+04
2.953521325173381618e-01 8.147055566517351508e+02 2.750600000000000000e+04
3.016073414663040242e-01 8.097303439773696709e+02 2.906600000000000000e+04
3.079380380657114613e-01 7.709913046831842394e+02 3.045000000000000000e+04
3.142758188292146815e-01 7.447463284870693769e+02 3.174200000000000000e+04
3.205460861690284657e-01 7.323288944796480564e+02 3.225000000000000000e+04
3.268125857401938394e-01 7.100036263304940576e+02 3.425000000000000000e+04
3.331235790942642661e-01 6.931772124284871097e+02 3.545400000000000000e+04
3.394044287142444771e-01 6.845203434516237166e+02 3.643400000000000000e+04
3.456389225992096970e-01 6.626929542684396210e+02 3.768200000000000000e+04
3.518805674449744791e-01 6.411155039128890394e+02 3.929400000000000000e+04
3.582029755837912721e-01 6.268083095404813321e+02 4.142600000000000000e+04
3.645115539318926068e-01 6.164410922021638726e+02 4.206600000000000000e+04
3.707638220461956791e-01 5.989893948316848764e+02 4.349000000000000000e+04
3.770538406945189158e-01 5.887694782656103598e+02 4.570200000000000000e+04
3.833585849945114754e-01 5.781247738357290018e+02 4.663400000000000000e+04
3.896511111060295685e-01 5.695829913850994899e+02 4.855400000000000000e+04
3.958767350353735170e-01 5.552552131323622007e+02 4.887000000000000000e+04
4.021123550664917334e-01 5.424627496603226291e+02 5.155400000000000000e+04
4.084534706459355680e-01 5.353097571073959671e+02 5.409000000000000000e+04
4.147693430455148822e-01 5.306943724579728041e+02 5.431400000000000000e+04
4.210541279197388409e-01 5.133057886536396381e+02 5.691000000000000000e+04
4.273285528543883660e-01 5.057081819659363759e+02 5.748200000000000000e+04
4.336210871857300031e-01 4.957855315803674898e+02 6.062600000000000000e+04
4.399178901492071248e-01 4.785028832222018877e+02 6.120600000000000000e+04
4.461481615369914944e-01 4.747640266342705786e+02 6.257000000000000000e+04
4.524185591367541615e-01 4.699366524748292591e+02 6.573000000000000000e+04
4.587151924004577719e-01 4.580994485017723719e+02 6.668600000000000000e+04
4.650253487526455620e-01 4.567203173576638164e+02 6.969800000000000000e+04
4.713138026405762626e-01 4.442506098504837837e+02 7.002600000000000000e+04
4.775801322871031096e-01 4.411871169272127986e+02 7.274600000000000000e+04
4.838809178367569630e-01 4.306691580020765855e+02 7.491000000000000000e+04
4.901499165155780435e-01 4.246702463221384392e+02 7.572200000000000000e+04
4.963993143780123241e-01 4.205449845523844488e+02 7.837800000000000000e+04
5.026659111298577010e-01 4.146727009165753088e+02 8.003000000000000000e+04
5.089643413427887841e-01 4.107861779663409720e+02 8.318600000000000000e+04
5.152747315442799403e-01 4.023450811765951585e+02 8.466600000000000000e+04
5.215661708673858810e-01 3.955442164450965947e+02 8.654600000000000000e+04
5.278286396879566800e-01 3.897602153108770153e+02 8.813400000000000000e+04
5.341160320652750260e-01 3.877802944587476759e+02 9.153800000000000000e+04
5.404304286902661403e-01 3.829318911512536374e+02 9.313800000000000000e+04
5.466976878455739319e-01 3.760924501555439292e+02 9.447800000000000000e+04
5.529595373159058580e-01 3.678753472446579167e+02 9.727400000000000000e+04
5.592440147746206014e-01 3.682325654783487607e+02 9.969000000000000000e+04
5.655545845518847869e-01 3.592149294967365449e+02 1.025900000000000000e+05
5.718545124332512497e-01 3.549023094963106360e+02 1.037700000000000000e+05
5.781226402320145397e-01 3.553151182882284047e+02 1.063460000000000000e+05
5.844054810026423352e-01 3.492201708014646897e+02 1.085460000000000000e+05
5.906692678833675991e-01 3.465977853133240956e+02 1.107260000000000000e+05
5.969160111309492756e-01 3.392715584282157124e+02 1.123220000000000000e+05
6.031708558297608214e-01 3.360914058747761715e+02 1.158900000000000000e+05
6.094688112237535149e-01 3.312181478125323224e+02 1.187660000000000000e+05
6.158118423264375974e-01 3.292282875580114023e+02 1.222980000000000000e+05
6.221022681713845870e-01 3.245749432948251183e+02 1.220900000000000000e+05
6.283660508217905338e-01 3.188428448206631174e+02 1.258100000000000000e+05
6.346461619227155015e-01 3.181820560040567898e+02 1.281900000000000000e+05
6.409396473976692876e-01 3.144087082664917148e+02 1.309940000000000000e+05
6.472371834330832296e-01 3.124617466286569538e+02 1.337220000000000000e+05
6.534767429514126702e-01 3.068983534183935262e+02 1.338860000000000000e+05
6.597637022409679197e-01 3.028537889254770334e+02 1.405380000000000000e+05
6.660751593608625898e-01 2.997050630463925245e+02 1.405940000000000000e+05
6.723401943305717943e-01 2.967842922839440689e+02 1.435940000000000000e+05
6.786079373829640993e-01 2.949689439826943271e+02 1.463100000000000000e+05
6.849135514418230875e-01 2.934167690284379546e+02 1.506500000000000000e+05
6.912250943479077980e-01 2.883418188080088953e+02 1.519140000000000000e+05
6.974710436131158486e-01 2.861093689598243373e+02 1.533980000000000000e+05
7.037307548900212373e-01 2.837431988549514017e+02 1.578660000000000000e+05
7.100217936516199924e-01 2.800832300776023089e+02 1.606580000000000000e+05
7.163250787242370077e-01 2.780737596303545729e+02 1.641020000000000000e+05
7.226009447591926760e-01 2.762661755162242230e+02 1.649940000000000000e+05
7.288716701068771453e-01 2.731107616173185875e+02 1.698500000000000000e+05
7.351879459163250807e-01 2.715764410594358083e+02 1.729860000000000000e+05
7.414685146977839647e-01 2.676994524952546612e+02 1.738940000000000000e+05
7.477104477723024445e-01 2.653090467021044674e+02 1.767780000000000000e+05
7.539885226758882286e-01 2.645794198814631386e+02 1.818020000000000000e+05
7.602914782916944114e-01 2.601978212739991818e+02 1.844300000000000000e+05
7.665892437025125794e-01 2.593766852441431183e+02 1.872420000000000000e+05
7.728738187058056264e-01 2.567286826816263101e+02 1.902500000000000000e+05
7.791494140893913123e-01 2.540075775655932659e+02 1.925700000000000000e+05
7.854515901778583720e-01 2.526348904652222984e+02 1.982540000000000000e+05
7.917409748104085043e-01 2.501888648300918589e+02 1.980740000000000000e+05
7.979940385111662371e-01 2.481813327087302241e+02 2.020500000000000000e+05
8.042571846768763466e-01 2.456795717232502057e+02 2.055020000000000000e+05
8.105619462845171652e-01 2.459755916877714128e+02 2.106660000000000000e+05
8.168641867275381330e-01 2.426379768520083928e+02 2.124260000000000000e+05
8.231256696255031535e-01 2.415507499952477417e+02 2.139180000000000000e+05
8.294110748726144511e-01 2.393205575669267944e+02 2.209940000000000000e+05
8.357113707437004990e-01 2.356222477253998591e+02 2.215220000000000000e+05
8.419948002460609926e-01 2.339891154009405909e+02 2.263140000000000000e+05
8.482593350903800955e-01 2.332644766985725369e+02 2.272940000000000000e+05
8.545301115901441369e-01 2.318603601890970651e+02 2.329620000000000000e+05
8.608435414229801408e-01 2.295623490566319731e+02 2.378180000000000000e+05
8.671393362117422177e-01 2.275746716031880226e+02 2.383980000000000000e+05
8.733948081113820372e-01 2.260137767965996147e+02 2.414180000000000000e+05
8.796646205952306508e-01 2.249849558167497889e+02 2.468180000000000000e+05
8.859565087287600837e-01 2.218624318770583557e+02 2.499060000000000000e+05
8.922534924202312201e-01 2.218348904900639980e+02 2.547020000000000000e+05
8.985217857854136403e-01 2.203855182149512757e+02 2.544180000000000000e+05
9.047744920414614311e-01 2.191185787136305407e+02 2.603540000000000000e+05
9.110610772062064378e-01 2.168398700707006697e+02 2.649740000000000000e+05
9.173652030728716156e-01 2.145144243311086711e+02 2.687220000000000000e+05
9.236564978724189912e-01 2.131076961393430338e+02 2.715620000000000000e+05
9.299448038968107788e-01 2.124652505459349072e+02 2.755860000000000000e+05
9.362445064485998003e-01 2.098447793562171739e+02 2.801900000000000000e+05
9.425390102875164100e-01 2.091926653476286617e+02 2.828340000000000000e+05
9.488116425969939094e-01 2.081306965718585502e+02 2.851700000000000000e+05
9.550714374598537892e-01 2.063417571877738794e+02 2.898860000000000000e+05
9.613552636148307018e-01 2.054404725584013534e+02 2.944740000000000000e+05
9.676548604748713700e-01 2.035231178557045837e+02 2.994980000000000000e+05
9.739319897320198871e-01 2.026387505689579598e+02 2.999580000000000000e+05
9.801989291478477861e-01 2.006313372217606172e+02 3.058580000000000000e+05
9.864886628427461668e-01 2.002251218869893137e+02 3.107940000000000000e+05
9.927793936164199806e-01 1.981825198053360850e+02 3.130820000000000000e+05
9.990361166530091763e-01 1.970186593900352250e+02 3.160460000000000000e+05
1.005310172388236056e+00 1.963445217295512464e+02 3.222180000000000000e+05
1.011625805491854102e+00 1.948662194418076012e+02 3.285620000000000000e+05
1.017917766942204150e+00 1.938540672238540026e+02 3.279900000000000000e+05
1.024197689983066040e+00 1.919817595472998164e+02 3.352820000000000000e+05
1.030472573734562358e+00 1.912918640194256454e+02 3.359700000000000000e+05
1.036757776698311151e+00 1.902308730506424865e+02 3.440660000000000000e+05
1.043033361905228329e+00 1.890459145790977402e+02 3.437180000000000000e+05
1.049301684494551079e+00 1.866297332493152510e+02 3.514980000000000000e+05
1.055593059295673708e+00 1.864147776685726967e+02 3.544580000000000000e+05
1.061871457102441241e+00 1.859231588876536705e+02 3.585660000000000000e+05
1.068178001041605985e+00 1.840958978601029798e+02 3.661220000000000000e+05
1.074470180493512173e+00 1.826524613569336850e+02 3.658100000000000000e+05
1.080737053769623701e+00 1.822069415755155717e+02 3.716220000000000000e+05
1.087020489212936480e+00 1.806059899848947055e+02 3.759860000000000000e+05
1.093314462971749057e+00 1.792424639601726994e+02 3.821700000000000000e+05
1.099587869600829659e+00 1.797202548785166414e+02 3.818180000000000000e+05
1.105847463881620474e+00 1.764113132275684279e+02 3.895740000000000000e+05
1.112134280670179054e+00 1.768577238518332138e+02 3.936980000000000000e+05
1.118428377412835406e+00 1.756882169013744885e+02 3.994580000000000000e+05
1.124715645780198781e+00 1.746126904331265166e+02 4.022220000000000000e+05
1.130996124361501431e+00 1.737735496121918288e+02 4.069220000000000000e+05
1.137284456696317392e+00 1.727005850316842839e+02 4.128420000000000000e+05
1.143571288435853983e+00 1.714724660738848172e+02 4.153460000000000000e+05
1.149847667202570811e+00 1.707710578689932106e+02 4.211820000000000000e+05
1.156130444085272213e+00 1.696256891284182871e+02 4.250180000000000000e+05
1.162419353814765133e+00 1.679901457255575394e+02 4.311380000000000000e+05
1.168705445387328012e+00 1.678175850688872401e+02 4.343820000000000000e+05
1.174988745725767281e+00 1.667297576185069090e+02 4.395140000000000000e+05
1.181273977502684147e+00 1.659467764409847064e+02 4.447380000000000000e+05
1.187562659051211167e+00 1.647028936379883817e+02 4.489100000000000000e+05
1.193823213156303353e+00 1.640877756416120405e+02 4.506180000000000000e+05
1.200093696126397269e+00 1.629108548408786703e+02 4.595540000000000000e+05
1.206384684590767753e+00 1.623299955685310181e+02 4.631060000000000000e+05
1.212657716259795793e+00 1.609889932504646879e+02 4.670940000000000000e+05
1.218950061014193453e+00 1.605043511343739056e+02 4.749380000000000000e+05
1.225240784026401242e+00 1.596284088508664070e+02 4.771860000000000000e+05
1.231532244371714047e+00 1.587109082215963838e+02 4.846700000000000000e+05
1.237823116543606217e+00 1.579203971025985425e+02 4.870100000000000000e+05
1.244104630523539479e+00 1.574857829606014548e+02 4.933140000000000000e+05
1.250385916236761652e+00 1.565251996025195069e+02 4.963220000000000000e+05
1.256652750742101254e+00 1.547340564750992939e+02 5.017020000000000000e+05
1.262935091931613352e+00 1.543215984065038526e+02 5.085620000000000000e+05
1.269233477511062080e+00 1.536100489975237338e+02 5.142420000000000000e+05
1.275514616938773216e+00 1.529719861021850420e+02 5.161580000000000000e+05
1.281786872211649220e+00 1.519825353899541085e+02 5.226020000000000000e+05
1.288079462048372426e+00 1.507263854030273649e+02 5.306580000000000000e+05
1.294361149637119013e+00 1.503441159755371643e+02 5.300420000000000000e+05
1.300627926004322754e+00 1.496384761553382532e+02 5.388780000000000000e+05
1.306914643728855463e+00 1.494778664059590199e+02 5.441300000000000000e+05
1.313214369136572968e+00 1.487706367580718734e+02 5.511060000000000000e+05
1.319506178663429896e+00 1.472569434701296700e+02 5.539820000000000000e+05
1.325784332573166857e+00 1.463560689150968699e+02 5.582420000000000000e+05
1.332057263563118710e+00 1.458026689867453172e+02 5.645460000000000000e+05
1.338340549575027794e+00 1.450665950196098777e+02 5.704940000000000000e+05
1.344633835480066875e+00 1.443840345397575220e+02 5.767620000000000000e+05
1.350907484373135237e+00 1.432690530518609933e+02 5.782340000000000000e+05
1.357175487163077676e+00 1.427722490856823754e+02 5.856660000000000000e+05
1.363467141694861828e+00 1.423099070745032009e+02 5.944460000000000000e+05
1.369755686854475130e+00 1.415585757874172828e+02 5.952500000000000000e+05
1.376032186684321701e+00 1.410408816938490020e+02 6.034020000000000000e+05
1.382313839440675540e+00 1.395965824340940458e+02 6.073820000000000000e+05
1.388610058625191268e+00 1.389702154879767022e+02 6.170100000000000000e+05
1.394895499348251855e+00 1.384321047849855404e+02 6.167780000000000000e+05
1.401166240321837453e+00 1.375579706741608277e+02 6.247460000000000000e+05
1.407434432864556273e+00 1.371476696267913837e+02 6.280620000000000000e+05
1.413722933193898301e+00 1.361124896898157886e+02 6.394100000000000000e+05
1.420027475896342928e+00 1.358325765534714549e+02 6.429540000000000000e+05
1.426307149789788564e+00 1.348602479839518935e+02 6.459740000000000000e+05
1.432584485912613337e+00 1.344367106011025896e+02 6.534900000000000000e+05
1.438876982104692948e+00 1.335316268794863959e+02 6.607460000000000000e+05
1.445167658311597991e+00 1.329172283833380845e+02 6.646460000000000000e+05
1.451434581318592487e+00 1.324405547201139370e+02 6.672900000000000000e+05
1.457714146029685631e+00 1.321444409364900139e+02 6.790340000000000000e+05
1.464013702919821469e+00 1.310321296065065440e+02 6.827220000000000000e+05
1.470311375243267715e+00 1.303450250798826744e+02 6.912380000000000000e+05
1.476585168270965198e+00 1.301167661616937323e+02 6.886020000000000000e+05
1.482847620858654736e+00 1.296460247269971831e+02 7.008260000000000000e+05
1.489134257848029552e+00 1.285118045882472018e+02 7.056620000000000000e+05
1.495410090151012339e+00 1.279925707222150209e+02 7.100820000000000000e+05
1.501688804650891385e+00 1.274077609698432241e+02 7.191620000000000000e+05
1.507973225127458239e+00 1.267432720948203126e+02 7.222500000000000000e+05
1.514255586288884459e+00 1.262569427942790128e+02 7.315100000000000000e+05
1.520548655276809047e+00 1.257279391187697541e+02 7.364420000000000000e+05
1.526828765310179747e+00 1.250501215647937272e+02 7.408980000000000000e+05
1.533114430439595610e+00 1.245695239137243107e+02 7.501580000000000000e+05
1.539410813276927970e+00 1.237552522611832018e+02 7.548660000000000000e+05
1.545694858079805112e+00 1.234768653684884612e+02 7.608260000000000000e+05
1.551969964575633298e+00 1.224518881201965428e+02 7.640340000000000000e+05
1.558245721095042446e+00 1.221038032772982120e+02 7.738460000000000000e+05
1.564534844516594525e+00 1.217748183950220948e+02 7.797140000000000000e+05
1.570816980798636520e+00 1.208618265977823114e+02 7.843140000000000000e+05
1.577093092211928615e+00 1.201869398201518919e+02 7.913420000000000000e+05
1.583381338673179872e+00 1.194670773413275811e+02 7.994580000000000000e+05
1.589671280639133322e+00 1.194636178076634252e+02 8.049620000000000000e+05
1.595952830483094553e+00 1.186553119754431833e+02 8.095500000000000000e+05
1.602217313416965272e+00 1.183780160759356335e+02 8.134580000000000000e+05
