# Real space DM power spectrum.
# The power spectum is corrected for shot-noise and window function.
# Ngrid=512	Interlacing was set to True.
# redshift=0.444200	model=tabulated	Hz_file=/g100/home/userexternal/mbaldi00/SOURCE/CoDECS2/LCDM_CoDECS2_recalibrated/Hz.dat	zDf_file=None	H0=67.66	Om=0.311049	Ob=0.04897468161869667	sigma8=0.7882104124	ns=0.9665	Tcmb=0.0	Neff=3.046	m_nu=[0]	Fid_model=w0waCDM	Fid_H0=67.6591	Fid_Om=0.311367	Fid_w0=-1.0001	Fid_wa=-0.0025	
# n_dm=1.073742e+00[h/Mpc]^3
# k[h/Mpc]		Pk_dm[Mpc^3/h^3]		Nmodes
8.018239401280879974e-03 1.121095409409205058e+04 1.800000000000000000e+01
1.401654949351664563e-02 1.335437916129635232e+04 6.200000000000000000e+01
1.969250245970122562e-02 9.858196866200893055e+03 9.800000000000000000e+01
2.551337480545044084e-02 1.495446986790157644e+04 2.100000000000000000e+02
3.202906010406358223e-02 1.162102082028252698e+04 3.500000000000000000e+02
3.846520933840009981e-02 1.001281756631427379e+04 4.500000000000000000e+02
4.443307405343879801e-02 7.988759707325716590e+03 6.020000000000000000e+02
5.042305588722229004e-02 7.146217627556618027e+03 7.620000000000000000e+02
5.690925724269420977e-02 6.753890043449902805e+03 1.142000000000000000e+03
6.341842361688614094e-02 5.821813077425385018e+03 1.250000000000000000e+03
6.949987936003544642e-02 5.546572106780665308e+03 1.458000000000000000e+03
7.558128466088295805e-02 5.548506935418768990e+03 1.814000000000000000e+03
8.196268225887480552e-02 4.510197235735760842e+03 2.178000000000000000e+03
8.830226267620121250e-02 4.073627524503046516e+03 2.498000000000000000e+03
9.435210882776298713e-02 3.628066389095865361e+03 2.622000000000000000e+03
1.005600000334900268e-01 3.464545310139584672e+03 3.338000000000000000e+03
1.070138172820522676e-01 2.961930579628501164e+03 3.722000000000000000e+03
1.134272720352065417e-01 2.796365799727542708e+03 4.170000000000000000e+03
1.196088736356262089e-01 2.707851605373984967e+03 4.358000000000000000e+03
1.257803526943431782e-01 2.560626285689190809e+03 5.034000000000000000e+03
1.321489366516601371e-01 2.404933395661296345e+03 5.714000000000000000e+03
1.384562346816501366e-01 2.213554802467176614e+03 5.982000000000000000e+03
1.446496334058954558e-01 2.139810119412661152e+03 6.602000000000000000e+03
1.508534077925902661e-01 1.950909631142074659e+03 7.130000000000000000e+03
1.571727997187746806e-01 1.821120332889661313e+03 8.034000000000000000e+03
1.635416756874734368e-01 1.676497564248531262e+03 8.606000000000000000e+03
1.698255044437522454e-01 1.567046506677535262e+03 9.066000000000000000e+03
1.761012440422073944e-01 1.537576306415547151e+03 9.962000000000000000e+03
1.823997330750334323e-01 1.451852184534389153e+03 1.055000000000000000e+04
1.886505794152418258e-01 1.440191606340403268e+03 1.122600000000000000e+04
1.949080233860110145e-01 1.345224860530933711e+03 1.214600000000000000e+04
2.011423980633682551e-01 1.277330457530096737e+03 1.260600000000000000e+04
2.073952711124279202e-01 1.190235464847497269e+03 1.380200000000000000e+04
2.137387912274538171e-01 1.149900451859436316e+03 1.475400000000000000e+04
2.200329442788883927e-01 1.135696030327845847e+03 1.519400000000000000e+04
2.262928915227388205e-01 1.057194604251688133e+03 1.645400000000000000e+04
2.325983565681614684e-01 1.017060982427133354e+03 1.715400000000000000e+04
2.388889575828848644e-01 9.941112702207419716e+02 1.826600000000000000e+04
2.451217204984029174e-01 9.483276640920512364e+02 1.875000000000000000e+04
2.513735730109318833e-01 9.200518740251670806e+02 2.023400000000000000e+04
2.577068704519516196e-01 8.750931995699066874e+02 2.145000000000000000e+04
2.640202590165574015e-01 8.603720195618019488e+02 2.196200000000000000e+04
2.702896249217050517e-01 8.261682426798386132e+02 2.346200000000000000e+04
2.765613443273721161e-01 8.016587281699149798e+02 2.404200000000000000e+04
2.828696817722480827e-01 7.803450976828422654e+02 2.594600000000000000e+04
2.891484548613966754e-01 7.388054107127726411e+02 2.611800000000000000e+04
2.953521325173381618e-01 7.244230001186150503e+02 2.750600000000000000e+04
3.016073414663040242e-01 7.188089237613096429e+02 2.906600000000000000e+04
3.079380380657114613e-01 6.852053605124124260e+02 3.045000000000000000e+04
3.142758188292146815e-01 6.606385848036214838e+02 3.174200000000000000e+04
3.205460861690284657e-01 6.494413906036791104e+02 3.225000000000000000e+04
3.268125857401938394e-01 6.280297869144355900e+02 3.425000000000000000e+04
3.331235790942642661e-01 6.144094570271220164e+02 3.545400000000000000e+04
3.394044287142444771e-01 6.053209143469413220e+02 3.643400000000000000e+04
3.456389225992096970e-01 5.851641606799888677e+02 3.768200000000000000e+04
3.518805674449744791e-01 5.663472950260360221e+02 3.929400000000000000e+04
3.582029755837912721e-01 5.535349063637324889e+02 4.142600000000000000e+04
3.645115539318926068e-01 5.439463933955266839e+02 4.206600000000000000e+04
3.707638220461956791e-01 5.278815539487231945e+02 4.349000000000000000e+04
3.770538406945189158e-01 5.185285260096916318e+02 4.570200000000000000e+04
3.833585849945114754e-01 5.095098576801343029e+02 4.663400000000000000e+04
3.896511111060295685e-01 5.006549113093075789e+02 4.855400000000000000e+04
3.958767350353735170e-01 4.883722174294769616e+02 4.887000000000000000e+04
4.021123550664917334e-01 4.767819489465079528e+02 5.155400000000000000e+04
4.084534706459355680e-01 4.696288179319476512e+02 5.409000000000000000e+04
4.147693430455148822e-01 4.657187492300757299e+02 5.431400000000000000e+04
4.210541279197388409e-01 4.504754600646394920e+02 5.691000000000000000e+04
4.273285528543883660e-01 4.435454875572518745e+02 5.748200000000000000e+04
4.336210871857300031e-01 4.345100392173549153e+02 6.062600000000000000e+04
4.399178901492071248e-01 4.194550447749908244e+02 6.120600000000000000e+04
4.461481615369914944e-01 4.156400375020986075e+02 6.257000000000000000e+04
4.524185591367541615e-01 4.110709594883694535e+02 6.573000000000000000e+04
4.587151924004577719e-01 4.002175242598025307e+02 6.668600000000000000e+04
4.650253487526455620e-01 3.987096140376258973e+02 6.969800000000000000e+04
4.713138026405762626e-01 3.879510925283462939e+02 7.002600000000000000e+04
4.775801322871031096e-01 3.850669178784678479e+02 7.274600000000000000e+04
4.838809178367569630e-01 3.756095397935596907e+02 7.491000000000000000e+04
4.901499165155780435e-01 3.704823484853142759e+02 7.572200000000000000e+04
4.963993143780123241e-01 3.663921355386306118e+02 7.837800000000000000e+04
5.026659111298577010e-01 3.611721886086907602e+02 8.003000000000000000e+04
5.089643413427887841e-01 3.570855312228985667e+02 8.318600000000000000e+04
5.152747315442799403e-01 3.499385661646659287e+02 8.466600000000000000e+04
5.215661708673858810e-01 3.440192932828476273e+02 8.654600000000000000e+04
5.278286396879566800e-01 3.390658862210819393e+02 8.813400000000000000e+04
5.341160320652750260e-01 3.365147653888532204e+02 9.153800000000000000e+04
5.404304286902661403e-01 3.321244870841703687e+02 9.313800000000000000e+04
5.466976878455739319e-01 3.262207339888173010e+02 9.447800000000000000e+04
5.529595373159058580e-01 3.192415088088991411e+02 9.727400000000000000e+04
5.592440147746206014e-01 3.188856099161058069e+02 9.969000000000000000e+04
5.655545845518847869e-01 3.111778303642674928e+02 1.025900000000000000e+05
5.718545124332512497e-01 3.072563810005989353e+02 1.037700000000000000e+05
5.781226402320145397e-01 3.076298833005467372e+02 1.063460000000000000e+05
5.844054810026423352e-01 3.020147095223756537e+02 1.085460000000000000e+05
5.906692678833675991e-01 2.994824555804700594e+02 1.107260000000000000e+05
5.969160111309492756e-01 2.932432469665251915e+02 1.123220000000000000e+05
6.031708558297608214e-01 2.905133577256692661e+02 1.158900000000000000e+05
6.094688112237535149e-01 2.861225143820892640e+02 1.187660000000000000e+05
6.158118423264375974e-01 2.839943507806315210e+02 1.222980000000000000e+05
6.221022681713845870e-01 2.801761555153182144e+02 1.220900000000000000e+05
6.283660508217905338e-01 2.753259542714221766e+02 1.258100000000000000e+05
6.346461619227155015e-01 2.740258191681101607e+02 1.281900000000000000e+05
6.409396473976692876e-01 2.704437633071806317e+02 1.309940000000000000e+05
6.472371834330832296e-01 2.691341266409212380e+02 1.337220000000000000e+05
6.534767429514126702e-01 2.643360242727023888e+02 1.338860000000000000e+05
6.597637022409679197e-01 2.602246067825690261e+02 1.405380000000000000e+05
6.660751593608625898e-01 2.578048397082699807e+02 1.405940000000000000e+05
6.723401943305717943e-01 2.549735481024323178e+02 1.435940000000000000e+05
6.786079373829640993e-01 2.537499432308660232e+02 1.463100000000000000e+05
6.849135514418230875e-01 2.522690491479201853e+02 1.506500000000000000e+05
6.912250943479077980e-01 2.478331625946250369e+02 1.519140000000000000e+05
6.974710436131158486e-01 2.457793516193114272e+02 1.533980000000000000e+05
7.037307548900212373e-01 2.437463154221666173e+02 1.578660000000000000e+05
7.100217936516199924e-01 2.404684956728418683e+02 1.606580000000000000e+05
7.163250787242370077e-01 2.387767126717556607e+02 1.641020000000000000e+05
7.226009447591926760e-01 2.369319694238814407e+02 1.649940000000000000e+05
7.288716701068771453e-01 2.341999108666562108e+02 1.698500000000000000e+05
7.351879459163250807e-01 2.326319484415361103e+02 1.729860000000000000e+05
7.414685146977839647e-01 2.294234682749825538e+02 1.738940000000000000e+05
7.477104477723024445e-01 2.268871163714072168e+02 1.767780000000000000e+05
7.539885226758882286e-01 2.267603199815720245e+02 1.818020000000000000e+05
7.602914782916944114e-01 2.229794294722315726e+02 1.844300000000000000e+05
7.665892437025125794e-01 2.216136406280847666e+02 1.872420000000000000e+05
7.728738187058056264e-01 2.196197418143464404e+02 1.902500000000000000e+05
7.791494140893913123e-01 2.174382677042441401e+02 1.925700000000000000e+05
7.854515901778583720e-01 2.162904837949911894e+02 1.982540000000000000e+05
7.917409748104085043e-01 2.139101407168816422e+02 1.980740000000000000e+05
7.979940385111662371e-01 2.123185858638898367e+02 2.020500000000000000e+05
8.042571846768763466e-01 2.101121709193650986e+02 2.055020000000000000e+05
8.105619462845171652e-01 2.103947955460114656e+02 2.106660000000000000e+05
8.168641867275381330e-01 2.072204290942009663e+02 2.124260000000000000e+05
8.231256696255031535e-01 2.062902857051926730e+02 2.139180000000000000e+05
8.294110748726144511e-01 2.042670448018743627e+02 2.209940000000000000e+05
8.357113707437004990e-01 2.013082202247452983e+02 2.215220000000000000e+05
8.419948002460609926e-01 1.994810602209693968e+02 2.263140000000000000e+05
8.482593350903800955e-01 1.991830667185466552e+02 2.272940000000000000e+05
8.545301115901441369e-01 1.979917464237619527e+02 2.329620000000000000e+05
8.608435414229801408e-01 1.959188737940361875e+02 2.378180000000000000e+05
8.671393362117422177e-01 1.940802463143852492e+02 2.383980000000000000e+05
8.733948081113820372e-01 1.925902706785802536e+02 2.414180000000000000e+05
8.796646205952306508e-01 1.917201534117388348e+02 2.468180000000000000e+05
8.859565087287600837e-01 1.893579221814127891e+02 2.499060000000000000e+05
8.922534924202312201e-01 1.892763554177049343e+02 2.547020000000000000e+05
8.985217857854136403e-01 1.877047173282215624e+02 2.544180000000000000e+05
9.047744920414614311e-01 1.868594238706091062e+02 2.603540000000000000e+05
9.110610772062064378e-01 1.848264498860787910e+02 2.649740000000000000e+05
9.173652030728716156e-01 1.829431201580227366e+02 2.687220000000000000e+05
9.236564978724189912e-01 1.815300969170659755e+02 2.715620000000000000e+05
9.299448038968107788e-01 1.811216699576611973e+02 2.755860000000000000e+05
9.362445064485998003e-01 1.785228049816855957e+02 2.801900000000000000e+05
9.425390102875164100e-01 1.780413893341366531e+02 2.828340000000000000e+05
9.488116425969939094e-01 1.770394317123011092e+02 2.851700000000000000e+05
9.550714374598537892e-01 1.757823510764059449e+02 2.898860000000000000e+05
9.613552636148307018e-01 1.748586486961928017e+02 2.944740000000000000e+05
9.676548604748713700e-01 1.731764577778409659e+02 2.994980000000000000e+05
9.739319897320198871e-01 1.721464416457087054e+02 2.999580000000000000e+05
9.801989291478477861e-01 1.706309318048677994e+02 3.058580000000000000e+05
9.864886628427461668e-01 1.702451222730971381e+02 3.107940000000000000e+05
9.927793936164199806e-01 1.688116457212303487e+02 3.130820000000000000e+05
9.990361166530091763e-01 1.676301653100595388e+02 3.160460000000000000e+05
1.005310172388236056e+00 1.667655534534152366e+02 3.222180000000000000e+05
1.011625805491854102e+00 1.656600300468075773e+02 3.285620000000000000e+05
1.017917766942204150e+00 1.647542288141463871e+02 3.279900000000000000e+05
1.024197689983066040e+00 1.630111974533013210e+02 3.352820000000000000e+05
1.030472573734562358e+00 1.626603552537620487e+02 3.359700000000000000e+05
1.036757776698311151e+00 1.615498409230855543e+02 3.440660000000000000e+05
1.043033361905228329e+00 1.606957787119042678e+02 3.437180000000000000e+05
1.049301684494551079e+00 1.583951942192211959e+02 3.514980000000000000e+05
1.055593059295673708e+00 1.580802725932182113e+02 3.544580000000000000e+05
1.061871457102441241e+00 1.579110104965624828e+02 3.585660000000000000e+05
1.068178001041605985e+00 1.563568928289931534e+02 3.661220000000000000e+05
1.074470180493512173e+00 1.552480820343345158e+02 3.658100000000000000e+05
1.080737053769623701e+00 1.548413281295947286e+02 3.716220000000000000e+05
1.087020489212936480e+00 1.531938310215290642e+02 3.759860000000000000e+05
1.093314462971749057e+00 1.522513552912557202e+02 3.821700000000000000e+05
1.099587869600829659e+00 1.523961266289317393e+02 3.818180000000000000e+05
1.105847463881620474e+00 1.499185082662517345e+02 3.895740000000000000e+05
1.112134280670179054e+00 1.501204074316329695e+02 3.936980000000000000e+05
1.118428377412835406e+00 1.490936011970951824e+02 3.994580000000000000e+05
1.124715645780198781e+00 1.482771046123608585e+02 4.022220000000000000e+05
1.130996124361501431e+00 1.476774820611624079e+02 4.069220000000000000e+05
1.137284456696317392e+00 1.466415987851299008e+02 4.128420000000000000e+05
1.143571288435853983e+00 1.456694199388552136e+02 4.153460000000000000e+05
1.149847667202570811e+00 1.449486248115501326e+02 4.211820000000000000e+05
1.156130444085272213e+00 1.441005301939731567e+02 4.250180000000000000e+05
1.162419353814765133e+00 1.427589946787929307e+02 4.311380000000000000e+05
1.168705445387328012e+00 1.425553412374209188e+02 4.343820000000000000e+05
1.174988745725767281e+00 1.413894772178825860e+02 4.395140000000000000e+05
1.181273977502684147e+00 1.408730746210367784e+02 4.447380000000000000e+05
1.187562659051211167e+00 1.399354079504340689e+02 4.489100000000000000e+05
1.193823213156303353e+00 1.393272911514229975e+02 4.506180000000000000e+05
1.200093696126397269e+00 1.381940381011701788e+02 4.595540000000000000e+05
1.206384684590767753e+00 1.377046786864349031e+02 4.631060000000000000e+05
1.212657716259795793e+00 1.367659974509039955e+02 4.670940000000000000e+05
1.218950061014193453e+00 1.361214379962379724e+02 4.749380000000000000e+05
1.225240784026401242e+00 1.355008359547630050e+02 4.771860000000000000e+05
1.231532244371714047e+00 1.344438894253019896e+02 4.846700000000000000e+05
1.237823116543606217e+00 1.340310642346902910e+02 4.870100000000000000e+05
1.244104630523539479e+00 1.336116338385412519e+02 4.933140000000000000e+05
1.250385916236761652e+00 1.327348699375036460e+02 4.963220000000000000e+05
1.256652750742101254e+00 1.313649808086678377e+02 5.017020000000000000e+05
1.262935091931613352e+00 1.308098141992685441e+02 5.085620000000000000e+05
1.269233477511062080e+00 1.302464342013771557e+02 5.142420000000000000e+05
1.275514616938773216e+00 1.297981207353787454e+02 5.161580000000000000e+05
1.281786872211649220e+00 1.290859984459699774e+02 5.226020000000000000e+05
1.288079462048372426e+00 1.280035771159573699e+02 5.306580000000000000e+05
1.294361149637119013e+00 1.276235466621619992e+02 5.300420000000000000e+05
1.300627926004322754e+00 1.270785943267981963e+02 5.388780000000000000e+05
1.306914643728855463e+00 1.267381828744500041e+02 5.441300000000000000e+05
1.313214369136572968e+00 1.261341639198157196e+02 5.511060000000000000e+05
1.319506178663429896e+00 1.249989495280882323e+02 5.539820000000000000e+05
1.325784332573166857e+00 1.241255380700511779e+02 5.582420000000000000e+05
1.332057263563118710e+00 1.236619328908381732e+02 5.645460000000000000e+05
1.338340549575027794e+00 1.229615562286672912e+02 5.704940000000000000e+05
1.344633835480066875e+00 1.224374430514139789e+02 5.767620000000000000e+05
1.350907484373135237e+00 1.215459720846401126e+02 5.782340000000000000e+05
1.357175487163077676e+00 1.211044042731100205e+02 5.856660000000000000e+05
1.363467141694861828e+00 1.206674500641103265e+02 5.944460000000000000e+05
1.369755686854475130e+00 1.202105438680556659e+02 5.952500000000000000e+05
1.376032186684321701e+00 1.196193815993846101e+02 6.034020000000000000e+05
1.382313839440675540e+00 1.186036389487750711e+02 6.073820000000000000e+05
1.388610058625191268e+00 1.181000837234996226e+02 6.170100000000000000e+05
1.394895499348251855e+00 1.175531240171890346e+02 6.167780000000000000e+05
1.401166240321837453e+00 1.168085076924050441e+02 6.247460000000000000e+05
1.407434432864556273e+00 1.163882032046865618e+02 6.280620000000000000e+05
1.413722933193898301e+00 1.155403747713753546e+02 6.394100000000000000e+05
1.420027475896342928e+00 1.154302460601546585e+02 6.429540000000000000e+05
1.426307149789788564e+00 1.147144588345434073e+02 6.459740000000000000e+05
1.432584485912613337e+00 1.140539044372745252e+02 6.534900000000000000e+05
1.438876982104692948e+00 1.135342905354147121e+02 6.607460000000000000e+05
1.445167658311597991e+00 1.128902666623618103e+02 6.646460000000000000e+05
1.451434581318592487e+00 1.123892426968556890e+02 6.672900000000000000e+05
1.457714146029685631e+00 1.121655768442648764e+02 6.790340000000000000e+05
1.464013702919821469e+00 1.114887254097764071e+02 6.827220000000000000e+05
1.470311375243267715e+00 1.108614550215236250e+02 6.912380000000000000e+05
1.476585168270965198e+00 1.105302648154879535e+02 6.886020000000000000e+05
1.482847620858654736e+00 1.100917273693078471e+02 7.008260000000000000e+05
1.489134257848029552e+00 1.092074577479752264e+02 7.056620000000000000e+05
1.495410090151012339e+00 1.085688872603049901e+02 7.100820000000000000e+05
1.501688804650891385e+00 1.082203623030615915e+02 7.191620000000000000e+05
1.507973225127458239e+00 1.078105701218192678e+02 7.222500000000000000e+05
1.514255586288884459e+00 1.073769821648959493e+02 7.315100000000000000e+05
1.520548655276809047e+00 1.068602699744243694e+02 7.364420000000000000e+05
1.526828765310179747e+00 1.063143927600189897e+02 7.408980000000000000e+05
1.533114430439595610e+00 1.060413631795856304e+02 7.501580000000000000e+05
1.539410813276927970e+00 1.051860863429937467e+02 7.548660000000000000e+05
1.545694858079805112e+00 1.049969816631471673e+02 7.608260000000000000e+05
1.551969964575633298e+00 1.040985268823458654e+02 7.640340000000000000e+05
1.558245721095042446e+00 1.038689089960070930e+02 7.738460000000000000e+05
1.564534844516594525e+00 1.035017695591669025e+02 7.797140000000000000e+05
1.570816980798636520e+00 1.028175739132707491e+02 7.843140000000000000e+05
1.577093092211928615e+00 1.021722457940544473e+02 7.913420000000000000e+05
1.583381338673179872e+00 1.014679929616603431e+02 7.994580000000000000e+05
1.589671280639133322e+00 1.015285699420498986e+02 8.049620000000000000e+05
1.595952830483094553e+00 1.010514481004509122e+02 8.095500000000000000e+05
1.602217313416965272e+00 1.006325196889064273e+02 8.134580000000000000e+05
