# Real space DM power spectrum.
# The power spectum is corrected for shot-noise and window function.
# Ngrid=512	Interlacing was set to True.
# redshift=1.609499	model=tabulated	Hz_file=/g100/home/userexternal/mbaldi00/SOURCE/CoDECS2/LCDM_CoDECS2_recalibrated/Hz.dat	zDf_file=None	H0=67.66	Om=0.311049	Ob=0.04897468161869667	sigma8=0.7882104124	ns=0.9665	Tcmb=0.0	Neff=3.046	m_nu=[0]	Fid_model=w0waCDM	Fid_H0=67.6591	Fid_Om=0.311367	Fid_w0=-1.0001	Fid_wa=-0.0025	
# n_dm=1.073742e+00[h/Mpc]^3
# k[h/Mpc]		Pk_dm[Mpc^3/h^3]		Nmodes
8.018239401280879974e-03 4.082286559369828865e+03 1.800000000000000000e+01
1.401654949351664563e-02 4.857972911296352322e+03 6.200000000000000000e+01
1.969250245970122562e-02 3.605195590690690551e+03 9.800000000000000000e+01
2.551337480545044084e-02 5.492939510758717915e+03 2.100000000000000000e+02
3.202906010406358223e-02 4.263422605996813218e+03 3.500000000000000000e+02
3.846520933840009981e-02 3.679373677425384358e+03 4.500000000000000000e+02
4.443307405343879801e-02 2.945882215631364488e+03 6.020000000000000000e+02
5.042305588722229004e-02 2.625952699735095848e+03 7.620000000000000000e+02
5.690925724269420977e-02 2.468787153782652695e+03 1.142000000000000000e+03
6.341842361688614094e-02 2.146268277425384440e+03 1.250000000000000000e+03
6.949987936003544642e-02 2.031665385244314393e+03 1.458000000000000000e+03
7.558128466088295805e-02 2.031194090876321752e+03 1.814000000000000000e+03
8.196268225887480552e-02 1.655551345010324894e+03 2.178000000000000000e+03
8.830226267620121250e-02 1.501753925623943360e+03 2.498000000000000000e+03
9.435210882776298713e-02 1.332275008470388457e+03 2.622000000000000000e+03
1.005600000334900268e-01 1.261243183117415811e+03 3.338000000000000000e+03
1.070138172820522676e-01 1.076914727935862857e+03 3.722000000000000000e+03
1.134272720352065417e-01 9.999397205908521755e+02 4.170000000000000000e+03
1.196088736356262089e-01 9.743212015190055126e+02 4.358000000000000000e+03
1.257803526943431782e-01 9.274814704329331789e+02 5.034000000000000000e+03
1.321489366516601371e-01 8.621807705300396947e+02 5.714000000000000000e+03
1.384562346816501366e-01 8.004784066129471967e+02 5.982000000000000000e+03
1.446496334058954558e-01 7.641210100518613899e+02 6.602000000000000000e+03
1.508534077925902661e-01 6.913991122079931984e+02 7.130000000000000000e+03
1.571727997187746806e-01 6.422175447393003651e+02 8.034000000000000000e+03
1.635416756874734368e-01 5.833939156312874275e+02 8.606000000000000000e+03
1.698255044437522454e-01 5.423195046920952791e+02 9.066000000000000000e+03
1.761012440422073944e-01 5.327699924223730932e+02 9.962000000000000000e+03
1.823997330750334323e-01 5.024224215012138757e+02 1.055000000000000000e+04
1.886505794152418258e-01 4.986223474770503117e+02 1.122600000000000000e+04
1.949080233860110145e-01 4.666004986010802327e+02 1.214600000000000000e+04
2.011423980633682551e-01 4.337700497877517023e+02 1.260600000000000000e+04
2.073952711124279202e-01 4.098195106379624235e+02 1.380200000000000000e+04
2.137387912274538171e-01 3.918422642492966474e+02 1.475400000000000000e+04
2.200329442788883927e-01 3.791883628275169258e+02 1.519400000000000000e+04
2.262928915227388205e-01 3.514999403401772611e+02 1.645400000000000000e+04
2.325983565681614684e-01 3.330419781132707158e+02 1.715400000000000000e+04
2.388889575828848644e-01 3.239092281754118972e+02 1.826600000000000000e+04
2.451217204984029174e-01 3.084381707587178312e+02 1.875000000000000000e+04
2.513735730109318833e-01 2.969438627570045810e+02 2.023400000000000000e+04
2.577068704519516196e-01 2.821701226468297250e+02 2.145000000000000000e+04
2.640202590165574015e-01 2.807537470911709079e+02 2.196200000000000000e+04
2.702896249217050517e-01 2.674820479820293144e+02 2.346200000000000000e+04
2.765613443273721161e-01 2.536270960261664982e+02 2.404200000000000000e+04
2.828696817722480827e-01 2.465175520110624632e+02 2.594600000000000000e+04
2.891484548613966754e-01 2.298354666129180544e+02 2.611800000000000000e+04
2.953521325173381618e-01 2.256962495914573594e+02 2.750600000000000000e+04
3.016073414663040242e-01 2.204651028021133641e+02 2.906600000000000000e+04
3.079380380657114613e-01 2.126879056684058753e+02 3.045000000000000000e+04
3.142758188292146815e-01 2.027320886786136782e+02 3.174200000000000000e+04
3.205460861690284657e-01 1.984336076579426731e+02 3.225000000000000000e+04
3.268125857401938394e-01 1.892598599071363594e+02 3.425000000000000000e+04
3.331235790942642661e-01 1.871823740463581771e+02 3.545400000000000000e+04
3.394044287142444771e-01 1.813748063159812034e+02 3.643400000000000000e+04
3.456389225992096970e-01 1.728342816926739545e+02 3.768200000000000000e+04
3.518805674449744791e-01 1.682280147287896170e+02 3.929400000000000000e+04
3.582029755837912721e-01 1.635972585097277090e+02 4.142600000000000000e+04
3.645115539318926068e-01 1.591759136731855904e+02 4.206600000000000000e+04
3.707638220461956791e-01 1.539028921873987770e+02 4.349000000000000000e+04
3.770538406945189158e-01 1.491981465952239319e+02 4.570200000000000000e+04
3.833585849945114754e-01 1.464983317548437185e+02 4.663400000000000000e+04
3.896511111060295685e-01 1.415390300224929092e+02 4.855400000000000000e+04
3.958767350353735170e-01 1.386479182684375075e+02 4.887000000000000000e+04
4.021123550664917334e-01 1.345329478990626058e+02 5.155400000000000000e+04
4.084534706459355680e-01 1.317101915684793596e+02 5.409000000000000000e+04
4.147693430455148822e-01 1.293685448628775987e+02 5.431400000000000000e+04
4.210541279197388409e-01 1.246179657754108803e+02 5.691000000000000000e+04
4.273285528543883660e-01 1.220991478335122906e+02 5.748200000000000000e+04
4.336210871857300031e-01 1.194835076962254021e+02 6.062600000000000000e+04
4.399178901492071248e-01 1.154525695274660251e+02 6.120600000000000000e+04
4.461481615369914944e-01 1.127282666854132884e+02 6.257000000000000000e+04
4.524185591367541615e-01 1.110606141361710826e+02 6.573000000000000000e+04
4.587151924004577719e-01 1.073719944634434853e+02 6.668600000000000000e+04
4.650253487526455620e-01 1.058096886452186709e+02 6.969800000000000000e+04
4.713138026405762626e-01 1.025039657468651200e+02 7.002600000000000000e+04
4.775801322871031096e-01 1.010771383716908502e+02 7.274600000000000000e+04
4.838809178367569630e-01 9.789248599566886355e+01 7.491000000000000000e+04
4.901499165155780435e-01 9.740703351740533833e+01 7.572200000000000000e+04
4.963993143780123241e-01 9.448710479020628838e+01 7.837800000000000000e+04
5.026659111298577010e-01 9.305047800016897952e+01 8.003000000000000000e+04
5.089643413427887841e-01 9.078488568158148553e+01 8.318600000000000000e+04
5.152747315442799403e-01 8.876000570355994057e+01 8.466600000000000000e+04
5.215661708673858810e-01 8.712015294129513165e+01 8.654600000000000000e+04
5.278286396879566800e-01 8.612258964995164945e+01 8.813400000000000000e+04
5.341160320652750260e-01 8.412540250130926722e+01 9.153800000000000000e+04
5.404304286902661403e-01 8.222266935134383914e+01 9.313800000000000000e+04
5.466976878455739319e-01 8.053488119769130549e+01 9.447800000000000000e+04
5.529595373159058580e-01 7.927309998434169813e+01 9.727400000000000000e+04
5.592440147746206014e-01 7.823274603808390282e+01 9.969000000000000000e+04
5.655545845518847869e-01 7.605943675865287901e+01 1.025900000000000000e+05
5.718545124332512497e-01 7.518238080786501598e+01 1.037700000000000000e+05
5.781226402320145397e-01 7.351491423730034569e+01 1.063460000000000000e+05
5.844054810026423352e-01 7.259095369535300790e+01 1.085460000000000000e+05
5.906692678833675991e-01 7.121018438851874066e+01 1.107260000000000000e+05
5.969160111309492756e-01 6.992510359300975153e+01 1.123220000000000000e+05
6.031708558297608214e-01 6.884866275630177768e+01 1.158900000000000000e+05
6.094688112237535149e-01 6.756344865620815199e+01 1.187660000000000000e+05
6.158118423264375974e-01 6.639479068970609887e+01 1.222980000000000000e+05
6.221022681713845870e-01 6.550129680453105152e+01 1.220900000000000000e+05
6.283660508217905338e-01 6.455299107294830208e+01 1.258100000000000000e+05
6.346461619227155015e-01 6.337208642764677791e+01 1.281900000000000000e+05
6.409396473976692876e-01 6.232162412523337025e+01 1.309940000000000000e+05
6.472371834330832296e-01 6.167876028385208542e+01 1.337220000000000000e+05
6.534767429514126702e-01 6.058230842489156487e+01 1.338860000000000000e+05
6.597637022409679197e-01 5.925740929861454021e+01 1.405380000000000000e+05
6.660751593608625898e-01 5.873894073676338934e+01 1.405940000000000000e+05
6.723401943305717943e-01 5.750600071187281515e+01 1.435940000000000000e+05
6.786079373829640993e-01 5.715335379747118338e+01 1.463100000000000000e+05
6.849135514418230875e-01 5.630145538754847934e+01 1.506500000000000000e+05
6.912250943479077980e-01 5.534715077214650591e+01 1.519140000000000000e+05
6.974710436131158486e-01 5.456749096923776676e+01 1.533980000000000000e+05
7.037307548900212373e-01 5.409107616862245749e+01 1.578660000000000000e+05
7.100217936516199924e-01 5.318680412931460921e+01 1.606580000000000000e+05
7.163250787242370077e-01 5.212929825876863532e+01 1.641020000000000000e+05
7.226009447591926760e-01 5.177656983359330667e+01 1.649940000000000000e+05
7.288716701068771453e-01 5.094090586224056949e+01 1.698500000000000000e+05
7.351879459163250807e-01 5.025091182585623528e+01 1.729860000000000000e+05
7.414685146977839647e-01 4.980225075166374893e+01 1.738940000000000000e+05
7.477104477723024445e-01 4.910824117200457550e+01 1.767780000000000000e+05
7.539885226758882286e-01 4.863688349572478842e+01 1.818020000000000000e+05
7.602914782916944114e-01 4.790131311372156375e+01 1.844300000000000000e+05
7.665892437025125794e-01 4.748910660259903693e+01 1.872420000000000000e+05
7.728738187058056264e-01 4.694908741224391946e+01 1.902500000000000000e+05
7.791494140893913123e-01 4.615554453864204021e+01 1.925700000000000000e+05
7.854515901778583720e-01 4.542474085916139614e+01 1.982540000000000000e+05
7.917409748104085043e-01 4.500886644564967298e+01 1.980740000000000000e+05
7.979940385111662371e-01 4.444090707151171671e+01 2.020500000000000000e+05
8.042571846768763466e-01 4.389125822751783090e+01 2.055020000000000000e+05
8.105619462845171652e-01 4.336100746440362741e+01 2.106660000000000000e+05
8.168641867275381330e-01 4.314591373355771964e+01 2.124260000000000000e+05
8.231256696255031535e-01 4.232221382718334013e+01 2.139180000000000000e+05
8.294110748726144511e-01 4.181055277041650697e+01 2.209940000000000000e+05
8.357113707437004990e-01 4.162689286222600771e+01 2.215220000000000000e+05
8.419948002460609926e-01 4.067710642226495565e+01 2.263140000000000000e+05
8.482593350903800955e-01 4.061597299851887044e+01 2.272940000000000000e+05
8.545301115901441369e-01 3.996597827273301817e+01 2.329620000000000000e+05
8.608435414229801408e-01 3.971779145375916187e+01 2.378180000000000000e+05
8.671393362117422177e-01 3.908004497041426362e+01 2.383980000000000000e+05
8.733948081113820372e-01 3.876275988816691864e+01 2.414180000000000000e+05
8.796646205952306508e-01 3.854149545324310111e+01 2.468180000000000000e+05
8.859565087287600837e-01 3.806392363796044975e+01 2.499060000000000000e+05
8.922534924202312201e-01 3.773162863895959873e+01 2.547020000000000000e+05
8.985217857854136403e-01 3.708347197608454593e+01 2.544180000000000000e+05
9.047744920414614311e-01 3.671626878176852671e+01 2.603540000000000000e+05
9.110610772062064378e-01 3.654172761144051407e+01 2.649740000000000000e+05
9.173652030728716156e-01 3.589173247856215454e+01 2.687220000000000000e+05
9.236564978724189912e-01 3.564830933264695290e+01 2.715620000000000000e+05
9.299448038968107788e-01 3.539310972600937077e+01 2.755860000000000000e+05
9.362445064485998003e-01 3.496707851036257608e+01 2.801900000000000000e+05
9.425390102875164100e-01 3.471034356170476087e+01 2.828340000000000000e+05
9.488116425969939094e-01 3.419166722094506383e+01 2.851700000000000000e+05
9.550714374598537892e-01 3.397141160364770229e+01 2.898860000000000000e+05
9.613552636148307018e-01 3.364925160171248564e+01 2.944740000000000000e+05
9.676548604748713700e-01 3.339643253560228686e+01 2.994980000000000000e+05
9.739319897320198871e-01 3.311140340702194607e+01 2.999580000000000000e+05
9.801989291478477861e-01 3.273458121080128080e+01 3.058580000000000000e+05
9.864886628427461668e-01 3.252537543113752605e+01 3.107940000000000000e+05
9.927793936164199806e-01 3.212741283655475399e+01 3.130820000000000000e+05
9.990361166530091763e-01 3.176159238080240499e+01 3.160460000000000000e+05
1.005310172388236056e+00 3.164996090427148800e+01 3.222180000000000000e+05
1.011625805491854102e+00 3.123176688795170719e+01 3.285620000000000000e+05
1.017917766942204150e+00 3.104696029986240546e+01 3.279900000000000000e+05
1.024197689983066040e+00 3.081365926157018009e+01 3.352820000000000000e+05
1.030472573734562358e+00 3.045778657203451800e+01 3.359700000000000000e+05
1.036757776698311151e+00 3.032082381590262088e+01 3.440660000000000000e+05
1.043033361905228329e+00 2.992890295910693155e+01 3.437180000000000000e+05
1.049301684494551079e+00 2.968305360960178518e+01 3.514980000000000000e+05
1.055593059295673708e+00 2.943593955517140515e+01 3.544580000000000000e+05
1.061871457102441241e+00 2.923436798165589323e+01 3.585660000000000000e+05
1.068178001041605985e+00 2.902901305121416087e+01 3.661220000000000000e+05
1.074470180493512173e+00 2.882703832311831604e+01 3.658100000000000000e+05
1.080737053769623701e+00 2.855273649616074394e+01 3.716220000000000000e+05
1.087020489212936480e+00 2.809846576856751099e+01 3.759860000000000000e+05
1.093314462971749057e+00 2.806341275259492463e+01 3.821700000000000000e+05
1.099587869600829659e+00 2.784776589161712224e+01 3.818180000000000000e+05
1.105847463881620474e+00 2.758754932135293814e+01 3.895740000000000000e+05
1.112134280670179054e+00 2.732068784961832364e+01 3.936980000000000000e+05
1.118428377412835406e+00 2.713265161040522599e+01 3.994580000000000000e+05
1.124715645780198781e+00 2.686362399717820892e+01 4.022220000000000000e+05
1.130996124361501431e+00 2.679800638769179599e+01 4.069220000000000000e+05
1.137284456696317392e+00 2.659320254637512093e+01 4.128420000000000000e+05
1.143571288435853983e+00 2.629076936800585429e+01 4.153460000000000000e+05
1.149847667202570811e+00 2.619612826611370693e+01 4.211820000000000000e+05
1.156130444085272213e+00 2.583736722205195591e+01 4.250180000000000000e+05
1.162419353814765133e+00 2.569655759368330195e+01 4.311380000000000000e+05
1.168705445387328012e+00 2.551989777981909668e+01 4.343820000000000000e+05
1.174988745725767281e+00 2.538543411572885589e+01 4.395140000000000000e+05
1.181273977502684147e+00 2.517574720579456127e+01 4.447380000000000000e+05
1.187562659051211167e+00 2.496908062424397912e+01 4.489100000000000000e+05
1.193823213156303353e+00 2.479851733413206460e+01 4.506180000000000000e+05
1.200093696126397269e+00 2.456697142347832497e+01 4.595540000000000000e+05
1.206384684590767753e+00 2.440780280920593626e+01 4.631060000000000000e+05
1.212657716259795793e+00 2.422971567464484011e+01 4.670940000000000000e+05
1.218950061014193453e+00 2.401724966007620665e+01 4.749380000000000000e+05
1.225240784026401242e+00 2.395045098957123386e+01 4.771860000000000000e+05
1.231532244371714047e+00 2.379277629678155748e+01 4.846700000000000000e+05
1.237823116543606217e+00 2.363710928509992826e+01 4.870100000000000000e+05
1.244104630523539479e+00 2.339522806047697756e+01 4.933140000000000000e+05
1.250385916236761652e+00 2.327731818682568132e+01 4.963220000000000000e+05
1.256652750742101254e+00 2.316919127623622288e+01 5.017020000000000000e+05
1.262935091931613352e+00 2.298076090783110814e+01 5.085620000000000000e+05
1.269233477511062080e+00 2.274728788505137445e+01 5.142420000000000000e+05
1.275514616938773216e+00 2.267734570137753281e+01 5.161580000000000000e+05
1.281786872211649220e+00 2.253386508253087683e+01 5.226020000000000000e+05
1.288079462048372426e+00 2.239991901601351643e+01 5.306580000000000000e+05
1.294361149637119013e+00 2.223295685984443182e+01 5.300420000000000000e+05
1.300627926004322754e+00 2.209392061586548550e+01 5.388780000000000000e+05
1.306914643728855463e+00 2.184984736639126623e+01 5.441300000000000000e+05
1.313214369136572968e+00 2.183336153334197505e+01 5.511060000000000000e+05
1.319506178663429896e+00 2.169104421708533437e+01 5.539820000000000000e+05
1.325784332573166857e+00 2.146359754963171085e+01 5.582420000000000000e+05
1.332057263563118710e+00 2.138480932606223206e+01 5.645460000000000000e+05
1.338340549575027794e+00 2.119008974523363520e+01 5.704940000000000000e+05
1.344633835480066875e+00 2.103665901917884185e+01 5.767620000000000000e+05
1.350907484373135237e+00 2.099368875297853876e+01 5.782340000000000000e+05
1.357175487163077676e+00 2.083540624351635628e+01 5.856660000000000000e+05
1.363467141694861828e+00 2.070787593963139983e+01 5.944460000000000000e+05
1.369755686854475130e+00 2.057907977733747984e+01 5.952500000000000000e+05
1.376032186684321701e+00 2.047576258585797149e+01 6.034020000000000000e+05
1.382313839440675540e+00 2.030833385247653311e+01 6.073820000000000000e+05
1.388610058625191268e+00 2.021210459836389006e+01 6.170100000000000000e+05
1.394895499348251855e+00 2.007722831403489394e+01 6.167780000000000000e+05
1.401166240321837453e+00 1.994273184109906794e+01 6.247460000000000000e+05
1.407434432864556273e+00 1.981628196124244567e+01 6.280620000000000000e+05
1.413722933193898301e+00 1.979563352553935118e+01 6.394100000000000000e+05
1.420027475896342928e+00 1.958118531863971512e+01 6.429540000000000000e+05
1.426307149789788564e+00 1.948366007174490022e+01 6.459740000000000000e+05
1.432584485912613337e+00 1.939360206080357685e+01 6.534900000000000000e+05
1.438876982104692948e+00 1.921423260089826002e+01 6.607460000000000000e+05
1.445167658311597991e+00 1.922101415802114488e+01 6.646460000000000000e+05
1.451434581318592487e+00 1.905824268186970727e+01 6.672900000000000000e+05
1.457714146029685631e+00 1.893215554282783231e+01 6.790340000000000000e+05
1.464013702919821469e+00 1.884813084859338161e+01 6.827220000000000000e+05
1.470311375243267715e+00 1.872734781098253620e+01 6.912380000000000000e+05
1.476585168270965198e+00 1.863392411360209877e+01 6.886020000000000000e+05
1.482847620858654736e+00 1.858480125640677372e+01 7.008260000000000000e+05
1.489134257848029552e+00 1.840782279526415266e+01 7.056620000000000000e+05
1.495410090151012339e+00 1.828995750289669431e+01 7.100820000000000000e+05
1.501688804650891385e+00 1.822815470588599496e+01 7.191620000000000000e+05
1.507973225127458239e+00 1.812838389821249052e+01 7.222500000000000000e+05
1.514255586288884459e+00 1.797065005733760401e+01 7.315100000000000000e+05
1.520548655276809047e+00 1.789523946285658340e+01 7.364420000000000000e+05
1.526828765310179747e+00 1.779212518742464155e+01 7.408980000000000000e+05
1.533114430439595610e+00 1.775795488426651758e+01 7.501580000000000000e+05
1.539410813276927970e+00 1.762213194578946940e+01 7.548660000000000000e+05
1.545694858079805112e+00 1.750628471009876463e+01 7.608260000000000000e+05
1.551969964575633298e+00 1.747196445187810809e+01 7.640340000000000000e+05
1.558245721095042446e+00 1.737192768447999924e+01 7.738460000000000000e+05
1.564534844516594525e+00 1.721874014068782444e+01 7.797140000000000000e+05
1.570816980798636520e+00 1.712506045565045909e+01 7.843140000000000000e+05
1.577093092211928615e+00 1.701678330122581428e+01 7.913420000000000000e+05
1.583381338673179872e+00 1.701540258167791109e+01 7.994580000000000000e+05
1.589671280639133322e+00 1.685620404154776608e+01 8.049620000000000000e+05
1.595952830483094553e+00 1.679653117129274165e+01 8.095500000000000000e+05
1.602217313416965272e+00 1.674334286600960553e+01 8.134580000000000000e+05
