# Real space DM power spectrum.
# The power spectum is corrected for shot-noise and window function.
# Ngrid=512	Interlacing was set to True.
# redshift=0.552300	model=tabulated	Hz_file=/g100/home/userexternal/mbaldi00/SOURCE/CoDECS2/LCDM_CoDECS2_recalibrated/Hz.dat	zDf_file=None	H0=67.66	Om=0.311049	Ob=0.04897468161869667	sigma8=0.7882104124	ns=0.9665	Tcmb=0.0	Neff=3.046	m_nu=[0]	Fid_model=w0waCDM	Fid_H0=67.6591	Fid_Om=0.311367	Fid_w0=-1.0001	Fid_wa=-0.0025	
# n_dm=1.073742e+00[h/Mpc]^3
# k[h/Mpc]		Pk_dm[Mpc^3/h^3]		Nmodes
8.018239401280879974e-03 1.005384471909205058e+04 1.800000000000000000e+01
1.401654949351664563e-02 1.197433279032860992e+04 6.200000000000000000e+01
1.969250245970122562e-02 8.845628626404975876e+03 9.800000000000000000e+01
2.551337480545044084e-02 1.342627462980633754e+04 2.100000000000000000e+02
3.202906010406358223e-02 1.043167153456824235e+04 3.500000000000000000e+02
3.846520933840009981e-02 8.989645344092050436e+03 4.500000000000000000e+02
4.443307405343879801e-02 7.175865189053291942e+03 6.020000000000000000e+02
5.042305588722229004e-02 6.416362640679977630e+03 7.620000000000000000e+02
5.690925724269420977e-02 6.060224106497188586e+03 1.142000000000000000e+03
6.341842361688614094e-02 5.229980677425384783e+03 1.250000000000000000e+03
6.949987936003544642e-02 4.979032326259402907e+03 1.458000000000000000e+03
7.558128466088295805e-02 4.980638688450742848e+03 1.814000000000000000e+03
8.196268225887480552e-02 4.049423590189388051e+03 2.178000000000000000e+03
8.830226267620121250e-02 3.659084690235632479e+03 2.498000000000000000e+03
9.435210882776298713e-02 3.257432521818977420e+03 2.622000000000000000e+03
1.005600000334900268e-01 3.107170534825025243e+03 3.338000000000000000e+03
1.070138172820522676e-01 2.654445625302869757e+03 3.722000000000000000e+03
1.134272720352065417e-01 2.501437981981739540e+03 4.170000000000000000e+03
1.196088736356262089e-01 2.424232284584631998e+03 4.358000000000000000e+03
1.257803526943431782e-01 2.294411347270438000e+03 5.034000000000000000e+03
1.321489366516601371e-01 2.152604029192973030e+03 5.714000000000000000e+03
1.384562346816501366e-01 1.982789339411342326e+03 5.982000000000000000e+03
1.446496334058954558e-01 1.913424933105481387e+03 6.602000000000000000e+03
1.508534077925902661e-01 1.742880879388918856e+03 7.130000000000000000e+03
1.571727997187746806e-01 1.625408607721625458e+03 8.034000000000000000e+03
1.635416756874734368e-01 1.492997680446532513e+03 8.606000000000000000e+03
1.698255044437522454e-01 1.395043749121832661e+03 9.066000000000000000e+03
1.761012440422073944e-01 1.369139546728737287e+03 9.962000000000000000e+03
1.823997330750334323e-01 1.292645454676569216e+03 1.055000000000000000e+04
1.886505794152418258e-01 1.282492069550807628e+03 1.122600000000000000e+04
1.949080233860110145e-01 1.197890429442509458e+03 1.214600000000000000e+04
2.011423980633682551e-01 1.133696394385562371e+03 1.260600000000000000e+04
2.073952711124279202e-01 1.058410222129050680e+03 1.380200000000000000e+04
2.137387912274538171e-01 1.021657263571514250e+03 1.475400000000000000e+04
2.200329442788883927e-01 1.006492002422093719e+03 1.519400000000000000e+04
2.262928915227388205e-01 9.362971325122935013e+02 1.645400000000000000e+04
2.325983565681614684e-01 8.988956565556164833e+02 1.715400000000000000e+04
2.388889575828848644e-01 8.778543995320306976e+02 1.826600000000000000e+04
2.451217204984029174e-01 8.369792907587178661e+02 1.875000000000000000e+04
2.513735730109318833e-01 8.116394988151245116e+02 2.023400000000000000e+04
2.577068704519516196e-01 7.717215911782982403e+02 2.145000000000000000e+04
2.640202590165574015e-01 7.597617836998585972e+02 2.196200000000000000e+04
2.702896249217050517e-01 7.288047613057016179e+02 2.346200000000000000e+04
2.765613443273721161e-01 7.050426396581439121e+02 2.404200000000000000e+04
2.828696817722480827e-01 6.864120829599562512e+02 2.594600000000000000e+04
2.891484548613966754e-01 6.482529947544296647e+02 2.611800000000000000e+04
2.953521325173381618e-01 6.362679066844552835e+02 2.750600000000000000e+04
3.016073414663040242e-01 6.300900769987692911e+02 2.906600000000000000e+04
3.079380380657114613e-01 6.015253605124124761e+02 3.045000000000000000e+04
3.142758188292146815e-01 5.787230155263233655e+02 3.174200000000000000e+04
3.205460861690284657e-01 5.687909099835241022e+02 3.225000000000000000e+04
3.268125857401938394e-01 5.486226044326838291e+02 3.425000000000000000e+04
3.331235790942642661e-01 5.378220479900599003e+02 3.545400000000000000e+04
3.394044287142444771e-01 5.285567929218988183e+02 3.643400000000000000e+04
3.456389225992096970e-01 5.100696327886879544e+02 3.768200000000000000e+04
3.518805674449744791e-01 4.941359141536382253e+02 3.929400000000000000e+04
3.582029755837912721e-01 4.827377258490798226e+02 4.142600000000000000e+04
3.645115539318926068e-01 4.738237765553232066e+02 4.206600000000000000e+04
3.707638220461956791e-01 4.593087326104845829e+02 4.349000000000000000e+04
3.770538406945189158e-01 4.506944268455412157e+02 4.570200000000000000e+04
3.833585849945114754e-01 4.432098619688507029e+02 4.663400000000000000e+04
3.896511111060295685e-01 4.342609993762021645e+02 4.855400000000000000e+04
3.958767350353735170e-01 4.239008853238907477e+02 4.887000000000000000e+04
4.021123550664917334e-01 4.135387864372943341e+02 5.155400000000000000e+04
4.084534706459355680e-01 4.065897349221491481e+02 5.409000000000000000e+04
4.147693430455148822e-01 4.032346383194449686e+02 5.431400000000000000e+04
4.210541279197388409e-01 3.900545498555374024e+02 5.691000000000000000e+04
4.273285528543883660e-01 3.837042850938720449e+02 5.748200000000000000e+04
4.336210871857300031e-01 3.757109431199709775e+02 6.062600000000000000e+04
4.399178901492071248e-01 3.628215774678640173e+02 6.120600000000000000e+04
4.461481615369914944e-01 3.589210347851416145e+02 6.257000000000000000e+04
4.524185591367541615e-01 3.546983138166822869e+02 6.573000000000000000e+04
4.587151924004577719e-01 3.449243292863448573e+02 6.668600000000000000e+04
4.650253487526455620e-01 3.432001589600052966e+02 6.969800000000000000e+04
4.713138026405762626e-01 3.340426870789417535e+02 7.002600000000000000e+04
4.775801322871031096e-01 3.313447063479370058e+02 7.274600000000000000e+04
4.838809178367569630e-01 3.229170821777540255e+02 7.491000000000000000e+04
4.901499165155780435e-01 3.188150127044315809e+02 7.572200000000000000e+04
4.963993143780123241e-01 3.145927530588531340e+02 7.837800000000000000e+04
5.026659111298577010e-01 3.100514838729666849e+02 8.003000000000000000e+04
5.089643413427887841e-01 3.059292549264063155e+02 8.318600000000000000e+04
5.152747315442799403e-01 2.999000146800085531e+02 8.466600000000000000e+04
5.215661708673858810e-01 2.949427559500996949e+02 8.654600000000000000e+04
5.278286396879566800e-01 2.907271974063226025e+02 8.813400000000000000e+04
5.341160320652750260e-01 2.877670103581555736e+02 9.153800000000000000e+04
5.404304286902661403e-01 2.837659867942779783e+02 9.313800000000000000e+04
5.466976878455739319e-01 2.787926978322517471e+02 9.447800000000000000e+04
5.529595373159058580e-01 2.730021437164797931e+02 9.727400000000000000e+04
5.592440147746206014e-01 2.720673533206598904e+02 9.969000000000000000e+04
5.655545845518847869e-01 2.655856868804971214e+02 1.025900000000000000e+05
5.718545124332512497e-01 2.620939833904997158e+02 1.037700000000000000e+05
5.781226402320145397e-01 2.622779753773526181e+02 1.063460000000000000e+05
5.844054810026423352e-01 2.572408993405172737e+02 1.085460000000000000e+05
5.906692678833675991e-01 2.548085036631245259e+02 1.107260000000000000e+05
5.969160111309492756e-01 2.495663537488118209e+02 1.123220000000000000e+05
6.031708558297608214e-01 2.473137546537907667e+02 1.158900000000000000e+05
6.094688112237535149e-01 2.434445930914842222e+02 1.187660000000000000e+05
6.158118423264375974e-01 2.411835770966792154e+02 1.222980000000000000e+05
6.221022681713845870e-01 2.380946254964796367e+02 1.220900000000000000e+05
6.283660508217905338e-01 2.340976894276101063e+02 1.258100000000000000e+05
6.346461619227155015e-01 2.322413898054453512e+02 1.281900000000000000e+05
6.409396473976692876e-01 2.290021094909753003e+02 1.309940000000000000e+05
6.472371834330832296e-01 2.281742247549189244e+02 1.337220000000000000e+05
6.534767429514126702e-01 2.241509265029579865e+02 1.338860000000000000e+05
6.597637022409679197e-01 2.200960579203396321e+02 1.405380000000000000e+05
6.660751593608625898e-01 2.183150464027235387e+02 1.405940000000000000e+05
6.723401943305717943e-01 2.156004127346592725e+02 1.435940000000000000e+05
6.786079373829640993e-01 2.148226518632219779e+02 1.463100000000000000e+05
6.849135514418230875e-01 2.134055908007578921e+02 1.506500000000000000e+05
6.912250943479077980e-01 2.097094478612890498e+02 1.519140000000000000e+05
6.974710436131158486e-01 2.077768874411604827e+02 1.533980000000000000e+05
7.037307548900212373e-01 2.060087278478947610e+02 1.578660000000000000e+05
7.100217936516199924e-01 2.031538521443527827e+02 1.606580000000000000e+05
7.163250787242370077e-01 2.016262574670658978e+02 1.641020000000000000e+05
7.226009447591926760e-01 1.998930104314332254e+02 1.649940000000000000e+05
7.288716701068771453e-01 1.974946297362470489e+02 1.698500000000000000e+05
7.351879459163250807e-01 1.959437540211783926e+02 1.729860000000000000e+05
7.414685146977839647e-01 1.934560628440878816e+02 1.738940000000000000e+05
7.477104477723024445e-01 1.908255928786649065e+02 1.767780000000000000e+05
7.539885226758882286e-01 1.911230002601168394e+02 1.818020000000000000e+05
7.602914782916944114e-01 1.880363074205046416e+02 1.844300000000000000e+05
7.665892437025125794e-01 1.863595202918354232e+02 1.872420000000000000e+05
7.728738187058056264e-01 1.848764671757130600e+02 1.902500000000000000e+05
7.791494140893913123e-01 1.831138142587438153e+02 1.925700000000000000e+05
7.854515901778583720e-01 1.821097459536361498e+02 1.982540000000000000e+05
7.917409748104085043e-01 1.798566253640337038e+02 1.980740000000000000e+05
7.979940385111662371e-01 1.785765616124669179e+02 2.020500000000000000e+05
8.042571846768763466e-01 1.766733528056727778e+02 2.055020000000000000e+05
8.105619462845171652e-01 1.768408096156762497e+02 2.106660000000000000e+05
8.168641867275381330e-01 1.739868701136618654e+02 2.124260000000000000e+05
8.231256696255031535e-01 1.732385930005114574e+02 2.139180000000000000e+05
8.294110748726144511e-01 1.713790749927392767e+02 2.209940000000000000e+05
8.357113707437004990e-01 1.691898392061557388e+02 2.215220000000000000e+05
8.419948002460609926e-01 1.672304880071426112e+02 2.263140000000000000e+05
8.482593350903800955e-01 1.671384020991550301e+02 2.272940000000000000e+05
8.545301115901441369e-01 1.662560126989484672e+02 2.329620000000000000e+05
8.608435414229801408e-01 1.643800499875959815e+02 2.378180000000000000e+05
8.671393362117422177e-01 1.626564592020772864e+02 2.383980000000000000e+05
8.733948081113820372e-01 1.612746107029363429e+02 2.414180000000000000e+05
8.796646205952306508e-01 1.605285385376210456e+02 2.468180000000000000e+05
8.859565087287600837e-01 1.590489740169029176e+02 2.499060000000000000e+05
8.922534924202312201e-01 1.587065601275226925e+02 2.547020000000000000e+05
8.985217857854136403e-01 1.571150892358696183e+02 2.544180000000000000e+05
9.047744920414614311e-01 1.565508132865581672e+02 2.603540000000000000e+05
9.110610772062064378e-01 1.548173772978248337e+02 2.649740000000000000e+05
9.173652030728716156e-01 1.532584050993375513e+02 2.687220000000000000e+05
9.236564978724189912e-01 1.519417303562069606e+02 2.715620000000000000e+05
9.299448038968107788e-01 1.516542659531036463e+02 2.755860000000000000e+05
9.362445064485998003e-01 1.492617464142849144e+02 2.801900000000000000e+05
9.425390102875164100e-01 1.487901394844014646e+02 2.828340000000000000e+05
9.488116425969939094e-01 1.479291746726405563e+02 2.851700000000000000e+05
9.550714374598537892e-01 1.470426396036201027e+02 2.898860000000000000e+05
9.613552636148307018e-01 1.462800305499388003e+02 2.944740000000000000e+05
9.676548604748713700e-01 1.446675929440190203e+02 2.994980000000000000e+05
9.739319897320198871e-01 1.437323170015918379e+02 2.999580000000000000e+05
9.801989291478477861e-01 1.426242489651186531e+02 3.058580000000000000e+05
9.864886628427461668e-01 1.421958291722007459e+02 3.107940000000000000e+05
9.927793936164199806e-01 1.411788210938164241e+02 3.130820000000000000e+05
9.990361166530091763e-01 1.400548250114954101e+02 3.160460000000000000e+05
1.005310172388236056e+00 1.391139387081185532e+02 3.222180000000000000e+05
1.011625805491854102e+00 1.382689866516492714e+02 3.285620000000000000e+05
1.017917766942204150e+00 1.375098494123353419e+02 3.279900000000000000e+05
1.024197689983066040e+00 1.360431407130051014e+02 3.352820000000000000e+05
1.030472573734562358e+00 1.358528903015341598e+02 3.359700000000000000e+05
1.036757776698311151e+00 1.347757801324233071e+02 3.440660000000000000e+05
1.043033361905228329e+00 1.341423831958125845e+02 3.437180000000000000e+05
1.049301684494551079e+00 1.321091612972699920e+02 3.514980000000000000e+05
1.055593059295673708e+00 1.317684838904664275e+02 3.544580000000000000e+05
1.061871457102441241e+00 1.316137932478551420e+02 3.585660000000000000e+05
1.068178001041605985e+00 1.304106781792315815e+02 3.661220000000000000e+05
1.074470180493512173e+00 1.296545444055108192e+02 3.658100000000000000e+05
1.080737053769623701e+00 1.291793167309154171e+02 3.716220000000000000e+05
1.087020489212936480e+00 1.276474542947360362e+02 3.759860000000000000e+05
1.093314462971749057e+00 1.270046221620200413e+02 3.821700000000000000e+05
1.099587869600829659e+00 1.267934258657409146e+02 3.818180000000000000e+05
1.105847463881620474e+00 1.253072765105390687e+02 3.895740000000000000e+05
1.112134280670179054e+00 1.251896635619663698e+02 3.936980000000000000e+05
1.118428377412835406e+00 1.241813751307753222e+02 3.994580000000000000e+05
1.124715645780198781e+00 1.237066634132220884e+02 4.022220000000000000e+05
1.130996124361501431e+00 1.232416835543232452e+02 4.069220000000000000e+05
1.137284456696317392e+00 1.222699311737919032e+02 4.128420000000000000e+05
1.143571288435853983e+00 1.215748289231719212e+02 4.153460000000000000e+05
1.149847667202570811e+00 1.208443943363636208e+02 4.211820000000000000e+05
1.156130444085272213e+00 1.202080456403777760e+02 4.250180000000000000e+05
1.162419353814765133e+00 1.191575863130260586e+02 4.311380000000000000e+05
1.168705445387328012e+00 1.187510031202797904e+02 4.343820000000000000e+05
1.174988745725767281e+00 1.176919112700402081e+02 4.395140000000000000e+05
1.181273977502684147e+00 1.174048303963471938e+02 4.447380000000000000e+05
1.187562659051211167e+00 1.166404134080981976e+02 4.489100000000000000e+05
1.193823213156303353e+00 1.160599560693801067e+02 4.506180000000000000e+05
1.200093696126397269e+00 1.149936742701514021e+02 4.595540000000000000e+05
1.206384684590767753e+00 1.147324433882526336e+02 4.631060000000000000e+05
1.212657716259795793e+00 1.139386950235553257e+02 4.670940000000000000e+05
1.218950061014193453e+00 1.133450587635802407e+02 4.749380000000000000e+05
1.225240784026401242e+00 1.127734298699239730e+02 4.771860000000000000e+05
1.231532244371714047e+00 1.118182018440611500e+02 4.846700000000000000e+05
1.237823116543606217e+00 1.116734124410926228e+02 4.870100000000000000e+05
1.244104630523539479e+00 1.111622648767846471e+02 4.933140000000000000e+05
1.250385916236761652e+00 1.104716698375685411e+02 4.963220000000000000e+05
1.256652750742101254e+00 1.094353014372481425e+02 5.017020000000000000e+05
1.262935091931613352e+00 1.089403154950790764e+02 5.085620000000000000e+05
1.269233477511062080e+00 1.084362125547594218e+02 5.142420000000000000e+05
1.275514616938773216e+00 1.080500590953382982e+02 5.161580000000000000e+05
1.281786872211649220e+00 1.076117675781202507e+02 5.226020000000000000e+05
1.288079462048372426e+00 1.066509017581939815e+02 5.306580000000000000e+05
1.294361149637119013e+00 1.063561452109562282e+02 5.300420000000000000e+05
1.300627926004322754e+00 1.059282782997939449e+02 5.388780000000000000e+05
1.306914643728855463e+00 1.054434114043968975e+02 5.441300000000000000e+05
1.313214369136572968e+00 1.048883926888728553e+02 5.511060000000000000e+05
1.319506178663429896e+00 1.041503660001035598e+02 5.539820000000000000e+05
1.325784332573166857e+00 1.033516299800113671e+02 5.582420000000000000e+05
1.332057263563118710e+00 1.029039857970672500e+02 5.645460000000000000e+05
1.338340549575027794e+00 1.023073302420662003e+02 5.704940000000000000e+05
1.344633835480066875e+00 1.019621066041445658e+02 5.767620000000000000e+05
1.350907484373135237e+00 1.012824455538584658e+02 5.782340000000000000e+05
1.357175487163077676e+00 1.008044107614497875e+02 5.856660000000000000e+05
1.363467141694861828e+00 1.004294065748783424e+02 5.944460000000000000e+05
1.369755686854475130e+00 1.002131041368502906e+02 5.952500000000000000e+05
1.376032186684321701e+00 9.951128119534219252e+01 6.034020000000000000e+05
1.382313839440675540e+00 9.885135126161938501e+01 6.073820000000000000e+05
1.388610058625191268e+00 9.850221010718870218e+01 6.170100000000000000e+05
1.394895499348251855e+00 9.793545282917648365e+01 6.167780000000000000e+05
1.401166240321837453e+00 9.728840832402173078e+01 6.247460000000000000e+05
1.407434432864556273e+00 9.691501743640253608e+01 6.280620000000000000e+05
1.413722933193898301e+00 9.633974293890479146e+01 6.394100000000000000e+05
1.420027475896342928e+00 9.607748987541982899e+01 6.429540000000000000e+05
1.426307149789788564e+00 9.568121601052881431e+01 6.459740000000000000e+05
1.432584485912613337e+00 9.505586621174697370e+01 6.534900000000000000e+05
1.438876982104692948e+00 9.471699009016040804e+01 6.607460000000000000e+05
1.445167658311597991e+00 9.409700829625413121e+01 6.646460000000000000e+05
1.451434581318592487e+00 9.359223390008067156e+01 6.672900000000000000e+05
1.457714146029685631e+00 9.341258362153965322e+01 6.790340000000000000e+05
1.464013702919821469e+00 9.297795821610166911e+01 6.827220000000000000e+05
1.470311375243267715e+00 9.245507111323153993e+01 6.912380000000000000e+05
1.476585168270965198e+00 9.213314136827170842e+01 6.886020000000000000e+05
1.482847620858654736e+00 9.170552023658160579e+01 7.008260000000000000e+05
1.489134257848029552e+00 9.110463231596953904e+01 7.056620000000000000e+05
1.495410090151012339e+00 9.037129317962134678e+01 7.100820000000000000e+05
1.501688804650891385e+00 9.021947794042841906e+01 7.191620000000000000e+05
1.507973225127458239e+00 8.991423505778327296e+01 7.222500000000000000e+05
1.514255586288884459e+00 8.963947481708115106e+01 7.315100000000000000e+05
1.520548655276809047e+00 8.907687902170847849e+01 7.364420000000000000e+05
1.526828765310179747e+00 8.869810549780474673e+01 7.408980000000000000e+05
1.533114430439595610e+00 8.841965681905891472e+01 7.501580000000000000e+05
1.539410813276927970e+00 8.775723406987506792e+01 7.548660000000000000e+05
1.545694858079805112e+00 8.743333373313424772e+01 7.608260000000000000e+05
1.551969964575633298e+00 8.682559923776460664e+01 7.640340000000000000e+05
1.558245721095042446e+00 8.667886343138570737e+01 7.738460000000000000e+05
1.564534844516594525e+00 8.631335431973295158e+01 7.797140000000000000e+05
1.570816980798636520e+00 8.577926527667877110e+01 7.843140000000000000e+05
1.577093092211928615e+00 8.522476164687157052e+01 7.913420000000000000e+05
1.583381338673179872e+00 8.461999844537557181e+01 7.994580000000000000e+05
1.589671280639133322e+00 8.462747895887305560e+01 8.049620000000000000e+05
1.595952830483094553e+00 8.443112322860852714e+01 8.095500000000000000e+05
1.602217313416965272e+00 8.399429620348985281e+01 8.134580000000000000e+05
