# Real space DM power spectrum.
# The power spectum is corrected for shot-noise and window function.
# Ngrid=512	Interlacing was set to True.
# redshift=0.823800	model=tabulated	Hz_file=/g100/home/userexternal/mbaldi00/SOURCE/CoDECS2/LCDM_CoDECS2_recalibrated/Hz.dat	zDf_file=None	H0=67.66	Om=0.311049	Ob=0.04897468161869667	sigma8=0.7882104124	ns=0.9665	Tcmb=0.0	Neff=3.046	m_nu=[0]	Fid_model=w0waCDM	Fid_H0=67.6591	Fid_Om=0.311367	Fid_w0=-1.0001	Fid_wa=-0.0025	
# n_dm=1.073742e+00[h/Mpc]^3
# k[h/Mpc]		Pk_dm[Mpc^3/h^3]		Nmodes
8.018239401280879974e-03 7.748362948258717552e+03 1.800000000000000000e+01
1.401654949351664563e-02 9.225632185489899712e+03 6.200000000000000000e+01
1.969250245970122562e-02 6.825526585588649141e+03 9.800000000000000000e+01
2.551337480545044084e-02 1.037319010599681314e+04 2.100000000000000000e+02
3.202906010406358223e-02 8.056536534568241223e+03 3.500000000000000000e+02
3.846520933840009981e-02 6.945758121869828756e+03 4.500000000000000000e+02
4.443307405343879801e-02 5.550108129252626895e+03 6.020000000000000000e+02
5.042305588722229004e-02 4.957913493698350067e+03 7.620000000000000000e+02
5.690925724269420977e-02 4.675901864815927183e+03 1.142000000000000000e+03
6.341842361688614094e-02 4.045557077425384705e+03 1.250000000000000000e+03
6.949987936003544642e-02 3.844783698001515859e+03 1.458000000000000000e+03
7.558128466088295805e-02 3.845603682938063685e+03 1.814000000000000000e+03
8.196268225887480552e-02 3.128516335827588136e+03 2.178000000000000000e+03
8.830226267620121250e-02 2.830071879987433931e+03 2.498000000000000000e+03
9.435210882776298713e-02 2.516762613352158041e+03 2.622000000000000000e+03
1.005600000334900268e-01 2.394723560588955479e+03 3.338000000000000000e+03
1.070138172820522676e-01 2.043768032610768842e+03 3.722000000000000000e+03
1.134272720352065417e-01 1.917372034739533319e+03 4.170000000000000000e+03
1.196088736356262089e-01 1.861572004639702982e+03 4.358000000000000000e+03
1.257803526943431782e-01 1.765312817274411145e+03 5.034000000000000000e+03
1.321489366516601371e-01 1.651795488765951404e+03 5.714000000000000000e+03
1.384562346816501366e-01 1.524690710190345953e+03 5.982000000000000000e+03
1.446496334058954558e-01 1.465826478091849140e+03 6.602000000000000000e+03
1.508534077925902661e-01 1.332289995798456175e+03 7.130000000000000000e+03
1.571727997187746806e-01 1.240284261194366309e+03 8.034000000000000000e+03
1.635416756874734368e-01 1.134238675101424406e+03 8.606000000000000000e+03
1.698255044437522454e-01 1.058546947886447697e+03 9.066000000000000000e+03
1.761012440422073944e-01 1.039377049238273457e+03 9.962000000000000000e+03
1.823997330750334323e-01 9.810577769514508191e+02 1.055000000000000000e+04
1.886505794152418258e-01 9.736365555654166428e+02 1.122600000000000000e+04
1.949080233860110145e-01 9.096481274500840755e+02 1.214600000000000000e+04
2.011423980633682551e-01 8.550135449487861479e+02 1.260600000000000000e+04
2.073952711124279202e-01 8.016593164632051867e+02 1.380200000000000000e+04
2.137387912274538171e-01 7.719310198410005341e+02 1.475400000000000000e+04
2.200329442788883927e-01 7.560413640121950039e+02 1.519400000000000000e+04
2.262928915227388205e-01 7.023419240523445524e+02 1.645400000000000000e+04
2.325983565681614684e-01 6.712015327360992387e+02 1.715400000000000000e+04
2.388889575828848644e-01 6.543952951851567832e+02 1.826600000000000000e+04
2.451217204984029174e-01 6.234419574253845440e+02 1.875000000000000000e+04
2.513735730109318833e-01 6.034957803214999785e+02 2.023400000000000000e+04
2.577068704519516196e-01 5.735551109918180828e+02 2.145000000000000000e+04
2.640202590165574015e-01 5.666391628092293331e+02 2.196200000000000000e+04
2.702896249217050517e-01 5.422762897346506179e+02 2.346200000000000000e+04
2.765613443273721161e-01 5.209085825913441568e+02 2.404200000000000000e+04
2.828696817722480827e-01 5.073231675201968187e+02 2.594600000000000000e+04
2.891484548613966754e-01 4.765837628071136578e+02 2.611800000000000000e+04
2.953521325173381618e-01 4.685200334931515158e+02 2.750600000000000000e+04
3.016073414663040242e-01 4.617549775698832946e+02 2.906600000000000000e+04
3.079380380657114613e-01 4.424796462266981507e+02 3.045000000000000000e+04
3.142758188292146815e-01 4.237749026159837058e+02 3.174200000000000000e+04
3.205460861690284657e-01 4.162662588207333556e+02 3.225000000000000000e+04
3.268125857401938394e-01 3.995698453085962001e+02 3.425000000000000000e+04
3.331235790942642661e-01 3.931857587138146073e+02 3.545400000000000000e+04
3.394044287142444771e-01 3.844263652993483902e+02 3.643400000000000000e+04
3.456389225992096970e-01 3.693981716135911029e+02 3.768200000000000000e+04
3.518805674449744791e-01 3.588726169581375984e+02 3.929400000000000000e+04
3.582029755837912721e-01 3.501815292575672061e+02 4.142600000000000000e+04
3.645115539318926068e-01 3.425527738452960875e+02 4.206600000000000000e+04
3.707638220461956791e-01 3.314999029944808626e+02 4.349000000000000000e+04
3.770538406945189158e-01 3.241687168109694426e+02 4.570200000000000000e+04
3.833585849945114754e-01 3.191960094149200700e+02 4.663400000000000000e+04
3.896511111060295685e-01 3.108824105884606865e+02 4.855400000000000000e+04
3.958767350353735170e-01 3.039189945933812282e+02 4.887000000000000000e+04
4.021123550664917334e-01 2.960331806647063786e+02 5.155400000000000000e+04
4.084534706459355680e-01 2.901367491576825728e+02 5.409000000000000000e+04
4.147693430455148822e-01 2.874689241389390304e+02 5.431400000000000000e+04
4.210541279197388409e-01 2.778756884954952397e+02 5.691000000000000000e+04
4.273285528543883660e-01 2.727452544407980213e+02 5.748200000000000000e+04
4.336210871857300031e-01 2.670611229108197904e+02 6.062600000000000000e+04
4.399178901492071248e-01 2.580834962339980621e+02 6.120600000000000000e+04
4.461481615369914944e-01 2.541537501439397602e+02 6.257000000000000000e+04
4.524185591367541615e-01 2.508734545438996690e+02 6.573000000000000000e+04
4.587151924004577719e-01 2.434515164020812676e+02 6.668600000000000000e+04
4.650253487526455620e-01 2.413515262876187251e+02 6.969800000000000000e+04
4.713138026405762626e-01 2.348750350639759006e+02 7.002600000000000000e+04
4.775801322871031096e-01 2.326315949741157283e+02 7.274600000000000000e+04
4.838809178367569630e-01 2.262019840600127623e+02 7.491000000000000000e+04
4.901499165155780435e-01 2.241014816302391353e+02 7.572200000000000000e+04
4.963993143780123241e-01 2.196822934911172638e+02 7.837800000000000000e+04
5.026659111298577010e-01 2.164844215213485370e+02 8.003000000000000000e+04
5.089643413427887841e-01 2.127868751990483815e+02 8.318600000000000000e+04
5.152747315442799403e-01 2.085224605260388557e+02 8.466600000000000000e+04
5.215661708673858810e-01 2.052642728312958411e+02 8.654600000000000000e+04
5.278286396879566800e-01 2.023853089183384100e+02 8.813400000000000000e+04
5.341160320652750260e-01 1.992882146667487575e+02 9.153800000000000000e+04
5.404304286902661403e-01 1.958730537272161882e+02 9.313800000000000000e+04
5.466976878455739319e-01 1.925906825482702800e+02 9.447800000000000000e+04
5.529595373159058580e-01 1.889231092365571101e+02 9.727400000000000000e+04
5.592440147746206014e-01 1.873706535513751135e+02 9.969000000000000000e+04
5.655545845518847869e-01 1.829485292627955744e+02 1.025900000000000000e+05
5.718545124332512497e-01 1.804568050152467151e+02 1.037700000000000000e+05
5.781226402320145397e-01 1.797350494563024483e+02 1.063460000000000000e+05
5.844054810026423352e-01 1.762639310505756782e+02 1.085460000000000000e+05
5.906692678833675991e-01 1.741739643498647752e+02 1.107260000000000000e+05
5.969160111309492756e-01 1.707085164595897595e+02 1.123220000000000000e+05
6.031708558297608214e-01 1.691661146503392104e+02 1.158900000000000000e+05
6.094688112237535149e-01 1.663940399028612376e+02 1.187660000000000000e+05
6.158118423264375974e-01 1.640929296617252646e+02 1.222980000000000000e+05
6.221022681713845870e-01 1.621110559985682471e+02 1.220900000000000000e+05
6.283660508217905338e-01 1.596208592869217568e+02 1.258100000000000000e+05
6.346461619227155015e-01 1.572904107899215376e+02 1.281900000000000000e+05
6.409396473976692876e-01 1.550156368281052437e+02 1.309940000000000000e+05
6.472371834330832296e-01 1.545118356192494105e+02 1.337220000000000000e+05
6.534767429514126702e-01 1.519105578311028069e+02 1.338860000000000000e+05
6.597637022409679197e-01 1.485436948583919730e+02 1.405380000000000000e+05
6.660751593608625898e-01 1.476524861227684937e+02 1.405940000000000000e+05
6.723401943305717943e-01 1.453058878937884799e+02 1.435940000000000000e+05
6.786079373829640993e-01 1.449805494778757975e+02 1.463100000000000000e+05
6.849135514418230875e-01 1.436262612289026208e+02 1.506500000000000000e+05
6.912250943479077980e-01 1.413739027502393810e+02 1.519140000000000000e+05
6.974710436131158486e-01 1.397908902312881310e+02 1.533980000000000000e+05
7.037307548900212373e-01 1.384461494586279002e+02 1.578660000000000000e+05
7.100217936516199924e-01 1.364006870358614378e+02 1.606580000000000000e+05
7.163250787242370077e-01 1.348937983867378136e+02 1.641020000000000000e+05
7.226009447591926760e-01 1.337908127757609122e+02 1.649940000000000000e+05
7.288716701068771453e-01 1.319124572310954306e+02 1.698500000000000000e+05
7.351879459163250807e-01 1.306199012238421915e+02 1.729860000000000000e+05
7.414685146977839647e-01 1.294577420279585169e+02 1.738940000000000000e+05
7.477104477723024445e-01 1.270766309037585131e+02 1.767780000000000000e+05
7.539885226758882286e-01 1.274992337448969693e+02 1.818020000000000000e+05
7.602914782916944114e-01 1.257377985011314223e+02 1.844300000000000000e+05
7.665892437025125794e-01 1.242557081129439354e+02 1.872420000000000000e+05
7.728738187058056264e-01 1.234386747972636442e+02 1.902500000000000000e+05
7.791494140893913123e-01 1.218946420096915233e+02 1.925700000000000000e+05
7.854515901778583720e-01 1.210259040134987600e+02 1.982540000000000000e+05
7.917409748104085043e-01 1.192921696555611248e+02 1.980740000000000000e+05
7.979940385111662371e-01 1.183861730947732838e+02 2.020500000000000000e+05
8.042571846768763466e-01 1.171625451249689434e+02 2.055020000000000000e+05
8.105619462845171652e-01 1.169307624319826431e+02 2.106660000000000000e+05
8.168641867275381330e-01 1.151918638526580310e+02 2.124260000000000000e+05
8.231256696255031535e-01 1.145282273463822946e+02 2.139180000000000000e+05
8.294110748726144511e-01 1.130002411782465828e+02 2.209940000000000000e+05
8.357113707437004990e-01 1.121045113380433094e+02 2.215220000000000000e+05
8.419948002460609926e-01 1.103005764683071845e+02 2.263140000000000000e+05
8.482593350903800955e-01 1.102717184207473480e+02 2.272940000000000000e+05
8.545301115901441369e-01 1.096008586394881092e+02 2.329620000000000000e+05
8.608435414229801408e-01 1.083698068604987839e+02 2.378180000000000000e+05
8.671393362117422177e-01 1.068494222302905996e+02 2.383980000000000000e+05
8.733948081113820372e-01 1.060085824863162003e+02 2.414180000000000000e+05
8.796646205952306508e-01 1.053677966144225877e+02 2.468180000000000000e+05
8.859565087287600837e-01 1.049892475597550430e+02 2.499060000000000000e+05
8.922534924202312201e-01 1.042052684219216445e+02 2.547020000000000000e+05
8.985217857854136403e-01 1.029698951065234240e+02 2.544180000000000000e+05
9.047744920414614311e-01 1.024726197500655331e+02 2.603540000000000000e+05
9.110610772062064378e-01 1.015259600266963531e+02 2.649740000000000000e+05
9.173652030728716156e-01 1.002728735834958798e+02 2.687220000000000000e+05
9.236564978724189912e-01 9.930295173475033721e+01 2.715620000000000000e+05
9.299448038968107788e-01 9.911681484891111893e+01 2.755860000000000000e+05
9.362445064485998003e-01 9.764427969527281448e+01 2.801900000000000000e+05
9.425390102875164100e-01 9.716285280741071517e+01 2.828340000000000000e+05
9.488116425969939094e-01 9.647348157729391005e+01 2.851700000000000000e+05
9.550714374598537892e-01 9.573186916282612913e+01 2.898860000000000000e+05
9.613552636148307018e-01 9.546589415759177655e+01 2.944740000000000000e+05
9.676548604748713700e-01 9.417398697670039098e+01 2.994980000000000000e+05
9.739319897320198871e-01 9.378752473067392259e+01 2.999580000000000000e+05
9.801989291478477861e-01 9.300343146157125318e+01 3.058580000000000000e+05
9.864886628427461668e-01 9.246079567734562943e+01 3.107940000000000000e+05
9.927793936164199806e-01 9.173680270885658672e+01 3.130820000000000000e+05
9.990361166530091763e-01 9.086240998330330854e+01 3.160460000000000000e+05
1.005310172388236056e+00 9.043967470052122337e+01 3.222180000000000000e+05
1.011625805491854102e+00 8.956851002927663785e+01 3.285620000000000000e+05
1.017917766942204150e+00 8.913492334751630608e+01 3.279900000000000000e+05
1.024197689983066040e+00 8.833722151662712463e+01 3.352820000000000000e+05
1.030472573734562358e+00 8.810474016908187878e+01 3.359700000000000000e+05
1.036757776698311151e+00 8.740079393791410212e+01 3.440660000000000000e+05
1.043033361905228329e+00 8.684530826811024440e+01 3.437180000000000000e+05
1.049301684494551079e+00 8.560701334763727743e+01 3.514980000000000000e+05
1.055593059295673708e+00 8.532384446915274623e+01 3.544580000000000000e+05
1.061871457102441241e+00 8.496062479351201091e+01 3.585660000000000000e+05
1.068178001041605985e+00 8.429621906451026803e+01 3.661220000000000000e+05
1.074470180493512173e+00 8.409751753363744342e+01 3.658100000000000000e+05
1.080737053769623701e+00 8.353450560563220506e+01 3.716220000000000000e+05
1.087020489212936480e+00 8.256760557696463820e+01 3.759860000000000000e+05
1.093314462971749057e+00 8.204599641954942513e+01 3.821700000000000000e+05
1.099587869600829659e+00 8.162036435475924634e+01 3.818180000000000000e+05
1.105847463881620474e+00 8.125953718501939704e+01 3.895740000000000000e+05
1.112134280670179054e+00 8.085585947863344813e+01 3.936980000000000000e+05
1.118428377412835406e+00 8.003755525484343991e+01 3.994580000000000000e+05
1.124715645780198781e+00 7.979559937396018654e+01 4.022220000000000000e+05
1.130996124361501431e+00 7.947825469080639493e+01 4.069220000000000000e+05
1.137284456696317392e+00 7.880279846927057008e+01 4.128420000000000000e+05
1.143571288435853983e+00 7.838730334209012085e+01 4.153460000000000000e+05
1.149847667202570811e+00 7.792038048961804009e+01 4.211820000000000000e+05
1.156130444085272213e+00 7.738482874132878919e+01 4.250180000000000000e+05
1.162419353814765133e+00 7.670062821608262027e+01 4.311380000000000000e+05
1.168705445387328012e+00 7.615515890942390342e+01 4.343820000000000000e+05
1.174988745725767281e+00 7.574574345741079640e+01 4.395140000000000000e+05
1.181273977502684147e+00 7.553032450748679594e+01 4.447380000000000000e+05
1.187562659051211167e+00 7.481456858396863652e+01 4.489100000000000000e+05
1.193823213156303353e+00 7.447407179489484008e+01 4.506180000000000000e+05
1.200093696126397269e+00 7.374684799946287228e+01 4.595540000000000000e+05
1.206384684590767753e+00 7.374625879984307630e+01 4.631060000000000000e+05
1.212657716259795793e+00 7.302879680178412514e+01 4.670940000000000000e+05
1.218950061014193453e+00 7.273653301916728253e+01 4.749380000000000000e+05
1.225240784026401242e+00 7.221610421493828369e+01 4.771860000000000000e+05
1.231532244371714047e+00 7.164559780419898516e+01 4.846700000000000000e+05
1.237823116543606217e+00 7.169231143700646669e+01 4.870100000000000000e+05
1.244104630523539479e+00 7.120458275140406101e+01 4.933140000000000000e+05
1.250385916236761652e+00 7.085778207921811145e+01 4.963220000000000000e+05
1.256652750742101254e+00 7.011991501263750592e+01 5.017020000000000000e+05
1.262935091931613352e+00 6.985210992722304013e+01 5.085620000000000000e+05
1.269233477511062080e+00 6.949938514665194589e+01 5.142420000000000000e+05
1.275514616938773216e+00 6.916885605285905569e+01 5.161580000000000000e+05
1.281786872211649220e+00 6.888040413136727125e+01 5.226020000000000000e+05
1.288079462048372426e+00 6.827249608071431908e+01 5.306580000000000000e+05
1.294361149637119013e+00 6.812312971407108364e+01 5.300420000000000000e+05
1.300627926004322754e+00 6.780889691847943368e+01 5.388780000000000000e+05
1.306914643728855463e+00 6.736497426621299667e+01 5.441300000000000000e+05
1.313214369136572968e+00 6.707821461060841273e+01 5.511060000000000000e+05
1.319506178663429896e+00 6.674458747300340633e+01 5.539820000000000000e+05
1.325784332573166857e+00 6.608677351990984050e+01 5.582420000000000000e+05
1.332057263563118710e+00 6.582975623915700680e+01 5.645460000000000000e+05
1.338340549575027794e+00 6.543901611431026311e+01 5.704940000000000000e+05
1.344633835480066875e+00 6.527290724635054175e+01 5.767620000000000000e+05
1.350907484373135237e+00 6.485831276332729090e+01 5.782340000000000000e+05
1.357175487163077676e+00 6.448078603336244896e+01 5.856660000000000000e+05
1.363467141694861828e+00 6.433681616296539119e+01 5.944460000000000000e+05
1.369755686854475130e+00 6.404305121790866906e+01 5.952500000000000000e+05
1.376032186684321701e+00 6.347045269295075798e+01 6.034020000000000000e+05
1.382313839440675540e+00 6.314891029366181385e+01 6.073820000000000000e+05
1.388610058625191268e+00 6.301611425785077358e+01 6.170100000000000000e+05
1.394895499348251855e+00 6.256163599394565722e+01 6.167780000000000000e+05
1.401166240321837453e+00 6.220034373457257715e+01 6.247460000000000000e+05
1.407434432864556273e+00 6.189190825291428411e+01 6.280620000000000000e+05
1.413722933193898301e+00 6.182406755065625248e+01 6.394100000000000000e+05
1.420027475896342928e+00 6.116057824566093615e+01 6.429540000000000000e+05
1.426307149789788564e+00 6.112663022224631959e+01 6.459740000000000000e+05
1.432584485912613337e+00 6.093077171909980194e+01 6.534900000000000000e+05
1.438876982104692948e+00 6.065644034789937677e+01 6.607460000000000000e+05
1.445167658311597991e+00 6.019590003712069404e+01 6.646460000000000000e+05
1.451434581318592487e+00 5.981849234843146945e+01 6.672900000000000000e+05
1.457714146029685631e+00 5.969381843452397618e+01 6.790340000000000000e+05
1.464013702919821469e+00 5.930816582622702526e+01 6.827220000000000000e+05
1.470311375243267715e+00 5.896997336108250209e+01 6.912380000000000000e+05
1.476585168270965198e+00 5.888801573692006741e+01 6.886020000000000000e+05
1.482847620858654736e+00 5.850202607397918086e+01 7.008260000000000000e+05
1.489134257848029552e+00 5.819530178662262188e+01 7.056620000000000000e+05
1.495410090151012339e+00 5.778158100553442011e+01 7.100820000000000000e+05
1.501688804650891385e+00 5.765115536498644389e+01 7.191620000000000000e+05
1.507973225127458239e+00 5.749721048180542482e+01 7.222500000000000000e+05
1.514255586288884459e+00 5.729938924067071326e+01 7.315100000000000000e+05
1.520548655276809047e+00 5.682606225677654521e+01 7.364420000000000000e+05
1.526828765310179747e+00 5.672095884603891847e+01 7.408980000000000000e+05
1.533114430439595610e+00 5.638215538602747756e+01 7.501580000000000000e+05
1.539410813276927970e+00 5.592720330944871421e+01 7.548660000000000000e+05
1.545694858079805112e+00 5.568246822643495619e+01 7.608260000000000000e+05
1.551969964575633298e+00 5.548107792065044208e+01 7.640340000000000000e+05
1.558245721095042446e+00 5.537393195923233691e+01 7.738460000000000000e+05
1.564534844516594525e+00 5.510510616720523558e+01 7.797140000000000000e+05
1.570816980798636520e+00 5.476451863184009738e+01 7.843140000000000000e+05
1.577093092211928615e+00 5.441380506931091787e+01 7.913420000000000000e+05
1.583381338673179872e+00 5.418020048225555030e+01 7.994580000000000000e+05
1.589671280639133322e+00 5.392132885489299099e+01 8.049620000000000000e+05
1.595952830483094553e+00 5.381729579361378057e+01 8.095500000000000000e+05
1.602217313416965272e+00 5.368344548962385687e+01 8.134580000000000000e+05
