# Real space DM power spectrum.
# The power spectum is corrected for shot-noise and window function.
# Ngrid=512	Interlacing was set to True.
# redshift=0.188900	model=tabulated	Hz_file=/g100/home/userexternal/mbaldi00/SOURCE/CoDECS2/LCDM_CoDECS2_recalibrated/Hz.dat	zDf_file=None	H0=67.66	Om=0.311049	Ob=0.04897468161869667	sigma8=0.7882104124	ns=0.9665	Tcmb=0.0	Neff=3.046	m_nu=[0]	Fid_model=w0waCDM	Fid_H0=67.6591	Fid_Om=0.311367	Fid_w0=-1.0001	Fid_wa=-0.0025	
# n_dm=1.073742e+00[h/Mpc]^3
# k[h/Mpc]		Pk_dm[Mpc^3/h^3]		Nmodes
8.018239401280879974e-03 1.462089506631427321e+04 1.800000000000000000e+01
1.401654949351664563e-02 1.742289932258667613e+04 6.200000000000000000e+01
1.969250245970122562e-02 1.283748959579273105e+04 9.800000000000000000e+01
2.551337480545044084e-02 1.944305082028252946e+04 2.100000000000000000e+02
3.202906010406358223e-02 1.511601724885395561e+04 3.500000000000000000e+02
3.846520933840009981e-02 1.301863645520316277e+04 4.500000000000000000e+02
4.443307405343879801e-02 1.037337100300677957e+04 6.020000000000000000e+02
5.042305588722229004e-02 9.289310803409636719e+03 7.620000000000000000e+02
5.690925724269420977e-02 8.793901426987556988e+03 1.142000000000000000e+03
6.341842361688614094e-02 7.556644677425384543e+03 1.250000000000000000e+03
6.949987936003544642e-02 7.212556331746372052e+03 1.458000000000000000e+03
7.558128466088295805e-02 7.214958975110059328e+03 1.814000000000000000e+03
8.196268225887480552e-02 5.863126987801876567e+03 2.178000000000000000e+03
8.830226267620121250e-02 5.290229606168378268e+03 2.498000000000000000e+03
9.435210882776298713e-02 4.716630462322409585e+03 2.622000000000000000e+03
1.005600000334900268e-01 4.516993782278590515e+03 3.338000000000000000e+03
1.070138172820522676e-01 3.872600380810661591e+03 3.722000000000000000e+03
1.134272720352065417e-01 3.671934145051283849e+03 4.170000000000000000e+03
1.196088736356262089e-01 3.548207732037591995e+03 4.358000000000000000e+03
1.257803526943431782e-01 3.348098474803215140e+03 5.034000000000000000e+03
1.321489366516601371e-01 3.151921670075017119e+03 5.714000000000000000e+03
1.384562346816501366e-01 2.897314080300676778e+03 5.982000000000000000e+03
1.446496334058954558e-01 2.813624266640773840e+03 6.602000000000000000e+03
1.508534077925902661e-01 2.571228565223420901e+03 7.130000000000000000e+03
1.571727997187746806e-01 2.406913835503552491e+03 8.034000000000000000e+03
1.635416756874734368e-01 2.230245763179509595e+03 8.606000000000000000e+03
1.698255044437522454e-01 2.085239866483403603e+03 9.066000000000000000e+03
1.761012440422073944e-01 2.044697466825103447e+03 9.962000000000000000e+03
1.823997330750334323e-01 1.931751521027280205e+03 1.055000000000000000e+04
1.886505794152418258e-01 1.914961070085281335e+03 1.122600000000000000e+04
1.949080233860110145e-01 1.789789573193538672e+03 1.214600000000000000e+04
2.011423980633682551e-01 1.714620319500586902e+03 1.260600000000000000e+04
2.073952711124279202e-01 1.590450071426253999e+03 1.380200000000000000e+04
2.137387912274538171e-01 1.539027061592390055e+03 1.475400000000000000e+04
2.200329442788883927e-01 1.529435401132110655e+03 1.519400000000000000e+04
2.262928915227388205e-01 1.426436976927025398e+03 1.645400000000000000e+04
2.325983565681614684e-01 1.379165214676171445e+03 1.715400000000000000e+04
2.388889575828848644e-01 1.351437231022231117e+03 1.826600000000000000e+04
2.451217204984029174e-01 1.292130544092051196e+03 1.875000000000000000e+04
2.513735730109318833e-01 1.253640190719839438e+03 2.023400000000000000e+04
2.577068704519516196e-01 1.194066999103706166e+03 2.145000000000000000e+04
2.640202590165574015e-01 1.170955117640301296e+03 2.196200000000000000e+04
2.702896249217050517e-01 1.127437955406801393e+03 2.346200000000000000e+04
2.765613443273721161e-01 1.101531118154109208e+03 2.404200000000000000e+04
2.828696817722480827e-01 1.072176979283088940e+03 2.594600000000000000e+04
2.891484548613966754e-01 1.021716429933233599e+03 2.611800000000000000e+04
2.953521325173381618e-01 9.989409961921990089e+02 2.750600000000000000e+04
3.016073414663040242e-01 9.950683333807963891e+02 2.906600000000000000e+04
3.079380380657114613e-01 9.462689401511644292e+02 3.045000000000000000e+04
3.142758188292146815e-01 9.166738062767485644e+02 3.174200000000000000e+04
3.205460861690284657e-01 9.022545999060047279e+02 3.225000000000000000e+04
3.268125857401938394e-01 8.789014365494721233e+02 3.425000000000000000e+04
3.331235790942642661e-01 8.546170499644492793e+02 3.545400000000000000e+04
3.394044287142444771e-01 8.475241860162611829e+02 3.643400000000000000e+04
3.456389225992096970e-01 8.222379359573095599e+02 3.768200000000000000e+04
3.518805674449744791e-01 7.959678986805380418e+02 3.929400000000000000e+04
3.582029755837912721e-01 7.784292239420649366e+02 4.142600000000000000e+04
3.645115539318926068e-01 7.660308321346509501e+02 4.206600000000000000e+04
3.707638220461956791e-01 7.465134233439865739e+02 4.349000000000000000e+04
3.770538406945189158e-01 7.340601438819948044e+02 4.570200000000000000e+04
3.833585849945114754e-01 7.201827143941197846e+02 4.663400000000000000e+04
3.896511111060295685e-01 7.126238119148189298e+02 4.855400000000000000e+04
3.958767350353735170e-01 6.940559497806126501e+02 4.887000000000000000e+04
4.021123550664917334e-01 6.789135003295237993e+02 5.155400000000000000e+04
4.084534706459355680e-01 6.722010863734341228e+02 5.409000000000000000e+04
4.147693430455148822e-01 6.658398966322188244e+02 5.431400000000000000e+04
4.210541279197388409e-01 6.442659362551156619e+02 5.691000000000000000e+04
4.273285528543883660e-01 6.348621432059767358e+02 5.748200000000000000e+04
4.336210871857300031e-01 6.236471750996496439e+02 6.062600000000000000e+04
4.399178901492071248e-01 6.020238125428567173e+02 6.120600000000000000e+04
4.461481615369914944e-01 5.981329574317774131e+02 6.257000000000000000e+04
4.524185591367541615e-01 5.929672929738403582e+02 6.573000000000000000e+04
4.587151924004577719e-01 5.796218969917102868e+02 6.668600000000000000e+04
4.650253487526455620e-01 5.779762500960493981e+02 6.969800000000000000e+04
4.713138026405762626e-01 5.622138520748004566e+02 7.002600000000000000e+04
4.775801322871031096e-01 5.584974845075608982e+02 7.274600000000000000e+04
4.838809178367569630e-01 5.460071369100995753e+02 7.491000000000000000e+04
4.901499165155780435e-01 5.388899182800898870e+02 7.572200000000000000e+04
4.963993143780123241e-01 5.339344816051288944e+02 7.837800000000000000e+04
5.026659111298577010e-01 5.268923935318446183e+02 8.003000000000000000e+04
5.089643413427887841e-01 5.236659894730848919e+02 8.318600000000000000e+04
5.152747315442799403e-01 5.122372693040606464e+02 8.466600000000000000e+04
5.215661708673858810e-01 5.039881422186736586e+02 8.654600000000000000e+04
5.278286396879566800e-01 4.963965191209843510e+02 8.813400000000000000e+04
5.341160320652750260e-01 4.958173064100684542e+02 9.153800000000000000e+04
5.404304286902661403e-01 4.899304524259213167e+02 9.313800000000000000e+04
5.466976878455739319e-01 4.812525509197430438e+02 9.447800000000000000e+04
5.529595373159058580e-01 4.703751313596321211e+02 9.727400000000000000e+04
5.592440147746206014e-01 4.725158837650374721e+02 9.969000000000000000e+04
5.655545845518847869e-01 4.608488899217292101e+02 1.025900000000000000e+05
5.718545124332512497e-01 4.557863800369293017e+02 1.037700000000000000e+05
5.781226402320145397e-01 4.560018577988823267e+02 1.063460000000000000e+05
5.844054810026423352e-01 4.490994477900225093e+02 1.085460000000000000e+05
5.906692678833675991e-01 4.461628739104015722e+02 1.107260000000000000e+05
5.969160111309492756e-01 4.365758799324624420e+02 1.123220000000000000e+05
6.031708558297608214e-01 4.325348953906964766e+02 1.158900000000000000e+05
6.094688112237535149e-01 4.268986961176028103e+02 1.187660000000000000e+05
6.158118423264375974e-01 4.252493181554046373e+02 1.222980000000000000e+05
6.221022681713845870e-01 4.185002443022786451e+02 1.220900000000000000e+05
6.283660508217905338e-01 4.110993904052748462e+02 1.258100000000000000e+05
6.346461619227155015e-01 4.117511643588426296e+02 1.281900000000000000e+05
6.409396473976692876e-01 4.079433739763715607e+02 1.309940000000000000e+05
6.472371834330832296e-01 4.043876526127134525e+02 1.337220000000000000e+05
6.534767429514126702e-01 3.974557529971395979e+02 1.338860000000000000e+05
6.597637022409679197e-01 3.936312299022946490e+02 1.405380000000000000e+05
6.660751593608625898e-01 3.892239045332269711e+02 1.405940000000000000e+05
6.723401943305717943e-01 3.858614403541977254e+02 1.435940000000000000e+05
6.786079373829640993e-01 3.825871792366072555e+02 1.463100000000000000e+05
6.849135514418230875e-01 3.808199684974057391e+02 1.506500000000000000e+05
6.912250943479077980e-01 3.751496442882148017e+02 1.519140000000000000e+05
6.974710436131158486e-01 3.722498662283676367e+02 1.533980000000000000e+05
7.037307548900212373e-01 3.690137194230280784e+02 1.578660000000000000e+05
7.100217936516199924e-01 3.646946157540080549e+02 1.606580000000000000e+05
7.163250787242370077e-01 3.617059152408895102e+02 1.641020000000000000e+05
7.226009447591926760e-01 3.601353586380346883e+02 1.649940000000000000e+05
7.288716701068771453e-01 3.559344060094292672e+02 1.698500000000000000e+05
7.351879459163250807e-01 3.541864326194464638e+02 1.729860000000000000e+05
7.414685146977839647e-01 3.493790734137452318e+02 1.738940000000000000e+05
7.477104477723024445e-01 3.474472086905872175e+02 1.767780000000000000e+05
7.539885226758882286e-01 3.449778973459575013e+02 1.818020000000000000e+05
7.602914782916944114e-01 3.401427109340328343e+02 1.844300000000000000e+05
7.665892437025125794e-01 3.403635151220551620e+02 1.872420000000000000e+05
7.728738187058056264e-01 3.362920782138208438e+02 1.902500000000000000e+05
7.791494140893913123e-01 3.325963712510063601e+02 1.925700000000000000e+05
7.854515901778583720e-01 3.305651213811181037e+02 1.982540000000000000e+05
7.917409748104085043e-01 3.280312469701001419e+02 1.980740000000000000e+05
7.979940385111662371e-01 3.248369328077156410e+02 2.020500000000000000e+05
8.042571846768763466e-01 3.217069388534970926e+02 2.055020000000000000e+05
8.105619462845171652e-01 3.216510020529941016e+02 2.106660000000000000e+05
8.168641867275381330e-01 3.184177966480785358e+02 2.124260000000000000e+05
8.231256696255031535e-01 3.171602452223908699e+02 2.139180000000000000e+05
8.294110748726144511e-01 3.144913223840711680e+02 2.209940000000000000e+05
8.357113707437004990e-01 3.094958855582110573e+02 2.215220000000000000e+05
8.419948002460609926e-01 3.080358999569115213e+02 2.263140000000000000e+05
8.482593350903800955e-01 3.059562855452644499e+02 2.272940000000000000e+05
8.545301115901441369e-01 3.049260447213383713e+02 2.329620000000000000e+05
8.608435414229801408e-01 3.016976121569860538e+02 2.378180000000000000e+05
8.671393362117422177e-01 2.994466336162921607e+02 2.383980000000000000e+05
8.733948081113820372e-01 2.973539419872647613e+02 2.414180000000000000e+05
8.796646205952306508e-01 2.959351620415794173e+02 2.468180000000000000e+05
8.859565087287600837e-01 2.921624006653227070e+02 2.499060000000000000e+05
8.922534924202312201e-01 2.916512876914994195e+02 2.547020000000000000e+05
8.985217857854136403e-01 2.903852666604228716e+02 2.544180000000000000e+05
9.047744920414614311e-01 2.883079746898782787e+02 2.603540000000000000e+05
9.110610772062064378e-01 2.856166406217736267e+02 2.649740000000000000e+05
9.173652030728716156e-01 2.822441822221633743e+02 2.687220000000000000e+05
9.236564978724189912e-01 2.811099055795445452e+02 2.715620000000000000e+05
9.299448038968107788e-01 2.794857958566545904e+02 2.755860000000000000e+05
9.362445064485998003e-01 2.772613038574484676e+02 2.801900000000000000e+05
9.425390102875164100e-01 2.751623861025590827e+02 2.828340000000000000e+05
9.488116425969939094e-01 2.747221613121889163e+02 2.851700000000000000e+05
9.550714374598537892e-01 2.718446790260137504e+02 2.898860000000000000e+05
9.613552636148307018e-01 2.712794124987696023e+02 2.944740000000000000e+05
9.676548604748713700e-01 2.679920358451402649e+02 2.994980000000000000e+05
9.739319897320198871e-01 2.679015673633091410e+02 2.999580000000000000e+05
9.801989291478477861e-01 2.649738491063606602e+02 3.058580000000000000e+05
9.864886628427461668e-01 2.642418789672418029e+02 3.107940000000000000e+05
9.927793936164199806e-01 2.609937705319827614e+02 3.130820000000000000e+05
9.990361166530091763e-01 2.599709005194910674e+02 3.160460000000000000e+05
1.005310172388236056e+00 2.592448811135707842e+02 3.222180000000000000e+05
1.011625805491854102e+00 2.573607988514776252e+02 3.285620000000000000e+05
1.017917766942204150e+00 2.559675340978440659e+02 3.279900000000000000e+05
1.024197689983066040e+00 2.541954542878465872e+02 3.352820000000000000e+05
1.030472573734562358e+00 2.529094370170147101e+02 3.359700000000000000e+05
1.036757776698311151e+00 2.515868803283159423e+02 3.440660000000000000e+05
1.043033361905228329e+00 2.500492370702096139e+02 3.437180000000000000e+05
1.049301684494551079e+00 2.474815844689523487e+02 3.514980000000000000e+05
1.055593059295673708e+00 2.473639789843844596e+02 3.544580000000000000e+05
1.061871457102441241e+00 2.456477507340640898e+02 3.585660000000000000e+05
1.068178001041605985e+00 2.436827022586367946e+02 3.661220000000000000e+05
1.074470180493512173e+00 2.417440334845408927e+02 3.658100000000000000e+05
1.080737053769623701e+00 2.408256885818822752e+02 3.716220000000000000e+05
1.087020489212936480e+00 2.392537268687148639e+02 3.759860000000000000e+05
1.093314462971749057e+00 2.373934020243849545e+02 3.821700000000000000e+05
1.099587869600829659e+00 2.378159549240880892e+02 3.818180000000000000e+05
1.105847463881620474e+00 2.341232960600983404e+02 3.895740000000000000e+05
1.112134280670179054e+00 2.342911880807599516e+02 3.936980000000000000e+05
1.118428377412835406e+00 2.324995362390770879e+02 3.994580000000000000e+05
1.124715645780198781e+00 2.315364986783244490e+02 4.022220000000000000e+05
1.130996124361501431e+00 2.299217057698830047e+02 4.069220000000000000e+05
1.137284456696317392e+00 2.285814692440463887e+02 4.128420000000000000e+05
1.143571288435853983e+00 2.272176423847196531e+02 4.153460000000000000e+05
1.149847667202570811e+00 2.260918075686479938e+02 4.211820000000000000e+05
1.156130444085272213e+00 2.249027832750191180e+02 4.250180000000000000e+05
1.162419353814765133e+00 2.227682446173276958e+02 4.311380000000000000e+05
1.168705445387328012e+00 2.216831872347228227e+02 4.343820000000000000e+05
1.174988745725767281e+00 2.211918953433575439e+02 4.395140000000000000e+05
1.181273977502684147e+00 2.198148425832977182e+02 4.447380000000000000e+05
1.187562659051211167e+00 2.179054153015734983e+02 4.489100000000000000e+05
1.193823213156303353e+00 2.169471998101982706e+02 4.506180000000000000e+05
1.200093696126397269e+00 2.158172640985502255e+02 4.595540000000000000e+05
1.206384684590767753e+00 2.152508214701604459e+02 4.631060000000000000e+05
1.212657716259795793e+00 2.128864871167956494e+02 4.670940000000000000e+05
1.218950061014193453e+00 2.129276821796892989e+02 4.749380000000000000e+05
1.225240784026401242e+00 2.112487162362465369e+02 4.771860000000000000e+05
1.231532244371714047e+00 2.105195037608292807e+02 4.846700000000000000e+05
1.237823116543606217e+00 2.096189823472547289e+02 4.870100000000000000e+05
1.244104630523539479e+00 2.081783155057957799e+02 4.933140000000000000e+05
1.250385916236761652e+00 2.071514301544595753e+02 4.963220000000000000e+05
1.256652750742101254e+00 2.049048112259274603e+02 5.017020000000000000e+05
1.262935091931613352e+00 2.045797930808994920e+02 5.085620000000000000e+05
1.269233477511062080e+00 2.040407489403521879e+02 5.142420000000000000e+05
1.275514616938773216e+00 2.024025713105902184e+02 5.161580000000000000e+05
1.281786872211649220e+00 2.011811377680544695e+02 5.226020000000000000e+05
1.288079462048372426e+00 1.997439447350265311e+02 5.306580000000000000e+05
1.294361149637119013e+00 1.991770612893047598e+02 5.300420000000000000e+05
1.300627926004322754e+00 1.983291408326863632e+02 5.388780000000000000e+05
1.306914643728855463e+00 1.978276504649155072e+02 5.441300000000000000e+05
1.313214369136572968e+00 1.969899920182214714e+02 5.511060000000000000e+05
1.319506178663429896e+00 1.949717356474928351e+02 5.539820000000000000e+05
1.325784332573166857e+00 1.940905353293043447e+02 5.582420000000000000e+05
1.332057263563118710e+00 1.934641173009659383e+02 5.645460000000000000e+05
1.338340549575027794e+00 1.924129860421272156e+02 5.704940000000000000e+05
1.344633835480066875e+00 1.916138589734060815e+02 5.767620000000000000e+05
1.350907484373135237e+00 1.902036712168253416e+02 5.782340000000000000e+05
1.357175487163077676e+00 1.892864056185867980e+02 5.856660000000000000e+05
1.363467141694861828e+00 1.889638739613188250e+02 5.944460000000000000e+05
1.369755686854475130e+00 1.874532956530199499e+02 5.952500000000000000e+05
1.376032186684321701e+00 1.868695133523453080e+02 6.034020000000000000e+05
1.382313839440675540e+00 1.852093664810364828e+02 6.073820000000000000e+05
1.388610058625191268e+00 1.842010156370828611e+02 6.170100000000000000e+05
1.394895499348251855e+00 1.834561101807681496e+02 6.167780000000000000e+05
1.401166240321837453e+00 1.819518331398668920e+02 6.247460000000000000e+05
1.407434432864556273e+00 1.818187626080575683e+02 6.280620000000000000e+05
1.413722933193898301e+00 1.803045542493316020e+02 6.394100000000000000e+05
1.420027475896342928e+00 1.797641424197698257e+02 6.429540000000000000e+05
1.426307149789788564e+00 1.785144260158850784e+02 6.459740000000000000e+05
1.432584485912613337e+00 1.784710493055969209e+02 6.534900000000000000e+05
1.438876982104692948e+00 1.767617092409384725e+02 6.607460000000000000e+05
1.445167658311597991e+00 1.761376615161636892e+02 6.646460000000000000e+05
1.451434581318592487e+00 1.757169952482201722e+02 6.672900000000000000e+05
1.457714146029685631e+00 1.750563775994553453e+02 6.790340000000000000e+05
1.464013702919821469e+00 1.731379237657690169e+02 6.827220000000000000e+05
1.470311375243267715e+00 1.723193146878035407e+02 6.912380000000000000e+05
1.476585168270965198e+00 1.723204193604936165e+02 6.886020000000000000e+05
1.482847620858654736e+00 1.715262289431649663e+02 7.008260000000000000e+05
1.489134257848029552e+00 1.702871814683966250e+02 7.056620000000000000e+05
1.495410090151012339e+00 1.694354801326774691e+02 7.100820000000000000e+05
1.501688804650891385e+00 1.686944362947352261e+02 7.191620000000000000e+05
1.507973225127458239e+00 1.677196874634599624e+02 7.222500000000000000e+05
1.514255586288884459e+00 1.671271865366748841e+02 7.315100000000000000e+05
1.520548655276809047e+00 1.664818559241665241e+02 7.364420000000000000e+05
1.526828765310179747e+00 1.655847916543337135e+02 7.408980000000000000e+05
1.533114430439595610e+00 1.646136852770637518e+02 7.501580000000000000e+05
1.539410813276927970e+00 1.639961850889963557e+02 7.548660000000000000e+05
1.545694858079805112e+00 1.630792028280390014e+02 7.608260000000000000e+05
1.551969964575633298e+00 1.621356508846808424e+02 7.640340000000000000e+05
1.558245721095042446e+00 1.613893562167719438e+02 7.738460000000000000e+05
1.564534844516594525e+00 1.610650299341249081e+02 7.797140000000000000e+05
1.570816980798636520e+00 1.595738322485803167e+02 7.843140000000000000e+05
1.577093092211928615e+00 1.591175766371033546e+02 7.913420000000000000e+05
1.583381338673179872e+00 1.584701319107983863e+02 7.994580000000000000e+05
1.589671280639133322e+00 1.580906933714788636e+02 8.049620000000000000e+05
1.595952830483094553e+00 1.570467936628003542e+02 8.095500000000000000e+05
1.602217313416965272e+00 1.566297660126256517e+02 8.134580000000000000e+05
