# Real space DM power spectrum.
# The power spectum is corrected for shot-noise and window function.
# Ngrid=512	Interlacing was set to True.
# redshift=1.259818	model=tabulated	Hz_file=/g100/home/userexternal/mbaldi00/SOURCE/CoDECS2/LCDM_CoDECS2_recalibrated/Hz.dat	zDf_file=None	H0=67.66	Om=0.311049	Ob=0.04897468161869667	sigma8=0.7882104124	ns=0.9665	Tcmb=0.0	Neff=3.046	m_nu=[0]	Fid_model=w0waCDM	Fid_H0=67.6591	Fid_Om=0.311367	Fid_w0=-1.0001	Fid_wa=-0.0025	
# n_dm=1.073742e+00[h/Mpc]^3
# k[h/Mpc]		Pk_dm[Mpc^3/h^3]		Nmodes
8.018239401280879974e-03 5.322945413536494925e+03 1.800000000000000000e+01
1.401654949351664563e-02 6.335543979844739624e+03 6.200000000000000000e+01
1.969250245970122562e-02 4.696235769262118993e+03 9.800000000000000000e+01
2.551337480545044084e-02 7.148325225044432955e+03 2.100000000000000000e+02
3.202906010406358223e-02 5.549504391711098833e+03 3.500000000000000000e+02
3.846520933840009981e-02 4.787258121869828756e+03 4.500000000000000000e+02
4.443307405343879801e-02 3.830110620946979452e+03 6.020000000000000000e+02
5.042305588722229004e-02 3.417024386086801769e+03 7.620000000000000000e+02
5.690925724269420977e-02 3.216492276374596258e+03 1.142000000000000000e+03
6.341842361688614094e-02 2.791378477425384517e+03 1.250000000000000000e+03
6.949987936003544642e-02 2.646519637644862996e+03 1.458000000000000000e+03
7.558128466088295805e-02 2.646445193412153913e+03 1.814000000000000000e+03
8.196268225887480552e-02 2.155288833531904402e+03 2.178000000000000000e+03
8.830226267620121250e-02 1.952836691836913587e+03 2.498000000000000000e+03
9.435210882776298713e-02 1.734112346380380814e+03 2.622000000000000000e+03
1.005600000334900268e-01 1.644811637281585945e+03 3.338000000000000000e+03
1.070138172820522676e-01 1.403652771998195021e+03 3.722000000000000000e+03
1.134272720352065417e-01 1.308670835698765814e+03 4.170000000000000000e+03
1.196088736356262089e-01 1.273441325429055951e+03 4.358000000000000000e+03
1.257803526943431782e-01 1.210539277345924802e+03 5.034000000000000000e+03
1.321489366516601371e-01 1.128278075395282940e+03 5.714000000000000000e+03
1.384562346816501366e-01 1.045007326706561344e+03 5.982000000000000000e+03
1.446496334058954558e-01 1.000125099721658330e+03 6.602000000000000000e+03
1.508534077925902661e-01 9.064668541434771214e+02 7.130000000000000000e+03
1.571727997187746806e-01 8.425191379680780983e+02 8.034000000000000000e+03
1.635416756874734368e-01 7.670239411948476800e+02 8.606000000000000000e+03
1.698255044437522454e-01 7.142330828963749809e+02 9.066000000000000000e+03
1.761012440422073944e-01 7.015733953535113869e+02 9.962000000000000000e+03
1.823997330750334323e-01 6.619163077571380427e+02 1.055000000000000000e+04
1.886505794152418258e-01 6.569799993566156218e+02 1.122600000000000000e+04
1.949080233860110145e-01 6.143242759763478489e+02 1.214600000000000000e+04
2.011423980633682551e-01 5.731842969716324205e+02 1.260600000000000000e+04
2.073952711124279202e-01 5.401007017696824732e+02 1.380200000000000000e+04
2.137387912274538171e-01 5.179594866974463230e+02 1.475400000000000000e+04
2.200329442788883927e-01 5.034944705015987552e+02 1.519400000000000000e+04
2.262928915227388205e-01 4.670605942845069194e+02 1.645400000000000000e+04
2.325983565681614684e-01 4.438926251926690725e+02 1.715400000000000000e+04
2.388889575828848644e-01 4.320723728157272490e+02 1.826600000000000000e+04
2.451217204984029174e-01 4.114564107587178796e+02 1.875000000000000000e+04
2.513735730109318833e-01 3.970304249790071367e+02 2.023400000000000000e+04
2.577068704519516196e-01 3.772394699661770687e+02 2.145000000000000000e+04
2.640202590165574015e-01 3.744433473097301999e+02 2.196200000000000000e+04
2.702896249217050517e-01 3.572882239261091399e+02 2.346200000000000000e+04
2.765613443273721161e-01 3.403287431437107671e+02 2.404200000000000000e+04
2.828696817722480827e-01 3.312539853726595993e+02 2.594600000000000000e+04
2.891484548613966754e-01 3.095053111645682407e+02 2.611800000000000000e+04
2.953521325173381618e-01 3.042943372814158920e+02 2.750600000000000000e+04
3.016073414663040242e-01 2.981475668494538809e+02 2.906600000000000000e+04
3.079380380657114613e-01 2.869947201183237553e+02 3.045000000000000000e+04
3.142758188292146815e-01 2.738103446171178348e+02 3.174200000000000000e+04
3.205460861690284657e-01 2.684979177354620674e+02 3.225000000000000000e+04
3.268125857401938394e-01 2.566032175713699530e+02 3.425000000000000000e+04
3.331235790942642661e-01 2.533771052473510110e+02 3.545400000000000000e+04
3.394044287142444771e-01 2.462851784958132555e+02 3.643400000000000000e+04
3.456389225992096970e-01 2.354069025726697078e+02 3.768200000000000000e+04
3.518805674449744791e-01 2.291947781023326627e+02 3.929400000000000000e+04
3.582029755837912721e-01 2.232451366538883804e+02 4.142600000000000000e+04
3.645115539318926068e-01 2.174988823414687715e+02 4.206600000000000000e+04
3.707638220461956791e-01 2.103181600650718224e+02 4.349000000000000000e+04
3.770538406945189158e-01 2.045498817490465058e+02 4.570200000000000000e+04
3.833585849945114754e-01 2.012433997309984761e+02 4.663400000000000000e+04
3.896511111060295685e-01 1.949053747108810910e+02 4.855400000000000000e+04
3.958767350353735170e-01 1.908303307914577545e+02 4.887000000000000000e+04
4.021123550664917334e-01 1.854449818828465766e+02 5.155400000000000000e+04
4.084534706459355680e-01 1.814937652419864946e+02 5.409000000000000000e+04
4.147693430455148822e-01 1.790425147417302014e+02 5.431400000000000000e+04
4.210541279197388409e-01 1.727066496622497596e+02 5.691000000000000000e+04
4.273285528543883660e-01 1.692148275245459956e+02 5.748200000000000000e+04
4.336210871857300031e-01 1.657435034076363536e+02 6.062600000000000000e+04
4.399178901492071248e-01 1.602181235581166163e+02 6.120600000000000000e+04
4.461481615369914944e-01 1.568608461963610239e+02 6.257000000000000000e+04
4.524185591367541615e-01 1.546678406689567282e+02 6.573000000000000000e+04
4.587151924004577719e-01 1.497911379118434638e+02 6.668600000000000000e+04
4.650253487526455620e-01 1.478208367412902930e+02 6.969800000000000000e+04
4.713138026405762626e-01 1.435357325192068174e+02 7.002600000000000000e+04
4.775801322871031096e-01 1.418365684434473906e+02 7.274600000000000000e+04
4.838809178367569630e-01 1.375193115196309463e+02 7.491000000000000000e+04
4.901499165155780435e-01 1.367691739785659024e+02 7.572200000000000000e+04
4.963993143780123241e-01 1.330376100340247092e+02 7.837800000000000000e+04
5.026659111298577010e-01 1.311041516225605790e+02 8.003000000000000000e+04
5.089643413427887841e-01 1.282878849843487785e+02 8.318600000000000000e+04
5.152747315442799403e-01 1.255187636465358594e+02 8.466600000000000000e+04
5.215661708673858810e-01 1.234624795652869977e+02 8.654600000000000000e+04
5.278286396879566800e-01 1.218751766197930237e+02 8.813400000000000000e+04
5.341160320652750260e-01 1.193996219511552255e+02 9.153800000000000000e+04
5.404304286902661403e-01 1.168530296768822865e+02 9.313800000000000000e+04
5.466976878455739319e-01 1.147513972120015211e+02 9.447800000000000000e+04
5.529595373159058580e-01 1.128498111301771729e+02 9.727400000000000000e+04
5.592440147746206014e-01 1.114890004266885768e+02 9.969000000000000000e+04
5.655545845518847869e-01 1.086160602112311011e+02 1.025900000000000000e+05
5.718545124332512497e-01 1.072787092264831159e+02 1.037700000000000000e+05
5.781226402320145397e-01 1.056223700889543693e+02 1.063460000000000000e+05
5.844054810026423352e-01 1.040213610802405242e+02 1.085460000000000000e+05
5.906692678833675991e-01 1.023918083973332926e+02 1.107260000000000000e+05
5.969160111309492756e-01 1.004804222304984052e+02 1.123220000000000000e+05
6.031708558297608214e-01 9.921193396175522139e+01 1.158900000000000000e+05
6.094688112237535149e-01 9.749912890139616195e+01 1.187660000000000000e+05
6.158118423264375974e-01 9.582786400243402625e+01 1.222980000000000000e+05
6.221022681713845870e-01 9.462024594041442072e+01 1.220900000000000000e+05
6.283660508217905338e-01 9.323827443675087068e+01 1.258100000000000000e+05
6.346461619227155015e-01 9.154036788485873899e+01 1.281900000000000000e+05
6.409396473976692876e-01 9.016910950624318843e+01 1.309940000000000000e+05
6.472371834330832296e-01 8.953661089930803030e+01 1.337220000000000000e+05
6.534767429514126702e-01 8.803604518601670748e+01 1.338860000000000000e+05
6.597637022409679197e-01 8.602249774444413788e+01 1.405380000000000000e+05
6.660751593608625898e-01 8.546280519755119087e+01 1.405940000000000000e+05
6.723401943305717943e-01 8.375627579300433467e+01 1.435940000000000000e+05
6.786079373829640993e-01 8.346623740077922093e+01 1.463100000000000000e+05
6.849135514418230875e-01 8.236150849076786074e+01 1.506500000000000000e+05
6.912250943479077980e-01 8.110982570664891966e+01 1.519140000000000000e+05
6.974710436131158486e-01 8.006813634922968959e+01 1.533980000000000000e+05
7.037307548900212373e-01 7.925527872015349828e+01 1.578660000000000000e+05
7.100217936516199924e-01 7.801789252827389021e+01 1.606580000000000000e+05
7.163250787242370077e-01 7.667320997221514745e+01 1.641020000000000000e+05
7.226009447591926760e-01 7.620305806952916328e+01 1.649940000000000000e+05
7.288716701068771453e-01 7.499722614484285543e+01 1.698500000000000000e+05
7.351879459163250807e-01 7.410102108325278891e+01 1.729860000000000000e+05
7.414685146977839647e-01 7.354934955898315252e+01 1.738940000000000000e+05
7.477104477723024445e-01 7.230417618654257694e+01 1.767780000000000000e+05
7.539885226758882286e-01 7.207410640856403461e+01 1.818020000000000000e+05
7.602914782916944114e-01 7.107306391348299712e+01 1.844300000000000000e+05
7.665892437025125794e-01 7.041782985913336290e+01 1.872420000000000000e+05
7.728738187058056264e-01 6.980851448188911945e+01 1.902500000000000000e+05
7.791494140893913123e-01 6.859027476661108835e+01 1.925700000000000000e+05
7.854515901778583720e-01 6.777325337341079603e+01 1.982540000000000000e+05
7.917409748104085043e-01 6.691326076292503444e+01 1.980740000000000000e+05
7.979940385111662371e-01 6.624896943231350122e+01 2.020500000000000000e+05
8.042571846768763466e-01 6.555226882595482607e+01 2.055020000000000000e+05
8.105619462845171652e-01 6.501162028279863137e+01 2.106660000000000000e+05
8.168641867275381330e-01 6.450616153749885484e+01 2.124260000000000000e+05
8.231256696255031535e-01 6.359576724484806221e+01 2.139180000000000000e+05
8.294110748726144511e-01 6.272337393298200681e+01 2.209940000000000000e+05
8.357113707437004990e-01 6.246554997077504368e+01 2.215220000000000000e+05
8.419948002460609926e-01 6.119416237107943601e+01 2.263140000000000000e+05
8.482593350903800955e-01 6.114980143217748321e+01 2.272940000000000000e+05
8.545301115901441369e-01 6.033130394816506481e+01 2.329620000000000000e+05
8.608435414229801408e-01 5.988614708705858192e+01 2.378180000000000000e+05
8.671393362117422177e-01 5.890652421940124839e+01 2.383980000000000000e+05
8.733948081113820372e-01 5.853905660175082915e+01 2.414180000000000000e+05
8.796646205952306508e-01 5.813353493172522235e+01 2.468180000000000000e+05
8.859565087287600837e-01 5.773475987238459339e+01 2.499060000000000000e+05
8.922534924202312201e-01 5.718738870366266269e+01 2.547020000000000000e+05
8.985217857854136403e-01 5.636896278255264292e+01 2.544180000000000000e+05
9.047744920414614311e-01 5.589645806251704130e+01 2.603540000000000000e+05
9.110610772062064378e-01 5.555568369769802928e+01 2.649740000000000000e+05
9.173652030728716156e-01 5.462684906745327851e+01 2.687220000000000000e+05
9.236564978724189912e-01 5.417992642193043196e+01 2.715620000000000000e+05
9.299448038968107788e-01 5.395817471479689686e+01 2.755860000000000000e+05
9.362445064485998003e-01 5.330387496990788065e+01 2.801900000000000000e+05
9.425390102875164100e-01 5.302113010080543631e+01 2.828340000000000000e+05
9.488116425969939094e-01 5.235264839007225390e+01 2.851700000000000000e+05
9.550714374598537892e-01 5.189915216372993712e+01 2.898860000000000000e+05
9.613552636148307018e-01 5.157375427427440684e+01 2.944740000000000000e+05
9.676548604748713700e-01 5.108415666063817895e+01 2.994980000000000000e+05
9.739319897320198871e-01 5.083720501924766211e+01 2.999580000000000000e+05
9.801989291478477861e-01 5.023646770714925935e+01 3.058580000000000000e+05
9.864886628427461668e-01 4.991491641326717144e+01 3.107940000000000000e+05
9.927793936164199806e-01 4.934044967674358873e+01 3.130820000000000000e+05
9.990361166530091763e-01 4.884649457858373722e+01 3.160460000000000000e+05
1.005310172388236056e+00 4.881687895354247786e+01 3.222180000000000000e+05
1.011625805491854102e+00 4.807811552230382546e+01 3.285620000000000000e+05
1.017917766942204150e+00 4.786956464755593288e+01 3.279900000000000000e+05
1.024197689983066040e+00 4.750654167100462644e+01 3.352820000000000000e+05
1.030472573734562358e+00 4.719431959581640257e+01 3.359700000000000000e+05
1.036757776698311151e+00 4.689742830457630873e+01 3.440660000000000000e+05
1.043033361905228329e+00 4.639441247562919557e+01 3.437180000000000000e+05
1.049301684494551079e+00 4.589954132788183472e+01 3.514980000000000000e+05
1.055593059295673708e+00 4.564533812989675710e+01 3.544580000000000000e+05
1.061871457102441241e+00 4.536119818864707298e+01 3.585660000000000000e+05
1.068178001041605985e+00 4.499310152445531941e+01 3.661220000000000000e+05
1.074470180493512173e+00 4.483130009835682728e+01 3.658100000000000000e+05
1.080737053769623701e+00 4.443030832990578460e+01 3.716220000000000000e+05
1.087020489212936480e+00 4.383095580809025904e+01 3.759860000000000000e+05
1.093314462971749057e+00 4.371716893439883478e+01 3.821700000000000000e+05
1.099587869600829659e+00 4.338804948222835378e+01 3.818180000000000000e+05
1.105847463881620474e+00 4.309656429668496713e+01 3.895740000000000000e+05
1.112134280670179054e+00 4.269622950845326415e+01 3.936980000000000000e+05
1.118428377412835406e+00 4.245529128716723477e+01 3.994580000000000000e+05
1.124715645780198781e+00 4.208962605574288318e+01 4.022220000000000000e+05
1.130996124361501431e+00 4.196541439217423175e+01 4.069220000000000000e+05
1.137284456696317392e+00 4.170839915912285534e+01 4.128420000000000000e+05
1.143571288435853983e+00 4.124084713449451556e+01 4.153460000000000000e+05
1.149847667202570811e+00 4.116429879571848716e+01 4.211820000000000000e+05
1.156130444085272213e+00 4.065458672804935247e+01 4.250180000000000000e+05
1.162419353814765133e+00 4.033220325702079379e+01 4.311380000000000000e+05
1.168705445387328012e+00 4.007589687738759210e+01 4.343820000000000000e+05
1.174988745725767281e+00 3.996907195206626540e+01 4.395140000000000000e+05
1.181273977502684147e+00 3.964563734335870038e+01 4.447380000000000000e+05
1.187562659051211167e+00 3.925020601686165378e+01 4.489100000000000000e+05
1.193823213156303353e+00 3.908865887308523668e+01 4.506180000000000000e+05
1.200093696126397269e+00 3.880185785684633260e+01 4.595540000000000000e+05
1.206384684590767753e+00 3.856459412696040090e+01 4.631060000000000000e+05
1.212657716259795793e+00 3.826305799974428368e+01 4.670940000000000000e+05
1.218950061014193453e+00 3.804441741670970600e+01 4.749380000000000000e+05
1.225240784026401242e+00 3.781832221798111959e+01 4.771860000000000000e+05
1.231532244371714047e+00 3.760311529032355793e+01 4.846700000000000000e+05
1.237823116543606217e+00 3.745350730567445652e+01 4.870100000000000000e+05
1.244104630523539479e+00 3.719771491469153801e+01 4.933140000000000000e+05
1.250385916236761652e+00 3.694204592406077836e+01 4.963220000000000000e+05
1.256652750742101254e+00 3.666633499900392223e+01 5.017020000000000000e+05
1.262935091931613352e+00 3.643374992391960632e+01 5.085620000000000000e+05
1.269233477511062080e+00 3.619166621276478679e+01 5.142420000000000000e+05
1.275514616938773216e+00 3.606439966547379328e+01 5.161580000000000000e+05
1.281786872211649220e+00 3.587736549010681131e+01 5.226020000000000000e+05
1.288079462048372426e+00 3.567284055870202764e+01 5.306580000000000000e+05
1.294361149637119013e+00 3.540678648089333080e+01 5.300420000000000000e+05
1.300627926004322754e+00 3.522984563043279138e+01 5.388780000000000000e+05
1.306914643728855463e+00 3.494447548834741468e+01 5.441300000000000000e+05
1.313214369136572968e+00 3.490049199463254581e+01 5.511060000000000000e+05
1.319506178663429896e+00 3.462357271079090992e+01 5.539820000000000000e+05
1.325784332573166857e+00 3.425864163445513810e+01 5.582420000000000000e+05
1.332057263563118710e+00 3.418644285105399661e+01 5.645460000000000000e+05
1.338340549575027794e+00 3.396420656328956511e+01 5.704940000000000000e+05
1.344633835480066875e+00 3.380643407370740050e+01 5.767620000000000000e+05
1.350907484373135237e+00 3.370545077319872718e+01 5.782340000000000000e+05
1.357175487163077676e+00 3.342824072596881280e+01 5.856660000000000000e+05
1.363467141694861828e+00 3.324962573692165080e+01 5.944460000000000000e+05
1.369755686854475130e+00 3.307451698859325262e+01 5.952500000000000000e+05
1.376032186684321701e+00 3.285206229981317705e+01 6.034020000000000000e+05
1.382313839440675540e+00 3.268684852693181853e+01 6.073820000000000000e+05
1.388610058625191268e+00 3.249457651940245029e+01 6.170100000000000000e+05
1.394895499348251855e+00 3.230160077868181645e+01 6.167780000000000000e+05
1.401166240321837453e+00 3.211106585204111497e+01 6.247460000000000000e+05
1.407434432864556273e+00 3.194662259640266910e+01 6.280620000000000000e+05
1.413722933193898301e+00 3.193335580076182367e+01 6.394100000000000000e+05
1.420027475896342928e+00 3.156112011957415575e+01 6.429540000000000000e+05
1.426307149789788564e+00 3.144190297316198723e+01 6.459740000000000000e+05
1.432584485912613337e+00 3.133856678864945167e+01 6.534900000000000000e+05
1.438876982104692948e+00 3.114022382899499064e+01 6.607460000000000000e+05
1.445167658311597991e+00 3.107162034537501683e+01 6.646460000000000000e+05
1.451434581318592487e+00 3.076462071840554557e+01 6.672900000000000000e+05
1.457714146029685631e+00 3.063155056575746471e+01 6.790340000000000000e+05
1.464013702919821469e+00 3.048197302740115333e+01 6.827220000000000000e+05
1.470311375243267715e+00 3.030691085583828936e+01 6.912380000000000000e+05
1.476585168270965198e+00 3.023951921788584940e+01 6.886020000000000000e+05
1.482847620858654736e+00 3.012138665706257257e+01 7.008260000000000000e+05
1.489134257848029552e+00 2.990484828338736278e+01 7.056620000000000000e+05
1.495410090151012339e+00 2.969928065149079899e+01 7.100820000000000000e+05
1.501688804650891385e+00 2.964317385317130515e+01 7.191620000000000000e+05
1.507973225127458239e+00 2.942882141984627253e+01 7.222500000000000000e+05
1.514255586288884459e+00 2.921545874074589833e+01 7.315100000000000000e+05
1.520548655276809047e+00 2.912411424186158371e+01 7.364420000000000000e+05
1.526828765310179747e+00 2.896683614628807391e+01 7.408980000000000000e+05
1.533114430439595610e+00 2.884150928214003073e+01 7.501580000000000000e+05
1.539410813276927970e+00 2.866246493204133472e+01 7.548660000000000000e+05
1.545694858079805112e+00 2.848909944040503817e+01 7.608260000000000000e+05
1.551969964575633298e+00 2.840894762278411534e+01 7.640340000000000000e+05
1.558245721095042446e+00 2.836310293123452198e+01 7.738460000000000000e+05
1.564534844516594525e+00 2.816299918951854764e+01 7.797140000000000000e+05
1.570816980798636520e+00 2.800941034612799641e+01 7.843140000000000000e+05
1.577093092211928615e+00 2.775487378549178175e+01 7.913420000000000000e+05
1.583381338673179872e+00 2.782559023381223184e+01 7.994580000000000000e+05
1.589671280639133322e+00 2.751268844702280703e+01 8.049620000000000000e+05
1.595952830483094553e+00 2.747064394999695836e+01 8.095500000000000000e+05
1.602217313416965272e+00 2.741585945567987892e+01 8.134580000000000000e+05
