# Real space DM power spectrum.
# The power spectum is corrected for shot-noise and window function.
# Ngrid=512	Interlacing was set to True.
# redshift=0.264800	model=tabulated	Hz_file=/g100/home/userexternal/mbaldi00/SOURCE/CoDECS2/LCDM_CoDECS2_recalibrated/Hz.dat	zDf_file=None	H0=67.66	Om=0.311049	Ob=0.04897468161869667	sigma8=0.7882104124	ns=0.9665	Tcmb=0.0	Neff=3.046	m_nu=[0]	Fid_model=w0waCDM	Fid_H0=67.6591	Fid_Om=0.311367	Fid_w0=-1.0001	Fid_wa=-0.0025	
# n_dm=1.073742e+00[h/Mpc]^3
# k[h/Mpc]		Pk_dm[Mpc^3/h^3]		Nmodes
8.018239401280879974e-03 1.350002353853649402e+04 1.800000000000000000e+01
1.401654949351664563e-02 1.608530355645764212e+04 6.200000000000000000e+01
1.969250245970122562e-02 1.185892582028252582e+04 9.800000000000000000e+01
2.551337480545044084e-02 1.796998772504443332e+04 2.100000000000000000e+02
3.202906010406358223e-02 1.396879867742538408e+04 3.500000000000000000e+02
3.846520933840009981e-02 1.203209534409205116e+04 4.500000000000000000e+02
4.443307405343879801e-02 9.591258046196149735e+03 6.020000000000000000e+02
5.042305588722229004e-02 8.586095580312523452e+03 7.620000000000000000e+02
5.690925724269420977e-02 8.124002127512950210e+03 1.142000000000000000e+03
6.341842361688614094e-02 6.987843077425384763e+03 1.250000000000000000e+03
6.949987936003544642e-02 6.665980200059128947e+03 1.458000000000000000e+03
7.558128466088295805e-02 6.668321709398924213e+03 1.814000000000000000e+03
8.196268225887480552e-02 5.419155913421711375e+03 2.178000000000000000e+03
8.830226267620121250e-02 4.891082288314095422e+03 2.498000000000000000e+03
9.435210882776298713e-02 4.359351286121036537e+03 2.622000000000000000e+03
1.005600000334900268e-01 4.171159749923886920e+03 3.338000000000000000e+03
1.070138172820522676e-01 3.572468193814423103e+03 3.722000000000000000e+03
1.134272720352065417e-01 3.383097694211955513e+03 4.170000000000000000e+03
1.196088736356262089e-01 3.271242839885228477e+03 4.358000000000000000e+03
1.257803526943431782e-01 3.088727398124629417e+03 5.034000000000000000e+03
1.321489366516601371e-01 2.905832415612293971e+03 5.714000000000000000e+03
1.384562346816501366e-01 2.671910870671790235e+03 5.982000000000000000e+03
1.446496334058954558e-01 2.591025660157889888e+03 6.602000000000000000e+03
1.508534077925902661e-01 2.366150584858764887e+03 7.130000000000000000e+03
1.571727997187746806e-01 2.212871266422148437e+03 8.034000000000000000e+03
1.635416756874734368e-01 2.046113529853922728e+03 8.606000000000000000e+03
1.698255044437522454e-01 1.913098017818060271e+03 9.066000000000000000e+03
1.761012440422073944e-01 1.876267432695410662e+03 9.962000000000000000e+03
1.823997330750334323e-01 1.772231521027280223e+03 1.055000000000000000e+04
1.886505794152418258e-01 1.757260197111826756e+03 1.122600000000000000e+04
1.949080233860110145e-01 1.641952425161264728e+03 1.214600000000000000e+04
2.011423980633682551e-01 1.568606833858829077e+03 1.260600000000000000e+04
2.073952711124279202e-01 1.456930436590723048e+03 1.380200000000000000e+04
2.137387912274538171e-01 1.409253983105199950e+03 1.475400000000000000e+04
2.200329442788883927e-01 1.397896504199110950e+03 1.519400000000000000e+04
2.262928915227388205e-01 1.302957215166967217e+03 1.645400000000000000e+04
2.325983565681614684e-01 1.257937396091584787e+03 1.715400000000000000e+04
2.388889575828848644e-01 1.231644829839706290e+03 1.826600000000000000e+04
2.451217204984029174e-01 1.176580997425384567e+03 1.875000000000000000e+04
2.513735730109318833e-01 1.141753168875419078e+03 2.023400000000000000e+04
2.577068704519516196e-01 1.086891428008135108e+03 2.145000000000000000e+04
2.640202590165574015e-01 1.066570362153551287e+03 2.196200000000000000e+04
2.702896249217050517e-01 1.026052992488039081e+03 2.346200000000000000e+04
2.765613443273721161e-01 1.000537024484697440e+03 2.404200000000000000e+04
2.828696817722480827e-01 9.738224737716420805e+02 2.594600000000000000e+04
2.891484548613966754e-01 9.261400458303160121e+02 2.611800000000000000e+04
2.953521325173381618e-01 9.063105155697893451e+02 2.750600000000000000e+04
3.016073414663040242e-01 9.019331926665598758e+02 2.906600000000000000e+04
3.079380380657114613e-01 8.581066413005897857e+02 3.045000000000000000e+04
3.142758188292146815e-01 8.302037035737052975e+02 3.174200000000000000e+04
3.205460861690284657e-01 8.167052665726713485e+02 3.225000000000000000e+04
3.268125857401938394e-01 7.937437723158955123e+02 3.425000000000000000e+04
3.331235790942642661e-01 7.733453739899471202e+02 3.545400000000000000e+04
3.394044287142444771e-01 7.653629080890502792e+02 3.643400000000000000e+04
3.456389225992096970e-01 7.418453877910764049e+02 3.768200000000000000e+04
3.518805674449744791e-01 7.177514279725418191e+02 3.929400000000000000e+04
3.582029755837912721e-01 7.018730997688403477e+02 4.142600000000000000e+04
3.645115539318926068e-01 6.905706505152908221e+02 4.206600000000000000e+04
3.707638220461956791e-01 6.719645615366745233e+02 4.349000000000000000e+04
3.770538406945189158e-01 6.607237034636323187e+02 4.570200000000000000e+04
3.833585849945114754e-01 6.484385792137793487e+02 4.663400000000000000e+04
3.896511111060295685e-01 6.403472950470016940e+02 4.855400000000000000e+04
3.958767350353735170e-01 6.239059600118383742e+02 4.887000000000000000e+04
4.021123550664917334e-01 6.099425960349976776e+02 5.155400000000000000e+04
4.084534706459355680e-01 6.029580469946209860e+02 5.409000000000000000e+04
4.147693430455148822e-01 5.975105524483988120e+02 5.431400000000000000e+04
4.210541279197388409e-01 5.779919598010653772e+02 5.691000000000000000e+04
4.273285528543883660e-01 5.695687644091359516e+02 5.748200000000000000e+04
4.336210871857300031e-01 5.589371167088602306e+02 6.062600000000000000e+04
4.399178901492071248e-01 5.394295897542411922e+02 6.120600000000000000e+04
4.461481615369914944e-01 5.356980525252727148e+02 6.257000000000000000e+04
4.524185591367541615e-01 5.306865079441735134e+02 6.573000000000000000e+04
4.587151924004577719e-01 5.180113040636593951e+02 6.668600000000000000e+04
4.650253487526455620e-01 5.165938287927122019e+02 6.969800000000000000e+04
4.713138026405762626e-01 5.024161769255701984e+02 7.002600000000000000e+04
4.775801322871031096e-01 4.990980398645564833e+02 7.274600000000000000e+04
4.838809178367569630e-01 4.875524045646182572e+02 7.491000000000000000e+04
4.901499165155780435e-01 4.808864846676655134e+02 7.572200000000000000e+04
4.963993143780123241e-01 4.764924442987418729e+02 7.837800000000000000e+04
5.026659111298577010e-01 4.700157222835626953e+02 8.003000000000000000e+04
5.089643413427887841e-01 4.664249152538653220e+02 8.318600000000000000e+04
5.152747315442799403e-01 4.565472402487138197e+02 8.466600000000000000e+04
5.215661708673858810e-01 4.489677368850938137e+02 8.654600000000000000e+04
5.278286396879566800e-01 4.422948557447618327e+02 8.813400000000000000e+04
5.341160320652750260e-01 4.409818937945426569e+02 9.153800000000000000e+04
5.404304286902661403e-01 4.356374678224297554e+02 9.313800000000000000e+04
5.466976878455739319e-01 4.278841900314939153e+02 9.447800000000000000e+04
5.529595373159058580e-01 4.183601222102191173e+02 9.727400000000000000e+04
5.592440147746206014e-01 4.195641734631014970e+02 9.969000000000000000e+04
5.655545845518847869e-01 4.092094318848835428e+02 1.025900000000000000e+05
5.718545124332512497e-01 4.045203493922343227e+02 1.037700000000000000e+05
5.781226402320145397e-01 4.048630091350868270e+02 1.063460000000000000e+05
5.844054810026423352e-01 3.983521517127833818e+02 1.085460000000000000e+05
5.906692678833675991e-01 3.956009101439871642e+02 1.107260000000000000e+05
5.969160111309492756e-01 3.871289683746197738e+02 1.123220000000000000e+05
6.031708558297608214e-01 3.835482701426163885e+02 1.158900000000000000e+05
6.094688112237535149e-01 3.782582771424752650e+02 1.187660000000000000e+05
6.158118423264375974e-01 3.764156822823732114e+02 1.222980000000000000e+05
6.221022681713845870e-01 3.707900305255565172e+02 1.220900000000000000e+05
6.283660508217905338e-01 3.641755210785122472e+02 1.258100000000000000e+05
6.346461619227155015e-01 3.641928524780407201e+02 1.281900000000000000e+05
6.409396473976692876e-01 3.603498658767639427e+02 1.309940000000000000e+05
6.472371834330832296e-01 3.576676215033971289e+02 1.337220000000000000e+05
6.534767429514126702e-01 3.513780749725515307e+02 1.338860000000000000e+05
6.597637022409679197e-01 3.474461696338975116e+02 1.405380000000000000e+05
6.660751593608625898e-01 3.436096677948170850e+02 1.405940000000000000e+05
6.723401943305717943e-01 3.405210779435120116e+02 1.435940000000000000e+05
6.786079373829640993e-01 3.380222417750530326e+02 1.463100000000000000e+05
6.849135514418230875e-01 3.363762910994635149e+02 1.506500000000000000e+05
6.912250943479077980e-01 3.308634297194456622e+02 1.519140000000000000e+05
6.974710436131158486e-01 3.283504672792287806e+02 1.533980000000000000e+05
7.037307548900212373e-01 3.255862809625616023e+02 1.578660000000000000e+05
7.100217936516199924e-01 3.215824644761382842e+02 1.606580000000000000e+05
7.163250787242370077e-01 3.191282257550818713e+02 1.641020000000000000e+05
7.226009447591926760e-01 3.174401576004212302e+02 1.649940000000000000e+05
7.288716701068771453e-01 3.137846738928557784e+02 1.698500000000000000e+05
7.351879459163250807e-01 3.122155679251937386e+02 1.729860000000000000e+05
7.414685146977839647e-01 3.077893463386305370e+02 1.738940000000000000e+05
7.477104477723024445e-01 3.056094913275669001e+02 1.767780000000000000e+05
7.539885226758882286e-01 3.040832757246331539e+02 1.818020000000000000e+05
7.602914782916944114e-01 2.993363779079524534e+02 1.844300000000000000e+05
7.665892437025125794e-01 2.991058485728834739e+02 1.872420000000000000e+05
7.728738187058056264e-01 2.957262122479863820e+02 1.902500000000000000e+05
7.791494140893913123e-01 2.924961894989162374e+02 1.925700000000000000e+05
7.854515901778583720e-01 2.908023725841202918e+02 1.982540000000000000e+05
7.917409748104085043e-01 2.883197250136595926e+02 1.980740000000000000e+05
7.979940385111662371e-01 2.857514787121947393e+02 2.020500000000000000e+05
8.042571846768763466e-01 2.829554522499604445e+02 2.055020000000000000e+05
8.105619462845171652e-01 2.831342409240031657e+02 2.106660000000000000e+05
8.168641867275381330e-01 2.798058753201808599e+02 2.124260000000000000e+05
8.231256696255031535e-01 2.786057336805851037e+02 2.139180000000000000e+05
8.294110748726144511e-01 2.761547702604840993e+02 2.209940000000000000e+05
8.357113707437004990e-01 2.717776995541121323e+02 2.215220000000000000e+05
8.419948002460609926e-01 2.702890880053751630e+02 2.263140000000000000e+05
8.482593350903800955e-01 2.689308999213589004e+02 2.272940000000000000e+05
8.545301115901441369e-01 2.675867705049425922e+02 2.329620000000000000e+05
8.608435414229801408e-01 2.649057797473282108e+02 2.378180000000000000e+05
8.671393362117422177e-01 2.627763259794831470e+02 2.383980000000000000e+05
8.733948081113820372e-01 2.610307349355950350e+02 2.414180000000000000e+05
8.796646205952306508e-01 2.598263531216464912e+02 2.468180000000000000e+05
8.859565087287600837e-01 2.562288416471319010e+02 2.499060000000000000e+05
8.922534924202312201e-01 2.560522425328434224e+02 2.547020000000000000e+05
8.985217857854136403e-01 2.547138597631121684e+02 2.544180000000000000e+05
9.047744920414614311e-01 2.530183766810134216e+02 2.603540000000000000e+05
9.110610772062064378e-01 2.505000027629648116e+02 2.649740000000000000e+05
9.173652030728716156e-01 2.476471488568267034e+02 2.687220000000000000e+05
9.236564978724189912e-01 2.463663405741314136e+02 2.715620000000000000e+05
9.299448038968107788e-01 2.453297211649068288e+02 2.755860000000000000e+05
9.362445064485998003e-01 2.428262133831274809e+02 2.801900000000000000e+05
9.425390102875164100e-01 2.416614632997843444e+02 2.828340000000000000e+05
9.488116425969939094e-01 2.407870348963667482e+02 2.851700000000000000e+05
9.550714374598537892e-01 2.384089974132418206e+02 2.898860000000000000e+05
9.613552636148307018e-01 2.376983696902364329e+02 2.944740000000000000e+05
9.676548604748713700e-01 2.352183679074578606e+02 2.994980000000000000e+05
9.739319897320198871e-01 2.346822499922105294e+02 2.999580000000000000e+05
9.801989291478477861e-01 2.321908190728156853e+02 3.058580000000000000e+05
9.864886628427461668e-01 2.316634379419968184e+02 3.107940000000000000e+05
9.927793936164199806e-01 2.289734052602648262e+02 3.130820000000000000e+05
9.990361166530091763e-01 2.278847358472598046e+02 3.160460000000000000e+05
1.005310172388236056e+00 2.272911603406778909e+02 3.222180000000000000e+05
1.011625805491854102e+00 2.255181390186302508e+02 3.285620000000000000e+05
1.017917766942204150e+00 2.243722293629436138e+02 3.279900000000000000e+05
1.024197689983066040e+00 2.225191459861781311e+02 3.352820000000000000e+05
1.030472573734562358e+00 2.214657247808031570e+02 3.359700000000000000e+05
1.036757776698311151e+00 2.204003754135612212e+02 3.440660000000000000e+05
1.043033361905228329e+00 2.189327287698005762e+02 3.437180000000000000e+05
1.049301684494551079e+00 2.164694706020171111e+02 3.514980000000000000e+05
1.055593059295673708e+00 2.163433446638161399e+02 3.544580000000000000e+05
1.061871457102441241e+00 2.152773754056726716e+02 3.585660000000000000e+05
1.068178001041605985e+00 2.133187689249392918e+02 3.661220000000000000e+05
1.074470180493512173e+00 2.115968423197285802e+02 3.658100000000000000e+05
1.080737053769623701e+00 2.109734623950580215e+02 3.716220000000000000e+05
1.087020489212936480e+00 2.094336165454581362e+02 3.759860000000000000e+05
1.093314462971749057e+00 2.077299956868911863e+02 3.821700000000000000e+05
1.099587869600829659e+00 2.083310589788995344e+02 3.818180000000000000e+05
1.105847463881620474e+00 2.046197460285253840e+02 3.895740000000000000e+05
1.112134280670179054e+00 2.050535084379880857e+02 3.936980000000000000e+05
1.118428377412835406e+00 2.036192033880639656e+02 3.994580000000000000e+05
1.124715645780198781e+00 2.024846815226243564e+02 4.022220000000000000e+05
1.130996124361501431e+00 2.013134516081517518e+02 4.069220000000000000e+05
1.137284456696317392e+00 2.001393630629892471e+02 4.128420000000000000e+05
1.143571288435853983e+00 1.987918961394205439e+02 4.153460000000000000e+05
1.149847667202570811e+00 1.979739487807605940e+02 4.211820000000000000e+05
1.156130444085272213e+00 1.966679132224566615e+02 4.250180000000000000e+05
1.162419353814765133e+00 1.947875238272326328e+02 4.311380000000000000e+05
1.168705445387328012e+00 1.942900447932772749e+02 4.343820000000000000e+05
1.174988745725767281e+00 1.934773743042097749e+02 4.395140000000000000e+05
1.181273977502684147e+00 1.923795076220396254e+02 4.447380000000000000e+05
1.187562659051211167e+00 1.907804414760850875e+02 4.489100000000000000e+05
1.193823213156303353e+00 1.900867015611270006e+02 4.506180000000000000e+05
1.200093696126397269e+00 1.889133006905503009e+02 4.595540000000000000e+05
1.206384684590767753e+00 1.883303151497931935e+02 4.631060000000000000e+05
1.212657716259795793e+00 1.864526129929576257e+02 4.670940000000000000e+05
1.218950061014193453e+00 1.862668717160076994e+02 4.749380000000000000e+05
1.225240784026401242e+00 1.849704934887224965e+02 4.771860000000000000e+05
1.231532244371714047e+00 1.842377697975140336e+02 4.846700000000000000e+05
1.237823116543606217e+00 1.832471213998409212e+02 4.870100000000000000e+05
1.244104630523539479e+00 1.824500207482985275e+02 4.933140000000000000e+05
1.250385916236761652e+00 1.814985999353679347e+02 4.963220000000000000e+05
1.256652750742101254e+00 1.793671813181335892e+02 5.017020000000000000e+05
1.262935091931613352e+00 1.791135883703627201e+02 5.085620000000000000e+05
1.269233477511062080e+00 1.783475227939075296e+02 5.142420000000000000e+05
1.275514616938773216e+00 1.773013116187904075e+02 5.161580000000000000e+05
1.281786872211649220e+00 1.761589449712415956e+02 5.226020000000000000e+05
1.288079462048372426e+00 1.747615568317064856e+02 5.306580000000000000e+05
1.294361149637119013e+00 1.743286002239552204e+02 5.300420000000000000e+05
1.300627926004322754e+00 1.735166229715007091e+02 5.388780000000000000e+05
1.306914643728855463e+00 1.733137732664519035e+02 5.441300000000000000e+05
1.313214369136572968e+00 1.725222780031318166e+02 5.511060000000000000e+05
1.319506178663429896e+00 1.706983260421265811e+02 5.539820000000000000e+05
1.325784332573166857e+00 1.698579910205636736e+02 5.582420000000000000e+05
1.332057263563118710e+00 1.692138772850947817e+02 5.645460000000000000e+05
1.338340549575027794e+00 1.683750259584102764e+02 5.704940000000000000e+05
1.344633835480066875e+00 1.676061330830041243e+02 5.767620000000000000e+05
1.350907484373135237e+00 1.663499649318265483e+02 5.782340000000000000e+05
1.357175487163077676e+00 1.656457093855802611e+02 5.856660000000000000e+05
1.363467141694861828e+00 1.652240960841020581e+02 5.944460000000000000e+05
1.369755686854475130e+00 1.641229705795214215e+02 5.952500000000000000e+05
1.376032186684321701e+00 1.636194611483420260e+02 6.034020000000000000e+05
1.382313839440675540e+00 1.619193117872852667e+02 6.073820000000000000e+05
1.388610058625191268e+00 1.611494475911840993e+02 6.170100000000000000e+05
1.394895499348251855e+00 1.605210638594012948e+02 6.167780000000000000e+05
1.401166240321837453e+00 1.593956070896000767e+02 6.247460000000000000e+05
1.407434432864556273e+00 1.591331041857998798e+02 6.280620000000000000e+05
1.413722933193898301e+00 1.578585118039522683e+02 6.394100000000000000e+05
1.420027475896342928e+00 1.573507442606480140e+02 6.429540000000000000e+05
1.426307149789788564e+00 1.562382477176873010e+02 6.459740000000000000e+05
1.432584485912613337e+00 1.560828260734128037e+02 6.534900000000000000e+05
1.438876982104692948e+00 1.547071708858065335e+02 6.607460000000000000e+05
1.445167658311597991e+00 1.541403637065025976e+02 6.646460000000000000e+05
1.451434581318592487e+00 1.537084292574215567e+02 6.672900000000000000e+05
1.457714146029685631e+00 1.532673184359966569e+02 6.790340000000000000e+05
1.464013702919821469e+00 1.516806981307374826e+02 6.827220000000000000e+05
1.470311375243267715e+00 1.509747705510518188e+02 6.912380000000000000e+05
1.476585168270965198e+00 1.508597671985771740e+02 6.886020000000000000e+05
1.482847620858654736e+00 1.502702024829594620e+02 7.008260000000000000e+05
1.489134257848029552e+00 1.490485147979509861e+02 7.056620000000000000e+05
1.495410090151012339e+00 1.484029909272054226e+02 7.100820000000000000e+05
1.501688804650891385e+00 1.477513720060214268e+02 7.191620000000000000e+05
1.507973225127458239e+00 1.468160225274959600e+02 7.222500000000000000e+05
1.514255586288884459e+00 1.462965540094367043e+02 7.315100000000000000e+05
1.520548655276809047e+00 1.457579645654444391e+02 7.364420000000000000e+05
1.526828765310179747e+00 1.449540111690307640e+02 7.408980000000000000e+05
1.533114430439595610e+00 1.441821601850164996e+02 7.501580000000000000e+05
1.539410813276927970e+00 1.435018880879392214e+02 7.548660000000000000e+05
1.545694858079805112e+00 1.428818909590965518e+02 7.608260000000000000e+05
1.551969964575633298e+00 1.419037868576872938e+02 7.640340000000000000e+05
1.558245721095042446e+00 1.413695073062652057e+02 7.738460000000000000e+05
1.564534844516594525e+00 1.411118265800745633e+02 7.797140000000000000e+05
1.570816980798636520e+00 1.398694995450967724e+02 7.843140000000000000e+05
1.577093092211928615e+00 1.392926918211830412e+02 7.913420000000000000e+05
1.583381338673179872e+00 1.386026116658324270e+02 7.994580000000000000e+05
1.589671280639133322e+00 1.384279018359777922e+02 8.049620000000000000e+05
1.595952830483094553e+00 1.374234275952319706e+02 8.095500000000000000e+05
1.602217313416965272e+00 1.371716304973317051e+02 8.134580000000000000e+05
