# Real space DM power spectrum.
# The power spectum is corrected for shot-noise and window function.
# Ngrid=512	Interlacing was set to True.
# redshift=2.013288	model=tabulated	Hz_file=/g100/home/userexternal/mbaldi00/SOURCE/CoDECS2/LCDM_CoDECS2_recalibrated/Hz.dat	zDf_file=None	H0=67.66	Om=0.311049	Ob=0.04897468161869667	sigma8=0.7882104124	ns=0.9665	Tcmb=0.0	Neff=3.046	m_nu=[0]	Fid_model=w0waCDM	Fid_H0=67.6591	Fid_Om=0.311367	Fid_w0=-1.0001	Fid_wa=-0.0025	
# n_dm=1.073742e+00[h/Mpc]^3
# k[h/Mpc]		Pk_dm[Mpc^3/h^3]		Nmodes
8.018239401280879974e-03 3.108795239925384521e+03 1.800000000000000000e+01
1.401654949351664563e-02 3.699012729844739169e+03 6.200000000000000000e+01
1.969250245970122562e-02 2.748058473343751757e+03 9.800000000000000000e+01
2.551337480545044084e-02 4.190799629806337180e+03 2.100000000000000000e+02
3.202906010406358223e-02 3.252221534568241623e+03 3.500000000000000000e+02
3.846520933840009981e-02 2.807894232980940160e+03 4.500000000000000000e+02
4.443307405343879801e-02 2.249575529584853030e+03 6.020000000000000000e+02
5.042305588722229004e-02 2.003652010758717779e+03 7.620000000000000000e+02
5.690925724269420977e-02 1.881521173047100774e+03 1.142000000000000000e+03
6.341842361688614094e-02 1.638195077425384625e+03 1.250000000000000000e+03
6.949987936003544642e-02 1.548354171252544802e+03 1.458000000000000000e+03
7.558128466088295805e-02 1.547662668605097906e+03 1.814000000000000000e+03
8.196268225887480552e-02 1.262468126461197244e+03 2.178000000000000000e+03
8.830226267620121250e-02 1.146494317937794449e+03 2.498000000000000000e+03
9.435210882776298713e-02 1.016195012284270888e+03 2.622000000000000000e+03
1.005600000334900268e-01 9.603619668202317143e+02 3.338000000000000000e+03
1.070138172820522676e-01 8.207210148783668728e+02 3.722000000000000000e+03
1.134272720352065417e-01 7.591102841400128227e+02 4.170000000000000000e+03
1.196088736356262089e-01 7.405332253831633125e+02 4.358000000000000000e+03
1.257803526943431782e-01 7.057417505282847969e+02 5.034000000000000000e+03
1.321489366516601371e-01 6.544087631796721780e+02 5.714000000000000000e+03
1.384562346816501366e-01 6.090021444932547183e+02 5.982000000000000000e+03
1.446496334058954558e-01 5.800741681857601861e+02 6.602000000000000000e+03
1.508534077925902661e-01 5.241066858405317817e+02 7.130000000000000000e+03
1.571727997187746806e-01 4.866443557923250296e+02 8.034000000000000000e+03
1.635416756874734368e-01 4.413570808648453863e+02 8.606000000000000000e+03
1.698255044437522454e-01 4.095960875290685976e+02 9.066000000000000000e+03
1.761012440422073944e-01 4.023859580919173595e+02 9.962000000000000000e+03
1.823997330750334323e-01 3.792514025438679255e+02 1.055000000000000000e+04
1.886505794152418258e-01 3.762834912504335421e+02 1.122600000000000000e+04
1.949080233860110145e-01 3.524012148862769891e+02 1.214600000000000000e+04
2.011423980633682551e-01 3.267288392530856527e+02 1.260600000000000000e+04
2.073952711124279202e-01 3.093374065950700924e+02 1.380200000000000000e+04
2.137387912274538171e-01 2.948938434820470889e+02 1.475400000000000000e+04
2.200329442788883927e-01 2.842531910491833855e+02 1.519400000000000000e+04
2.262928915227388205e-01 2.633554769878009552e+02 1.645400000000000000e+04
2.325983565681614684e-01 2.489014569520255122e+02 1.715400000000000000e+04
2.388889575828848644e-01 2.419118560085445040e+02 1.826600000000000000e+04
2.451217204984029174e-01 2.303699040920512005e+02 1.875000000000000000e+04
2.513735730109318833e-01 2.213082741437793004e+02 2.023400000000000000e+04
2.577068704519516196e-01 2.103577683344754234e+02 2.145000000000000000e+04
2.640202590165574015e-01 2.096151895827472345e+02 2.196200000000000000e+04
2.702896249217050517e-01 1.995054262106543206e+02 2.346200000000000000e+04
2.765613443273721161e-01 1.884953890134387677e+02 2.404200000000000000e+04
2.828696817722480827e-01 1.828204888799439800e+02 2.594600000000000000e+04
2.891484548613966754e-01 1.702791835897156432e+02 2.611800000000000000e+04
2.953521325173381618e-01 1.669065491624600668e+02 2.750600000000000000e+04
3.016073414663040242e-01 1.626677278623211578e+02 2.906600000000000000e+04
3.079380380657114613e-01 1.571612061610167075e+02 3.045000000000000000e+04
3.142758188292146815e-01 1.498177638093552844e+02 3.174200000000000000e+04
3.205460861690284657e-01 1.463279487432139945e+02 3.225000000000000000e+04
3.268125857401938394e-01 1.393423854545816027e+02 3.425000000000000000e+04
3.331235790942642661e-01 1.379774042263096590e+02 3.545400000000000000e+04
3.394044287142444771e-01 1.333472770850430891e+02 3.643400000000000000e+04
3.456389225992096970e-01 1.267422616300445668e+02 3.768200000000000000e+04
3.518805674449744791e-01 1.232246045389387632e+02 3.929400000000000000e+04
3.582029755837912721e-01 1.195715741569057968e+02 4.142600000000000000e+04
3.645115539318926068e-01 1.163125204339900449e+02 4.206600000000000000e+04
3.707638220461956791e-01 1.124497075472516201e+02 4.349000000000000000e+04
3.770538406945189158e-01 1.087571593298963677e+02 4.570200000000000000e+04
3.833585849945114754e-01 1.065446713354072585e+02 4.663400000000000000e+04
3.896511111060295685e-01 1.027366038578102803e+02 4.855400000000000000e+04
3.958767350353735170e-01 1.006351190050857696e+02 4.887000000000000000e+04
4.021123550664917334e-01 9.753397594732267351e+01 5.155400000000000000e+04
4.084534706459355680e-01 9.553603738101402598e+01 5.409000000000000000e+04
4.147693430455148822e-01 9.342572164970972892e+01 5.431400000000000000e+04
4.210541279197388409e-01 8.989774964467814300e+01 5.691000000000000000e+04
4.273285528543883660e-01 8.813555053348792967e+01 5.748200000000000000e+04
4.336210871857300031e-01 8.605859924110714587e+01 6.062600000000000000e+04
4.399178901492071248e-01 8.308883884746732917e+01 6.120600000000000000e+04
4.461481615369914944e-01 8.102137840029263316e+01 6.257000000000000000e+04
4.524185591367541615e-01 7.973958872920317731e+01 6.573000000000000000e+04
4.587151924004577719e-01 7.691325499788850095e+01 6.668600000000000000e+04
4.650253487526455620e-01 7.579725643769477017e+01 6.969800000000000000e+04
4.713138026405762626e-01 7.325713599791473030e+01 7.002600000000000000e+04
4.775801322871031096e-01 7.203551408994340477e+01 7.274600000000000000e+04
4.838809178367569630e-01 6.976489288393477750e+01 7.491000000000000000e+04
4.901499165155780435e-01 6.934269290305283562e+01 7.572200000000000000e+04
4.963993143780123241e-01 6.718772868976994062e+01 7.837800000000000000e+04
5.026659111298577010e-01 6.608475889483347032e+01 8.003000000000000000e+04
5.089643413427887841e-01 6.429193614680399094e+01 8.318600000000000000e+04
5.152747315442799403e-01 6.282981530835997575e+01 8.466600000000000000e+04
5.215661708673858810e-01 6.152680373971447381e+01 8.654600000000000000e+04
5.278286396879566800e-01 6.088109374598723633e+01 8.813400000000000000e+04
5.341160320652750260e-01 5.930831560843417805e+01 9.153800000000000000e+04
5.404304286902661403e-01 5.796279690400763940e+01 9.313800000000000000e+04
5.466976878455739319e-01 5.659304817836405732e+01 9.447800000000000000e+04
5.529595373159058580e-01 5.569888693666194968e+01 9.727400000000000000e+04
5.592440147746206014e-01 5.492075386233908318e+01 9.969000000000000000e+04
5.655545845518847869e-01 5.333144182737301975e+01 1.025900000000000000e+05
5.718545124332512497e-01 5.271631161638384810e+01 1.037700000000000000e+05
5.781226402320145397e-01 5.131316240836460452e+01 1.063460000000000000e+05
5.844054810026423352e-01 5.069126600534140437e+01 1.085460000000000000e+05
5.906692678833675991e-01 4.958802699097886801e+01 1.107260000000000000e+05
5.969160111309492756e-01 4.869730761359342353e+01 1.123220000000000000e+05
6.031708558297608214e-01 4.785807254144285139e+01 1.158900000000000000e+05
6.094688112237535149e-01 4.687821045672345122e+01 1.187660000000000000e+05
6.158118423264375974e-01 4.608606936965180267e+01 1.222980000000000000e+05
6.221022681713845870e-01 4.541900095720531283e+01 1.220900000000000000e+05
6.283660508217905338e-01 4.475916307835328212e+01 1.258100000000000000e+05
6.346461619227155015e-01 4.394828581917498411e+01 1.281900000000000000e+05
6.409396473976692876e-01 4.310987778570636664e+01 1.309940000000000000e+05
6.472371834330832296e-01 4.253313727492311358e+01 1.337220000000000000e+05
6.534767429514126702e-01 4.173107678005939647e+01 1.338860000000000000e+05
6.597637022409679197e-01 4.086312803660710813e+01 1.405380000000000000e+05
6.660751593608625898e-01 4.037952639475732752e+01 1.405940000000000000e+05
6.723401943305717943e-01 3.954527115492754064e+01 1.435940000000000000e+05
6.786079373829640993e-01 3.916229030215302487e+01 1.463100000000000000e+05
6.849135514418230875e-01 3.852832561655610988e+01 1.506500000000000000e+05
6.912250943479077980e-01 3.779126718011417552e+01 1.519140000000000000e+05
6.974710436131158486e-01 3.719962437384538845e+01 1.533980000000000000e+05
7.037307548900212373e-01 3.693922269795746161e+01 1.578660000000000000e+05
7.100217936516199924e-01 3.628005189786644280e+01 1.606580000000000000e+05
7.163250787242370077e-01 3.550976894163660802e+01 1.641020000000000000e+05
7.226009447591926760e-01 3.518555743314237816e+01 1.649940000000000000e+05
7.288716701068771453e-01 3.459563061937922157e+01 1.698500000000000000e+05
7.351879459163250807e-01 3.409213308075547388e+01 1.729860000000000000e+05
7.414685146977839647e-01 3.373995418018917292e+01 1.738940000000000000e+05
7.477104477723024445e-01 3.330043137666805109e+01 1.767780000000000000e+05
7.539885226758882286e-01 3.282573455346892644e+01 1.818020000000000000e+05
7.602914782916944114e-01 3.228487056099152852e+01 1.844300000000000000e+05
7.665892437025125794e-01 3.197612340438495693e+01 1.872420000000000000e+05
7.728738187058056264e-01 3.152745009292723211e+01 1.902500000000000000e+05
7.791494140893913123e-01 3.105348814356492326e+01 1.925700000000000000e+05
7.854515901778583720e-01 3.045991291117547561e+01 1.982540000000000000e+05
7.917409748104085043e-01 3.029489338507635310e+01 1.980740000000000000e+05
7.979940385111662371e-01 2.982814290422639303e+01 2.020500000000000000e+05
8.042571846768763466e-01 2.939339932590130289e+01 2.055020000000000000e+05
8.105619462845171652e-01 2.894930600332305914e+01 2.106660000000000000e+05
8.168641867275381330e-01 2.881004383062682095e+01 2.124260000000000000e+05
8.231256696255031535e-01 2.818096344152154842e+01 2.139180000000000000e+05
8.294110748726144511e-01 2.787624233664907791e+01 2.209940000000000000e+05
8.357113707437004990e-01 2.771669206952821796e+01 2.215220000000000000e+05
8.419948002460609926e-01 2.702838606029000346e+01 2.263140000000000000e+05
8.482593350903800955e-01 2.694384570963311276e+01 2.272940000000000000e+05
8.545301115901441369e-01 2.649572132095547516e+01 2.329620000000000000e+05
8.608435414229801408e-01 2.631737811246456005e+01 2.378180000000000000e+05
8.671393362117422177e-01 2.588982944847196421e+01 2.383980000000000000e+05
8.733948081113820372e-01 2.564186583718480250e+01 2.414180000000000000e+05
8.796646205952306508e-01 2.549072119852910490e+01 2.468180000000000000e+05
8.859565087287600837e-01 2.509300457239179494e+01 2.499060000000000000e+05
8.922534924202312201e-01 2.484488648538404831e+01 2.547020000000000000e+05
8.985217857854136403e-01 2.440497438550526610e+01 2.544180000000000000e+05
9.047744920414614311e-01 2.412413461060157260e+01 2.603540000000000000e+05
9.110610772062064378e-01 2.402688464571557247e+01 2.649740000000000000e+05
9.173652030728716156e-01 2.355784280819650078e+01 2.687220000000000000e+05
9.236564978724189912e-01 2.340759082269342528e+01 2.715620000000000000e+05
9.299448038968107788e-01 2.317355031442822977e+01 2.755860000000000000e+05
9.362445064485998003e-01 2.288129921773970921e+01 2.801900000000000000e+05
9.425390102875164100e-01 2.263476212524380315e+01 2.828340000000000000e+05
9.488116425969939094e-01 2.230975818423012313e+01 2.851700000000000000e+05
9.550714374598537892e-01 2.219028902442690310e+01 2.898860000000000000e+05
9.613552636148307018e-01 2.194878229033015415e+01 2.944740000000000000e+05
9.676548604748713700e-01 2.175352840936438170e+01 2.994980000000000000e+05
9.739319897320198871e-01 2.153615287194703853e+01 2.999580000000000000e+05
9.801989291478477861e-01 2.128171092459003688e+01 3.058580000000000000e+05
9.864886628427461668e-01 2.109713357318660343e+01 3.107940000000000000e+05
9.927793936164199806e-01 2.087059992492138250e+01 3.130820000000000000e+05
9.990361166530091763e-01 2.059400285269573416e+01 3.160460000000000000e+05
1.005310172388236056e+00 2.044160972587673442e+01 3.222180000000000000e+05
1.011625805491854102e+00 2.022822417759567060e+01 3.285620000000000000e+05
1.017917766942204150e+00 2.005063724123256819e+01 3.279900000000000000e+05
1.024197689983066040e+00 1.988809510960258464e+01 3.352820000000000000e+05
1.030472573734562358e+00 1.960034096677214421e+01 3.359700000000000000e+05
1.036757776698311151e+00 1.953149705882694320e+01 3.440660000000000000e+05
1.043033361905228329e+00 1.923984390488224960e+01 3.437180000000000000e+05
1.049301684494551079e+00 1.906146543555812300e+01 3.514980000000000000e+05
1.055593059295673708e+00 1.888968019581148283e+01 3.544580000000000000e+05
1.061871457102441241e+00 1.873486719240091603e+01 3.585660000000000000e+05
1.068178001041605985e+00 1.860578390901565982e+01 3.661220000000000000e+05
1.074470180493512173e+00 1.844451460862171999e+01 3.658100000000000000e+05
1.080737053769623701e+00 1.825604388915684950e+01 3.716220000000000000e+05
1.087020489212936480e+00 1.794874875782775092e+01 3.759860000000000000e+05
1.093314462971749057e+00 1.788750543386242242e+01 3.821700000000000000e+05
1.099587869600829659e+00 1.776754835341829519e+01 3.818180000000000000e+05
1.105847463881620474e+00 1.753759603904970277e+01 3.895740000000000000e+05
1.112134280670179054e+00 1.740710815147406265e+01 3.936980000000000000e+05
1.118428377412835406e+00 1.721957939755681366e+01 3.994580000000000000e+05
1.124715645780198781e+00 1.705322078701068733e+01 4.022220000000000000e+05
1.130996124361501431e+00 1.696751553195040074e+01 4.069220000000000000e+05
1.137284456696317392e+00 1.681128597780893585e+01 4.128420000000000000e+05
1.143571288435853983e+00 1.666964023711257425e+01 4.153460000000000000e+05
1.149847667202570811e+00 1.652941055263117320e+01 4.211820000000000000e+05
1.156130444085272213e+00 1.633690606511272136e+01 4.250180000000000000e+05
1.162419353814765133e+00 1.625435579286778776e+01 4.311380000000000000e+05
1.168705445387328012e+00 1.611613565339580845e+01 4.343820000000000000e+05
1.174988745725767281e+00 1.598575060166559680e+01 4.395140000000000000e+05
1.181273977502684147e+00 1.585346082594844930e+01 4.447380000000000000e+05
1.187562659051211167e+00 1.574297962404349249e+01 4.489100000000000000e+05
1.193823213156303353e+00 1.560667635130403852e+01 4.506180000000000000e+05
1.200093696126397269e+00 1.540757122241381438e+01 4.595540000000000000e+05
1.206384684590767753e+00 1.532045563598857285e+01 4.631060000000000000e+05
1.212657716259795793e+00 1.517294016479029395e+01 4.670940000000000000e+05
1.218950061014193453e+00 1.501844139457628913e+01 4.749380000000000000e+05
1.225240784026401242e+00 1.500432306461115495e+01 4.771860000000000000e+05
1.231532244371714047e+00 1.487960135300537878e+01 4.846700000000000000e+05
1.237823116543606217e+00 1.478060223185666899e+01 4.870100000000000000e+05
1.244104630523539479e+00 1.458110156092496901e+01 4.933140000000000000e+05
1.250385916236761652e+00 1.452682657049595960e+01 4.963220000000000000e+05
1.256652750742101254e+00 1.446003922980228396e+01 5.017020000000000000e+05
1.262935091931613352e+00 1.432126413064366410e+01 5.085620000000000000e+05
1.269233477511062080e+00 1.416370466936692729e+01 5.142420000000000000e+05
1.275514616938773216e+00 1.407823651388067887e+01 5.161580000000000000e+05
1.281786872211649220e+00 1.399429768707506128e+01 5.226020000000000000e+05
1.288079462048372426e+00 1.387992779756396722e+01 5.306580000000000000e+05
1.294361149637119013e+00 1.378720161780700870e+01 5.300420000000000000e+05
1.300627926004322754e+00 1.367641702507127732e+01 5.388780000000000000e+05
1.306914643728855463e+00 1.352034063086850502e+01 5.441300000000000000e+05
1.313214369136572968e+00 1.349088658296945198e+01 5.511060000000000000e+05
1.319506178663429896e+00 1.340259892463901004e+01 5.539820000000000000e+05
1.325784332573166857e+00 1.326437749811283595e+01 5.582420000000000000e+05
1.332057263563118710e+00 1.318587070989986643e+01 5.645460000000000000e+05
1.338340549575027794e+00 1.304944321783808014e+01 5.704940000000000000e+05
1.344633835480066875e+00 1.293514487643018640e+01 5.767620000000000000e+05
1.350907484373135237e+00 1.288244226799149317e+01 5.782340000000000000e+05
1.357175487163077676e+00 1.278239309267611823e+01 5.856660000000000000e+05
1.363467141694861828e+00 1.270442398604772727e+01 5.944460000000000000e+05
1.369755686854475130e+00 1.262133933214638581e+01 5.952500000000000000e+05
1.376032186684321701e+00 1.255140121483168869e+01 6.034020000000000000e+05
1.382313839440675540e+00 1.244561813156284025e+01 6.073820000000000000e+05
1.388610058625191268e+00 1.238151352204421940e+01 6.170100000000000000e+05
1.394895499348251855e+00 1.228843639862935255e+01 6.167780000000000000e+05
1.401166240321837453e+00 1.218282621545280620e+01 6.247460000000000000e+05
1.407434432864556273e+00 1.209889020692519779e+01 6.280620000000000000e+05
1.413722933193898301e+00 1.206104929945593085e+01 6.394100000000000000e+05
1.420027475896342928e+00 1.195797899283724774e+01 6.429540000000000000e+05
1.426307149789788564e+00 1.189022442263208923e+01 6.459740000000000000e+05
1.432584485912613337e+00 1.177500805018367558e+01 6.534900000000000000e+05
1.438876982104692948e+00 1.166137870545280819e+01 6.607460000000000000e+05
1.445167658311597991e+00 1.166308181508971842e+01 6.646460000000000000e+05
1.451434581318592487e+00 1.159316977503759460e+01 6.672900000000000000e+05
1.457714146029685631e+00 1.150584257469957805e+01 6.790340000000000000e+05
1.464013702919821469e+00 1.142860577103619235e+01 6.827220000000000000e+05
1.470311375243267715e+00 1.134930725186975486e+01 6.912380000000000000e+05
1.476585168270965198e+00 1.126986040190797134e+01 6.886020000000000000e+05
1.482847620858654736e+00 1.122416823194706481e+01 7.008260000000000000e+05
1.489134257848029552e+00 1.113062209577912931e+01 7.056620000000000000e+05
1.495410090151012339e+00 1.104098344074612648e+01 7.100820000000000000e+05
1.501688804650891385e+00 1.099503059754879075e+01 7.191620000000000000e+05
1.507973225127458239e+00 1.094077711385804186e+01 7.222500000000000000e+05
1.514255586288884459e+00 1.084259985980100360e+01 7.315100000000000000e+05
1.520548655276809047e+00 1.078599257036539072e+01 7.364420000000000000e+05
1.526828765310179747e+00 1.070666268111473052e+01 7.408980000000000000e+05
1.533114430439595610e+00 1.068884411026957260e+01 7.501580000000000000e+05
1.539410813276927970e+00 1.059520398771478966e+01 7.548660000000000000e+05
1.545694858079805112e+00 1.053211190317576396e+01 7.608260000000000000e+05
1.551969964575633298e+00 1.048019445211369849e+01 7.640340000000000000e+05
1.558245721095042446e+00 1.038184826299303687e+01 7.738460000000000000e+05
1.564534844516594525e+00 1.032532281074376712e+01 7.797140000000000000e+05
1.570816980798636520e+00 1.025484138522713451e+01 7.843140000000000000e+05
1.577093092211928615e+00 1.018377683878605922e+01 7.913420000000000000e+05
1.583381338673179872e+00 1.015400148243317169e+01 7.994580000000000000e+05
1.589671280639133322e+00 1.008543101126807784e+01 8.049620000000000000e+05
1.595952830483094553e+00 1.005391490299553858e+01 8.095500000000000000e+05
1.602217313416965272e+00 9.967082751781212835e+00 8.134580000000000000e+05
