# Real space DM power spectrum.
# The power spectum is corrected for shot-noise and window function.
# Ngrid=512	Interlacing was set to True.
# redshift=1.000000	model=tabulated	Hz_file=/g100/home/userexternal/mbaldi00/SOURCE/CoDECS2/LCDM_CoDECS2_recalibrated/Hz.dat	zDf_file=None	H0=67.66	Om=0.311049	Ob=0.04897468161869667	sigma8=0.7882104124	ns=0.9665	Tcmb=0.0	Neff=3.046	m_nu=[0]	Fid_model=w0waCDM	Fid_H0=67.6591	Fid_Om=0.311367	Fid_w0=-1.0001	Fid_wa=-0.0025	
# n_dm=1.073742e+00[h/Mpc]^3
# k[h/Mpc]		Pk_dm[Mpc^3/h^3]		Nmodes
8.018239401280879974e-03 6.614964944786494925e+03 1.800000000000000000e+01
1.401654949351664563e-02 7.874862528231836222e+03 6.200000000000000000e+01
1.969250245970122562e-02 5.831064213139669846e+03 9.800000000000000000e+01
2.551337480545044084e-02 8.867954391711100470e+03 2.100000000000000000e+02
3.202906010406358223e-02 6.886113677425384594e+03 3.500000000000000000e+02
3.846520933840009981e-02 5.938214232980940324e+03 4.500000000000000000e+02
4.443307405343879801e-02 4.747669591046646929e+03 6.020000000000000000e+02
5.042305588722229004e-02 4.238727798160292878e+03 7.620000000000000000e+02
5.690925724269420977e-02 3.994304666917503710e+03 1.142000000000000000e+03
6.341842361688614094e-02 3.460570677425384474e+03 1.250000000000000000e+03
6.949987936003544642e-02 3.285463053282723195e+03 1.458000000000000000e+03
7.558128466088295805e-02 3.285861400688890626e+03 1.814000000000000000e+03
8.196268225887480552e-02 2.674321432246320910e+03 2.178000000000000000e+03
8.830226267620121250e-02 2.420841295519860068e+03 2.498000000000000000e+03
9.435210882776298713e-02 2.151487060339190975e+03 2.622000000000000000e+03
1.005600000334900268e-01 2.044308941056301364e+03 3.338000000000000000e+03
1.070138172820522676e-01 1.744377919768211086e+03 3.722000000000000000e+03
1.134272720352065417e-01 1.632133425626823509e+03 4.170000000000000000e+03
1.196088736356262089e-01 1.586211403446495069e+03 4.358000000000000000e+03
1.257803526943431782e-01 1.505829205832218122e+03 5.034000000000000000e+03
1.321489366516601371e-01 1.406670007491887873e+03 5.714000000000000000e+03
1.384562346816501366e-01 1.300261087990412761e+03 5.982000000000000000e+03
1.446496334058954558e-01 1.247518010960676747e+03 6.602000000000000000e+03
1.508534077925902661e-01 1.132463978968161655e+03 7.130000000000000000e+03
1.571727997187746806e-01 1.053421179292449551e+03 8.034000000000000000e+03
1.635416756874734368e-01 9.613072900212479226e+02 8.606000000000000000e+03
1.698255044437522454e-01 8.963482935736307127e+02 9.066000000000000000e+03
1.761012440422073944e-01 8.802895166143024426e+02 9.962000000000000000e+03
1.823997330750334323e-01 8.307667816907872975e+02 1.055000000000000000e+04
1.886505794152418258e-01 8.245519305876863427e+02 1.122600000000000000e+04
1.949080233860110145e-01 7.706027627209550701e+02 1.214600000000000000e+04
2.011423980633682551e-01 7.218167339064253838e+02 1.260600000000000000e+04
2.073952711124279202e-01 6.783245099134297789e+02 1.380200000000000000e+04
2.137387912274538171e-01 6.520819619583924123e+02 1.475400000000000000e+04
2.200329442788883927e-01 6.365389946558701695e+02 1.519400000000000000e+04
2.262928915227388205e-01 5.909267666438116748e+02 1.645400000000000000e+04
2.325983565681614684e-01 5.633159083919229033e+02 1.715400000000000000e+04
2.388889575828848644e-01 5.487868423219135821e+02 1.826600000000000000e+04
2.451217204984029174e-01 5.226963574253845763e+02 1.875000000000000000e+04
2.513735730109318833e-01 5.053185538709711295e+02 2.023400000000000000e+04
2.577068704519516196e-01 4.801701226468297250e+02 2.145000000000000000e+04
2.640202590165574015e-01 4.753845411900690010e+02 2.196200000000000000e+04
2.702896249217050517e-01 4.543325935450674251e+02 2.346200000000000000e+04
2.765613443273721161e-01 4.347634199592835671e+02 2.404200000000000000e+04
2.828696817722480827e-01 4.234005204840448187e+02 2.594600000000000000e+04
2.891484548613966754e-01 3.967044458609462367e+02 2.611800000000000000e+04
2.953521325173381618e-01 3.901267374850078795e+02 2.750600000000000000e+04
3.016073414663040242e-01 3.834636750170724326e+02 2.906600000000000000e+04
3.079380380657114613e-01 3.682246051757950340e+02 3.045000000000000000e+04
3.142758188292146815e-01 3.519413697573106674e+02 3.174200000000000000e+04
3.205460861690284657e-01 3.455121192858496215e+02 3.225000000000000000e+04
3.268125857401938394e-01 3.309416409290341790e+02 3.425000000000000000e+04
3.331235790942642661e-01 3.262018076786704910e+02 3.545400000000000000e+04
3.394044287142444771e-01 3.180755117010610888e+02 3.643400000000000000e+04
3.456389225992096970e-01 3.049181015536154860e+02 3.768200000000000000e+04
3.518805674449744791e-01 2.966189395519178333e+02 3.929400000000000000e+04
3.582029755837912721e-01 2.892259699469893235e+02 4.142600000000000000e+04
3.645115539318926068e-01 2.823650688103509765e+02 4.206600000000000000e+04
3.707638220461956791e-01 2.731217241027816272e+02 4.349000000000000000e+04
3.770538406945189158e-01 2.664599075684855052e+02 4.570200000000000000e+04
3.833585849945114754e-01 2.623852919126684924e+02 4.663400000000000000e+04
3.896511111060295685e-01 2.548426404356411581e+02 4.855400000000000000e+04
3.958767350353735170e-01 2.493170915854008740e+02 4.887000000000000000e+04
4.021123550664917334e-01 2.426129998833897048e+02 5.155400000000000000e+04
4.084534706459355680e-01 2.375447358465344507e+02 5.409000000000000000e+04
4.147693430455148822e-01 2.350207708083060254e+02 5.431400000000000000e+04
4.210541279197388409e-01 2.269874087555549806e+02 5.691000000000000000e+04
4.273285528543883660e-01 2.225704692906640787e+02 5.748200000000000000e+04
4.336210871857300031e-01 2.179905756208781895e+02 6.062600000000000000e+04
4.399178901492071248e-01 2.107106242933386682e+02 6.120600000000000000e+04
4.461481615369914944e-01 2.069439371345103211e+02 6.257000000000000000e+04
4.524185591367541615e-01 2.041774557609999192e+02 6.573000000000000000e+04
4.587151924004577719e-01 1.979666770055062841e+02 6.668600000000000000e+04
4.650253487526455620e-01 1.958230032310030424e+02 6.969800000000000000e+04
4.713138026405762626e-01 1.904385828890694370e+02 7.002600000000000000e+04
4.775801322871031096e-01 1.884443131991727682e+02 7.274600000000000000e+04
4.838809178367569630e-01 1.829935739679022220e+02 7.491000000000000000e+04
4.901499165155780435e-01 1.816547290352204982e+02 7.572200000000000000e+04
4.963993143780123241e-01 1.774080966501669820e+02 7.837800000000000000e+04
5.026659111298577010e-01 1.748415500981322452e+02 8.003000000000000000e+04
5.089643413427887841e-01 1.715183324154068885e+02 8.318600000000000000e+04
5.152747315442799403e-01 1.679691333344861448e+02 8.466600000000000000e+04
5.215661708673858810e-01 1.653555768776988941e+02 8.654600000000000000e+04
5.278286396879566800e-01 1.630870131414532125e+02 8.813400000000000000e+04
5.341160320652750260e-01 1.602097117499273224e+02 9.153800000000000000e+04
5.404304286902661403e-01 1.571394433855726049e+02 9.313800000000000000e+04
5.466976878455739319e-01 1.544883306779936163e+02 9.447800000000000000e+04
5.529595373159058580e-01 1.517194679757885467e+02 9.727400000000000000e+04
5.592440147746206014e-01 1.501606425171690660e+02 9.969000000000000000e+04
5.655545845518847869e-01 1.465276110446456812e+02 1.025900000000000000e+05
5.718545124332512497e-01 1.445870353322940502e+02 1.037700000000000000e+05
5.781226402320145397e-01 1.433314987820881186e+02 1.063460000000000000e+05
5.844054810026423352e-01 1.407684729037991929e+02 1.085460000000000000e+05
5.906692678833675991e-01 1.389008667937352186e+02 1.107260000000000000e+05
5.969160111309492756e-01 1.362072522370866068e+02 1.123220000000000000e+05
6.031708558297608214e-01 1.348149799536440696e+02 1.158900000000000000e+05
6.094688112237535149e-01 1.325713717991951910e+02 1.187660000000000000e+05
6.158118423264375974e-01 1.304761493382530944e+02 1.222980000000000000e+05
6.221022681713845870e-01 1.288911772206175499e+02 1.220900000000000000e+05
6.283660508217905338e-01 1.269820229464082928e+02 1.258100000000000000e+05
6.346461619227155015e-01 1.248319740943914553e+02 1.281900000000000000e+05
6.409396473976692876e-01 1.230189117872636899e+02 1.309940000000000000e+05
6.472371834330832296e-01 1.224618438452705504e+02 1.337220000000000000e+05
6.534767429514126702e-01 1.204416738551830122e+02 1.338860000000000000e+05
6.597637022409679197e-01 1.176692765515994950e+02 1.405380000000000000e+05
6.660751593608625898e-01 1.169968464795404657e+02 1.405940000000000000e+05
6.723401943305717943e-01 1.149057736828883236e+02 1.435940000000000000e+05
6.786079373829640993e-01 1.146337789222063321e+02 1.463100000000000000e+05
6.849135514418230875e-01 1.133607053045746937e+02 1.506500000000000000e+05
6.912250943479077980e-01 1.116542060797547578e+02 1.519140000000000000e+05
6.974710436131158486e-01 1.103148214429075722e+02 1.533980000000000000e+05
7.037307548900212373e-01 1.091915791268275200e+02 1.578660000000000000e+05
7.100217936516199924e-01 1.075358934992806326e+02 1.606580000000000000e+05
7.163250787242370077e-01 1.060511395525980873e+02 1.641020000000000000e+05
7.226009447591926760e-01 1.052989161007302954e+02 1.649940000000000000e+05
7.288716701068771453e-01 1.037038967365414237e+02 1.698500000000000000e+05
7.351879459163250807e-01 1.026021772461792665e+02 1.729860000000000000e+05
7.414685146977839647e-01 1.018398943736403623e+02 1.738940000000000000e+05
7.477104477723024445e-01 9.991549094290367350e+01 1.767780000000000000e+05
7.539885226758882286e-01 1.000705915957456966e+02 1.818020000000000000e+05
7.602914782916944114e-01 9.873931669231507158e+01 1.844300000000000000e+05
7.665892437025125794e-01 9.765122834878846447e+01 1.872420000000000000e+05
7.728738187058056264e-01 9.697831211658032657e+01 1.902500000000000000e+05
7.791494140893913123e-01 9.548842089529156851e+01 1.925700000000000000e+05
7.854515901778583720e-01 9.464466580392921458e+01 1.982540000000000000e+05
7.917409748104085043e-01 9.329522911818619946e+01 1.980740000000000000e+05
7.979940385111662371e-01 9.250598502251393995e+01 2.020500000000000000e+05
8.042571846768763466e-01 9.158993755910583445e+01 2.055020000000000000e+05
8.105619462845171652e-01 9.116485810950061364e+01 2.106660000000000000e+05
8.168641867275381330e-01 9.007398750983746538e+01 2.124260000000000000e+05
8.231256696255031535e-01 8.927162434897206822e+01 2.139180000000000000e+05
8.294110748726144511e-01 8.801158085262687791e+01 2.209940000000000000e+05
8.357113707437004990e-01 8.752498424818315925e+01 2.215220000000000000e+05
8.419948002460609926e-01 8.594333829479603537e+01 2.263140000000000000e+05
8.482593350903800955e-01 8.590939473424440109e+01 2.272940000000000000e+05
8.545301115901441369e-01 8.512512439956915955e+01 2.329620000000000000e+05
8.608435414229801408e-01 8.430224258866064702e+01 2.378180000000000000e+05
8.671393362117422177e-01 8.298173038723822970e+01 2.383980000000000000e+05
8.733948081113820372e-01 8.243219630135898512e+01 2.414180000000000000e+05
8.796646205952306508e-01 8.186071042135725406e+01 2.468180000000000000e+05
8.859565087287600837e-01 8.157049010695278923e+01 2.499060000000000000e+05
8.922534924202312201e-01 8.080981020015660476e+01 2.547020000000000000e+05
8.985217857854136403e-01 7.980064607540141708e+01 2.544180000000000000e+05
9.047744920414614311e-01 7.929039862037288344e+01 2.603540000000000000e+05
9.110610772062064378e-01 7.866653230925992091e+01 2.649740000000000000e+05
9.173652030728716156e-01 7.753050042461794078e+01 2.687220000000000000e+05
9.236564978724189912e-01 7.680689558551001994e+01 2.715620000000000000e+05
9.299448038968107788e-01 7.661209399952109322e+01 2.755860000000000000e+05
9.362445064485998003e-01 7.560646963781179863e+01 2.801900000000000000e+05
9.425390102875164100e-01 7.520792518201915300e+01 2.828340000000000000e+05
9.488116425969939094e-01 7.451880892589299776e+01 2.851700000000000000e+05
9.550714374598537892e-01 7.384022210156757637e+01 2.898860000000000000e+05
9.613552636148307018e-01 7.360566880662700839e+01 2.944740000000000000e+05
9.676548604748713700e-01 7.269706225600108951e+01 2.994980000000000000e+05
9.739319897320198871e-01 7.245435808734386285e+01 2.999580000000000000e+05
9.801989291478477861e-01 7.169917262250213241e+01 3.058580000000000000e+05
9.864886628427461668e-01 7.121790810551348727e+01 3.107940000000000000e+05
9.927793936164199806e-01 7.055271036244253935e+01 3.130820000000000000e+05
9.990361166530091763e-01 6.986053683825480221e+01 3.160460000000000000e+05
1.005310172388236056e+00 6.973167576812141988e+01 3.222180000000000000e+05
1.011625805491854102e+00 6.883260021621242686e+01 3.285620000000000000e+05
1.017917766942204150e+00 6.852556940379849948e+01 3.279900000000000000e+05
1.024197689983066040e+00 6.796483647955385266e+01 3.352820000000000000e+05
1.030472573734562358e+00 6.771741987262683438e+01 3.359700000000000000e+05
1.036757776698311151e+00 6.722629834695189288e+01 3.440660000000000000e+05
1.043033361905228329e+00 6.665731113092219573e+01 3.437180000000000000e+05
1.049301684494551079e+00 6.578392473831375753e+01 3.514980000000000000e+05
1.055593059295673708e+00 6.553447026967072020e+01 3.544580000000000000e+05
1.061871457102441241e+00 6.517178814976999490e+01 3.585660000000000000e+05
1.068178001041605985e+00 6.464092929771122442e+01 3.661220000000000000e+05
1.074470180493512173e+00 6.453001527836831031e+01 3.658100000000000000e+05
1.080737053769623701e+00 6.401618322428771535e+01 3.716220000000000000e+05
1.087020489212936480e+00 6.326427513380983214e+01 3.759860000000000000e+05
1.093314462971749057e+00 6.291128150210430192e+01 3.821700000000000000e+05
1.099587869600829659e+00 6.251078858829459506e+01 3.818180000000000000e+05
1.105847463881620474e+00 6.222233757724270475e+01 3.895740000000000000e+05
1.112134280670179054e+00 6.179286195261096992e+01 3.936980000000000000e+05
1.118428377412835406e+00 6.128168605207368813e+01 3.994580000000000000e+05
1.124715645780198781e+00 6.094621271684048480e+01 4.022220000000000000e+05
1.130996124361501431e+00 6.070136870282836128e+01 4.069220000000000000e+05
1.137284456696317392e+00 6.027031388679106527e+01 4.128420000000000000e+05
1.143571288435853983e+00 5.981845712712716789e+01 4.153460000000000000e+05
1.149847667202570811e+00 5.954639489669146002e+01 4.211820000000000000e+05
1.156130444085272213e+00 5.903701758980108849e+01 4.250180000000000000e+05
1.162419353814765133e+00 5.848819971291194975e+01 4.311380000000000000e+05
1.168705445387328012e+00 5.807575875011712441e+01 4.343820000000000000e+05
1.174988745725767281e+00 5.790131529357529416e+01 4.395140000000000000e+05
1.181273977502684147e+00 5.758513880264484186e+01 4.447380000000000000e+05
1.187562659051211167e+00 5.696703567091257270e+01 4.489100000000000000e+05
1.193823213156303353e+00 5.676808579344793770e+01 4.506180000000000000e+05
1.200093696126397269e+00 5.627649195860585962e+01 4.595540000000000000e+05
1.206384684590767753e+00 5.614062639603055516e+01 4.631060000000000000e+05
1.212657716259795793e+00 5.562164963226364733e+01 4.670940000000000000e+05
1.218950061014193453e+00 5.538909819609564522e+01 4.749380000000000000e+05
1.225240784026401242e+00 5.498381324244537183e+01 4.771860000000000000e+05
1.231532244371714047e+00 5.457915672057507095e+01 4.846700000000000000e+05
1.237823116543606217e+00 5.456413337084765658e+01 4.870100000000000000e+05
1.244104630523539479e+00 5.422221046924705234e+01 4.933140000000000000e+05
1.250385916236761652e+00 5.389994422395479745e+01 4.963220000000000000e+05
1.256652750742101254e+00 5.335844306315355823e+01 5.017020000000000000e+05
1.262935091931613352e+00 5.311688393707827771e+01 5.085620000000000000e+05
1.269233477511062080e+00 5.284637741877285322e+01 5.142420000000000000e+05
1.275514616938773216e+00 5.259104848230894902e+01 5.161580000000000000e+05
1.281786872211649220e+00 5.234995457319489987e+01 5.226020000000000000e+05
1.288079462048372426e+00 5.198257677298693125e+01 5.306580000000000000e+05
1.294361149637119013e+00 5.173849227024587094e+01 5.300420000000000000e+05
1.300627926004322754e+00 5.148787434936360796e+01 5.388780000000000000e+05
1.306914643728855463e+00 5.114149458304905238e+01 5.441300000000000000e+05
1.313214369136572968e+00 5.101319263661430625e+01 5.511060000000000000e+05
1.319506178663429896e+00 5.068146989878619024e+01 5.539820000000000000e+05
1.325784332573166857e+00 5.015965947259702062e+01 5.582420000000000000e+05
1.332057263563118710e+00 5.003917407224766123e+01 5.645460000000000000e+05
1.338340549575027794e+00 4.972363611031371988e+01 5.704940000000000000e+05
1.344633835480066875e+00 4.956681703929805849e+01 5.767620000000000000e+05
1.350907484373135237e+00 4.931256830693074278e+01 5.782340000000000000e+05
1.357175487163077676e+00 4.896673536284375672e+01 5.856660000000000000e+05
1.363467141694861828e+00 4.884037409758014547e+01 5.944460000000000000e+05
1.369755686854475130e+00 4.854845902975242922e+01 5.952500000000000000e+05
1.376032186684321701e+00 4.813191553198675621e+01 6.034020000000000000e+05
1.382313839440675540e+00 4.794027059080595166e+01 6.073820000000000000e+05
1.388610058625191268e+00 4.776446841742679084e+01 6.170100000000000000e+05
1.394895499348251855e+00 4.742856704531259737e+01 6.167780000000000000e+05
1.401166240321837453e+00 4.720287596367048621e+01 6.247460000000000000e+05
1.407434432864556273e+00 4.695063175473416806e+01 6.280620000000000000e+05
1.413722933193898301e+00 4.690909593619917928e+01 6.394100000000000000e+05
1.420027475896342928e+00 4.635918654423284124e+01 6.429540000000000000e+05
1.426307149789788564e+00 4.629725938069541513e+01 6.459740000000000000e+05
1.432584485912613337e+00 4.616935532405167919e+01 6.534900000000000000e+05
1.438876982104692948e+00 4.593878484941735962e+01 6.607460000000000000e+05
1.445167658311597991e+00 4.565253108582933095e+01 6.646460000000000000e+05
1.451434581318592487e+00 4.533518224337969116e+01 6.672900000000000000e+05
1.457714146029685631e+00 4.519015293323832339e+01 6.790340000000000000e+05
1.464013702919821469e+00 4.489418473289767775e+01 6.827220000000000000e+05
1.470311375243267715e+00 4.465315918130650630e+01 6.912380000000000000e+05
1.476585168270965198e+00 4.458635817565826187e+01 6.886020000000000000e+05
1.482847620858654736e+00 4.430483304746475426e+01 7.008260000000000000e+05
1.489134257848029552e+00 4.407077191254693105e+01 7.056620000000000000e+05
1.495410090151012339e+00 4.377299608153972343e+01 7.100820000000000000e+05
1.501688804650891385e+00 4.368726962018902782e+01 7.191620000000000000e+05
1.507973225127458239e+00 4.348758223673792855e+01 7.222500000000000000e+05
1.514255586288884459e+00 4.325338303433040466e+01 7.315100000000000000e+05
1.520548655276809047e+00 4.301712686200003333e+01 7.364420000000000000e+05
1.526828765310179747e+00 4.287769567081102196e+01 7.408980000000000000e+05
1.533114430439595610e+00 4.262847682764378021e+01 7.501580000000000000e+05
1.539410813276927970e+00 4.230073185623714949e+01 7.548660000000000000e+05
1.545694858079805112e+00 4.209029603463289249e+01 7.608260000000000000e+05
1.551969964575633298e+00 4.194398402168783235e+01 7.640340000000000000e+05
1.558245721095042446e+00 4.188587361170583279e+01 7.738460000000000000e+05
1.564534844516594525e+00 4.168498289123481726e+01 7.797140000000000000e+05
1.570816980798636520e+00 4.142735774984640784e+01 7.843140000000000000e+05
1.577093092211928615e+00 4.108646240330809718e+01 7.913420000000000000e+05
1.583381338673179872e+00 4.110586261835275934e+01 7.994580000000000000e+05
1.589671280639133322e+00 4.073985941906869357e+01 8.049620000000000000e+05
1.595952830483094553e+00 4.067406807451057915e+01 8.095500000000000000e+05
1.602217313416965272e+00 4.056613150414457891e+01 8.134580000000000000e+05
