# Real space DM power spectrum.
# The power spectum is corrected for shot-noise and window function.
# Ngrid=512	Interlacing was set to True.
# redshift=0.000000	model=tabulated	Hz_file=/g100/home/userexternal/mbaldi00/SOURCE/CoDECS2/LCDM_CoDECS2_recalibrated/Hz.dat	zDf_file=None	H0=67.66	Om=0.311049	Ob=0.04897468161869667	sigma8=0.7882104124	ns=0.9665	Tcmb=0.0	Neff=3.046	m_nu=[0]	Fid_model=w0waCDM	Fid_H0=67.6591	Fid_Om=0.311367	Fid_w0=-1.0001	Fid_wa=-0.0025	
# n_dm=1.073742e+00[h/Mpc]^3
# k[h/Mpc]		Pk_dm[Mpc^3/h^3]		Nmodes
8.018239401280879974e-03 1.783229958020316190e+04 1.800000000000000000e+01
1.401654949351664563e-02 2.125629045161893373e+04 6.200000000000000000e+01
1.969250245970122562e-02 1.563720898354783276e+04 9.800000000000000000e+01
2.551337480545044084e-02 2.365121153456824322e+04 2.100000000000000000e+02
3.202906010406358223e-02 1.839462439171109872e+04 3.500000000000000000e+02
3.846520933840009981e-02 1.583757978853649547e+04 4.500000000000000000e+02
4.443307405343879801e-02 1.260544824553169747e+04 6.020000000000000000e+02
5.042305588722229004e-02 1.129788232571934714e+04 7.620000000000000000e+02
5.690925724269420977e-02 1.070970352856373756e+04 1.142000000000000000e+03
6.341842361688614094e-02 9.179295877425385697e+03 1.250000000000000000e+03
6.949987936003544642e-02 8.773280611581762059e+03 1.458000000000000000e+03
7.558128466088295805e-02 8.775292492199365370e+03 1.814000000000000000e+03
8.196268225887480552e-02 7.131753250428138927e+03 2.178000000000000000e+03
8.830226267620121250e-02 6.430466996080307581e+03 2.498000000000000000e+03
9.435210882776298713e-02 5.737867304427672934e+03 2.622000000000000000e+03
1.005600000334900268e-01 5.507586352680028540e+03 3.338000000000000000e+03
1.070138172820522676e-01 4.737248150826781966e+03 3.722000000000000000e+03
1.134272720352065417e-01 4.504936782940972080e+03 4.170000000000000000e+03
1.196088736356262089e-01 4.345710715057325615e+03 4.358000000000000000e+03
1.257803526943431782e-01 4.094493786682436621e+03 5.034000000000000000e+03
1.321489366516601371e-01 3.859957721877607128e+03 5.714000000000000000e+03
1.384562346816501366e-01 3.547141228411676366e+03 5.982000000000000000e+03
1.446496334058954558e-01 3.457638201811933868e+03 6.602000000000000000e+03
1.508534077925902661e-01 3.165049883596492691e+03 7.130000000000000000e+03
1.571727997187746806e-01 2.970989762812489516e+03 8.034000000000000000e+03
1.635416756874734368e-01 2.769168840102586273e+03 8.606000000000000000e+03
1.698255044437522454e-01 2.588011099662313427e+03 9.066000000000000000e+03
1.761012440422073944e-01 2.536405156044135765e+03 9.962000000000000000e+03
1.823997330750334323e-01 2.398704127662351311e+03 1.055000000000000000e+04
1.886505794152418258e-01 2.375818365649151019e+03 1.122600000000000000e+04
1.949080233860110145e-01 2.222872234151878729e+03 1.214600000000000000e+04
2.011423980633682551e-01 2.145045513852483055e+03 1.260600000000000000e+04
2.073952711124279202e-01 1.984224886670421483e+03 1.380200000000000000e+04
2.137387912274538171e-01 1.921407568573547678e+03 1.475400000000000000e+04
2.200329442788883927e-01 1.917770138528451298e+03 1.519400000000000000e+04
2.262928915227388205e-01 1.791714113185686074e+03 1.645400000000000000e+04
2.325983565681614684e-01 1.738288218057306949e+03 1.715400000000000000e+04
2.388889575828848644e-01 1.706816295951608026e+03 1.826600000000000000e+04
2.451217204984029174e-01 1.636807450758717778e+03 1.875000000000000000e+04
2.513735730109318833e-01 1.585871188051064109e+03 2.023400000000000000e+04
2.577068704519516196e-01 1.513892173928880993e+03 2.145000000000000000e+04
2.640202590165574015e-01 1.482513081395878999e+03 2.196200000000000000e+04
2.702896249217050517e-01 1.430813626705070874e+03 2.346200000000000000e+04
2.765613443273721161e-01 1.403620378614969468e+03 2.404200000000000000e+04
2.828696817722480827e-01 1.367223152103562143e+03 2.594600000000000000e+04
2.891484548613966754e-01 1.309438843594310356e+03 2.611800000000000000e+04
2.953521325173381618e-01 1.277502473688017972e+03 2.750600000000000000e+04
3.016073414663040242e-01 1.274421323128267659e+03 2.906600000000000000e+04
3.079380380657114613e-01 1.212042733254612813e+03 3.045000000000000000e+04
3.142758188292146815e-01 1.176675003428787022e+03 3.174200000000000000e+04
3.205460861690284657e-01 1.160817638665694631e+03 3.225000000000000000e+04
3.268125857401938394e-01 1.136991480345092668e+03 3.425000000000000000e+04
3.331235790942642661e-01 1.100221833627787646e+03 3.545400000000000000e+04
3.394044287142444771e-01 1.096422797203613754e+03 3.643400000000000000e+04
3.456389225992096970e-01 1.065376092106133910e+03 3.768200000000000000e+04
3.518805674449744791e-01 1.035125785380797652e+03 3.929400000000000000e+04
3.582029755837912721e-01 1.012072105224351390e+03 4.142600000000000000e+04
3.645115539318926068e-01 9.955622827123145271e+02 4.206600000000000000e+04
3.707638220461956791e-01 9.743414297822481558e+02 4.349000000000000000e+04
3.770538406945189158e-01 9.572219311123129728e+02 4.570200000000000000e+04
3.833585849945114754e-01 9.396012502263453143e+02 4.663400000000000000e+04
3.896511111060295685e-01 9.335095061933542411e+02 4.855400000000000000e+04
3.958767350353735170e-01 9.088208362140073859e+02 4.887000000000000000e+04
4.021123550664917334e-01 8.902540752606639671e+02 5.155400000000000000e+04
4.084534706459355680e-01 8.842367306699768505e+02 5.409000000000000000e+04
4.147693430455148822e-01 8.748798494988830043e+02 5.431400000000000000e+04
4.210541279197388409e-01 8.485503150989040932e+02 5.691000000000000000e+04
4.273285528543883660e-01 8.354024862698923926e+02 5.748200000000000000e+04
4.336210871857300031e-01 8.225619641340573480e+02 6.062600000000000000e+04
4.399178901492071248e-01 7.960138135231527485e+02 6.120600000000000000e+04
4.461481615369914944e-01 7.902159364952262877e+02 6.257000000000000000e+04
4.524185591367541615e-01 7.846075181373881833e+02 6.573000000000000000e+04
4.587151924004577719e-01 7.699194706953362584e+02 6.668600000000000000e+04
4.650253487526455620e-01 7.667080358000868046e+02 6.969800000000000000e+04
4.713138026405762626e-01 7.474158627565471988e+02 7.002600000000000000e+04
4.775801322871031096e-01 7.415710830559346505e+02 7.274600000000000000e+04
4.838809178367569630e-01 7.266449689752444101e+02 7.491000000000000000e+04
4.901499165155780435e-01 7.195989856581306867e+02 7.572200000000000000e+04
4.963993143780123241e-01 7.109986067422846645e+02 7.837800000000000000e+04
5.026659111298577010e-01 7.027803355535863830e+02 8.003000000000000000e+04
5.089643413427887841e-01 7.007467963396248933e+02 8.318600000000000000e+04
5.152747315442799403e-01 6.842883878168048568e+02 8.466600000000000000e+04
5.215661708673858810e-01 6.750056358058989190e+02 8.654600000000000000e+04
5.278286396879566800e-01 6.643803165203988783e+02 8.813400000000000000e+04
5.341160320652750260e-01 6.659148833726413841e+02 9.153800000000000000e+04
5.404304286902661403e-01 6.584434116906681993e+02 9.313800000000000000e+04
5.466976878455739319e-01 6.466914467473430932e+02 9.447800000000000000e+04
5.529595373159058580e-01 6.323264441461938077e+02 9.727400000000000000e+04
5.592440147746206014e-01 6.365100256047405765e+02 9.969000000000000000e+04
5.655545845518847869e-01 6.214441136277434907e+02 1.025900000000000000e+05
5.718545124332512497e-01 6.157699205592382441e+02 1.037700000000000000e+05
5.781226402320145397e-01 6.151884374539704368e+02 1.063460000000000000e+05
5.844054810026423352e-01 6.070313107789856986e+02 1.085460000000000000e+05
5.906692678833675991e-01 6.035820527843787886e+02 1.107260000000000000e+05
5.969160111309492756e-01 5.908620215609946627e+02 1.123220000000000000e+05
6.031708558297608214e-01 5.847948660525310061e+02 1.158900000000000000e+05
6.094688112237535149e-01 5.788204582380749343e+02 1.187660000000000000e+05
6.158118423264375974e-01 5.779401552909261000e+02 1.222980000000000000e+05
6.221022681713845870e-01 5.671391172648471866e+02 1.220900000000000000e+05
6.283660508217905338e-01 5.579787163730039765e+02 1.258100000000000000e+05
6.346461619227155015e-01 5.597993428439039008e+02 1.281900000000000000e+05
6.409396473976692876e-01 5.565530202197110157e+02 1.309940000000000000e+05
6.472371834330832296e-01 5.500433861494537950e+02 1.337220000000000000e+05
6.534767429514126702e-01 5.416380274694519130e+02 1.338860000000000000e+05
6.597637022409679197e-01 5.377303347707288594e+02 1.405380000000000000e+05
6.660751593608625898e-01 5.319369363838037543e+02 1.405940000000000000e+05
6.723401943305717943e-01 5.278881545623122520e+02 1.435940000000000000e+05
6.786079373829640993e-01 5.220276549388831882e+02 1.463100000000000000e+05
6.849135514418230875e-01 5.193678609633865335e+02 1.506500000000000000e+05
6.912250943479077980e-01 5.151025386889941728e+02 1.519140000000000000e+05
6.974710436131158486e-01 5.103010011844948508e+02 1.533980000000000000e+05
7.037307548900212373e-01 5.054048359395674197e+02 1.578660000000000000e+05
7.100217936516199924e-01 5.001775671165297013e+02 1.606580000000000000e+05
7.163250787242370077e-01 4.958009536925841871e+02 1.641020000000000000e+05
7.226009447591926760e-01 4.942659330831660327e+02 1.649940000000000000e+05
7.288716701068771453e-01 4.882948416879690967e+02 1.698500000000000000e+05
7.351879459163250807e-01 4.845223904426229069e+02 1.729860000000000000e+05
7.414685146977839647e-01 4.797019367672824615e+02 1.738940000000000000e+05
7.477104477723024445e-01 4.783530680169739639e+02 1.767780000000000000e+05
7.539885226758882286e-01 4.732325260079084046e+02 1.818020000000000000e+05
7.602914782916944114e-01 4.685974959473169861e+02 1.844300000000000000e+05
7.665892437025125794e-01 4.694120405597240619e+02 1.872420000000000000e+05
7.728738187058056264e-01 4.636301281481178194e+02 1.902500000000000000e+05
7.791494140893913123e-01 4.584166132409321222e+02 1.925700000000000000e+05
7.854515901778583720e-01 4.560761930366710430e+02 1.982540000000000000e+05
7.917409748104085043e-01 4.528301605074649956e+02 1.980740000000000000e+05
7.979940385111662371e-01 4.484741117238255015e+02 2.020500000000000000e+05
8.042571846768763466e-01 4.442281795226876966e+02 2.055020000000000000e+05
8.105619462845171652e-01 4.436626033555298250e+02 2.106660000000000000e+05
8.168641867275381330e-01 4.391866667487253721e+02 2.124260000000000000e+05
8.231256696255031535e-01 4.385191958483316625e+02 2.139180000000000000e+05
8.294110748726144511e-01 4.350781256456981509e+02 2.209940000000000000e+05
8.357113707437004990e-01 4.286950260499003775e+02 2.215220000000000000e+05
8.419948002460609926e-01 4.269034203047468168e+02 2.263140000000000000e+05
8.482593350903800955e-01 4.223063167823406729e+02 2.272940000000000000e+05
8.545301115901441369e-01 4.228062483597000210e+02 2.329620000000000000e+05
8.608435414229801408e-01 4.182876431891198763e+02 2.378180000000000000e+05
8.671393362117422177e-01 4.155692520946350896e+02 2.383980000000000000e+05
8.733948081113820372e-01 4.116979262800681454e+02 2.414180000000000000e+05
8.796646205952306508e-01 4.094027697525243070e+02 2.468180000000000000e+05
8.859565087287600837e-01 4.056454222814504078e+02 2.499060000000000000e+05
8.922534924202312201e-01 4.037515460326196148e+02 2.547020000000000000e+05
8.985217857854136403e-01 4.024619593472610859e+02 2.544180000000000000e+05
9.047744920414614311e-01 3.999121443972766770e+02 2.603540000000000000e+05
9.110610772062064378e-01 3.967477251810133794e+02 2.649740000000000000e+05
9.173652030728716156e-01 3.923770630432349549e+02 2.687220000000000000e+05
9.236564978724189912e-01 3.916684667920853258e+02 2.715620000000000000e+05
9.299448038968107788e-01 3.879861696056839264e+02 2.755860000000000000e+05
9.362445064485998003e-01 3.866843096749294659e+02 2.801900000000000000e+05
9.425390102875164100e-01 3.816718156619472779e+02 2.828340000000000000e+05
9.488116425969939094e-01 3.817279753880033013e+02 2.851700000000000000e+05
9.550714374598537892e-01 3.783598194605293656e+02 2.898860000000000000e+05
9.613552636148307018e-01 3.768768642262566004e+02 2.944740000000000000e+05
9.676548604748713700e-01 3.722564783455910060e+02 2.994980000000000000e+05
9.739319897320198871e-01 3.730615164228441358e+02 2.999580000000000000e+05
9.801989291478477861e-01 3.684144522620734392e+02 3.058580000000000000e+05
9.864886628427461668e-01 3.670643272770547583e+02 3.107940000000000000e+05
9.927793936164199806e-01 3.637660538315656709e+02 3.130820000000000000e+05
9.990361166530091763e-01 3.619785829454670534e+02 3.160460000000000000e+05
1.005310172388236056e+00 3.599964716516536782e+02 3.222180000000000000e+05
1.011625805491854102e+00 3.583383434244958039e+02 3.285620000000000000e+05
1.017917766942204150e+00 3.560734397656997885e+02 3.279900000000000000e+05
1.024197689983066040e+00 3.539537473068574513e+02 3.352820000000000000e+05
1.030472573734562358e+00 3.527560185570331441e+02 3.359700000000000000e+05
1.036757776698311151e+00 3.502880830045466496e+02 3.440660000000000000e+05
1.043033361905228329e+00 3.482445483428226112e+02 3.437180000000000000e+05
1.049301684494551079e+00 3.453225508471394392e+02 3.514980000000000000e+05
1.055593059295673708e+00 3.445371278482837170e+02 3.544580000000000000e+05
1.061871457102441241e+00 3.414919969816168646e+02 3.585660000000000000e+05
1.068178001041605985e+00 3.399726384001415340e+02 3.661220000000000000e+05
1.074470180493512173e+00 3.372388750689700032e+02 3.658100000000000000e+05
1.080737053769623701e+00 3.352067747393218156e+02 3.716220000000000000e+05
1.087020489212936480e+00 3.331382651227987708e+02 3.759860000000000000e+05
1.093314462971749057e+00 3.316889249592045417e+02 3.821700000000000000e+05
1.099587869600829659e+00 3.310582640870924251e+02 3.818180000000000000e+05
1.105847463881620474e+00 3.277165235342110918e+02 3.895740000000000000e+05
1.112134280670179054e+00 3.263313406850404021e+02 3.936980000000000000e+05
1.118428377412835406e+00 3.238386206985196054e+02 3.994580000000000000e+05
1.124715645780198781e+00 3.238924414164143855e+02 4.022220000000000000e+05
1.130996124361501431e+00 3.204137804180956550e+02 4.069220000000000000e+05
1.137284456696317392e+00 3.188233341705800399e+02 4.128420000000000000e+05
1.143571288435853983e+00 3.166397242152898457e+02 4.153460000000000000e+05
1.149847667202570811e+00 3.145611723563170017e+02 4.211820000000000000e+05
1.156130444085272213e+00 3.140607954062700173e+02 4.250180000000000000e+05
1.162419353814765133e+00 3.114839876044919151e+02 4.311380000000000000e+05
1.168705445387328012e+00 3.085538034204763562e+02 4.343820000000000000e+05
1.174988745725767281e+00 3.084681686816357455e+02 4.395140000000000000e+05
1.181273977502684147e+00 3.068891739874052860e+02 4.447380000000000000e+05
1.187562659051211167e+00 3.044078857299444394e+02 4.489100000000000000e+05
1.193823213156303353e+00 3.021537738929025068e+02 4.506180000000000000e+05
1.200093696126397269e+00 3.013621880900724364e+02 4.595540000000000000e+05
1.206384684590767753e+00 3.004815893721094540e+02 4.631060000000000000e+05
1.212657716259795793e+00 2.969313260571374258e+02 4.670940000000000000e+05
1.218950061014193453e+00 2.965943334057440666e+02 4.749380000000000000e+05
1.225240784026401242e+00 2.949022014600377020e+02 4.771860000000000000e+05
1.231532244371714047e+00 2.933765405074816499e+02 4.846700000000000000e+05
1.237823116543606217e+00 2.926045966056888687e+02 4.870100000000000000e+05
1.244104630523539479e+00 2.898033575682549667e+02 4.933140000000000000e+05
1.250385916236761652e+00 2.884466538197413570e+02 4.963220000000000000e+05
1.256652750742101254e+00 2.862591131820687451e+02 5.017020000000000000e+05
1.262935091931613352e+00 2.846235084980954184e+02 5.085620000000000000e+05
1.269233477511062080e+00 2.846073615468682192e+02 5.142420000000000000e+05
1.275514616938773216e+00 2.819482608087671451e+02 5.161580000000000000e+05
1.281786872211649220e+00 2.803017687644914986e+02 5.226020000000000000e+05
1.288079462048372426e+00 2.796177014672344399e+02 5.306580000000000000e+05
1.294361149637119013e+00 2.778096375757122587e+02 5.300420000000000000e+05
1.300627926004322754e+00 2.761295631917361106e+02 5.388780000000000000e+05
1.306914643728855463e+00 2.751049481695081909e+02 5.441300000000000000e+05
1.313214369136572968e+00 2.742543005178567341e+02 5.511060000000000000e+05
1.319506178663429896e+00 2.719885917908332544e+02 5.539820000000000000e+05
1.325784332573166857e+00 2.698297595367268968e+02 5.582420000000000000e+05
1.332057263563118710e+00 2.697989846102728961e+02 5.645460000000000000e+05
1.338340549575027794e+00 2.677003966020980101e+02 5.704940000000000000e+05
1.344633835480066875e+00 2.673720954730367794e+02 5.767620000000000000e+05
1.350907484373135237e+00 2.654969538671018654e+02 5.782340000000000000e+05
1.357175487163077676e+00 2.642215256357979456e+02 5.856660000000000000e+05
1.363467141694861828e+00 2.635705497569335876e+02 5.944460000000000000e+05
1.369755686854475130e+00 2.608669537798573970e+02 5.952500000000000000e+05
1.376032186684321701e+00 2.594777314225539158e+02 6.034020000000000000e+05
1.382313839440675540e+00 2.588178040047036461e+02 6.073820000000000000e+05
1.388610058625191268e+00 2.566569045205693556e+02 6.170100000000000000e+05
1.394895499348251855e+00 2.557004768734841491e+02 6.167780000000000000e+05
1.401166240321837453e+00 2.541501089191436051e+02 6.247460000000000000e+05
1.407434432864556273e+00 2.525826298695699563e+02 6.280620000000000000e+05
1.413722933193898301e+00 2.516868097661361503e+02 6.394100000000000000e+05
1.420027475896342928e+00 2.506351160819602626e+02 6.429540000000000000e+05
1.426307149789788564e+00 2.485060603541092235e+02 6.459740000000000000e+05
1.432584485912613337e+00 2.488194984019870617e+02 6.534900000000000000e+05
1.438876982104692948e+00 2.465836498958951495e+02 6.607460000000000000e+05
1.445167658311597991e+00 2.452992663403859126e+02 6.646460000000000000e+05
1.451434581318592487e+00 2.446459586674232014e+02 6.672900000000000000e+05
1.457714146029685631e+00 2.433176075231410493e+02 6.790340000000000000e+05
1.464013702919821469e+00 2.420035176678258040e+02 6.827220000000000000e+05
1.470311375243267715e+00 2.398990021471156808e+02 6.912380000000000000e+05
1.476585168270965198e+00 2.397421811328962633e+02 6.886020000000000000e+05
1.482847620858654736e+00 2.382965371223706654e+02 7.008260000000000000e+05
1.489134257848029552e+00 2.370725716410288442e+02 7.056620000000000000e+05
1.495410090151012339e+00 2.355098095763191850e+02 7.100820000000000000e+05
1.501688804650891385e+00 2.347554128201912533e+02 7.191620000000000000e+05
1.507973225127458239e+00 2.331258930709365984e+02 7.222500000000000000e+05
1.514255586288884459e+00 2.326443770057046834e+02 7.315100000000000000e+05
1.520548655276809047e+00 2.313007554437484998e+02 7.364420000000000000e+05
1.526828765310179747e+00 2.298709956932162584e+02 7.408980000000000000e+05
1.533114430439595610e+00 2.288545305389952489e+02 7.501580000000000000e+05
1.539410813276927970e+00 2.277486073732163447e+02 7.548660000000000000e+05
1.545694858079805112e+00 2.264921776737987500e+02 7.608260000000000000e+05
1.551969964575633298e+00 2.255760632223516780e+02 7.640340000000000000e+05
1.558245721095042446e+00 2.245687174850346253e+02 7.738460000000000000e+05
1.564534844516594525e+00 2.232925749057426970e+02 7.797140000000000000e+05
1.570816980798636520e+00 2.222172429233865785e+02 7.843140000000000000e+05
1.577093092211928615e+00 2.213032510989668538e+02 7.913420000000000000e+05
1.583381338673179872e+00 2.203676074504765268e+02 7.994580000000000000e+05
1.589671280639133322e+00 2.190230901802723054e+02 8.049620000000000000e+05
1.595952830483094553e+00 2.185185742816626941e+02 8.095500000000000000e+05
1.602217313416965272e+00 2.172994699186662899e+02 8.134580000000000000e+05
