# Real space DM power spectrum.
# The power spectum is corrected for shot-noise and window function.
# Ngrid=512	Interlacing was set to True.
# redshift=0.057540	model=tabulated	Hz_file=/g100/home/userexternal/mbaldi00/SOURCE/CoDECS2/LCDM_CoDECS2_recalibrated/Hz.dat	zDf_file=None	H0=67.66	Om=0.311049	Ob=0.04897468161869667	sigma8=0.7882104124	ns=0.9665	Tcmb=0.0	Neff=3.046	m_nu=[0]	Fid_model=w0waCDM	Fid_H0=67.6591	Fid_Om=0.311367	Fid_w0=-1.0001	Fid_wa=-0.0025	
# n_dm=1.073742e+00[h/Mpc]^3
# k[h/Mpc]		Pk_dm[Mpc^3/h^3]		Nmodes
8.018239401280879974e-03 1.679181867742538452e+04 1.800000000000000000e+01
1.401654949351664563e-02 2.001412109678022171e+04 6.200000000000000000e+01
1.969250245970122562e-02 1.473073194273150511e+04 9.800000000000000000e+01
2.551337480545044084e-02 2.228974010599681424e+04 2.100000000000000000e+02
3.202906010406358223e-02 1.733367296313967017e+04 3.500000000000000000e+02
3.846520933840009981e-02 1.492543312186982985e+04 4.500000000000000000e+02
4.443307405343879801e-02 1.188362764752505245e+04 6.020000000000000000e+02
5.042305588722229004e-02 1.064807786377709090e+04 7.620000000000000000e+02
5.690925724269420977e-02 1.008953365115568158e+04 1.142000000000000000e+03
6.341842361688614094e-02 8.654647077425384850e+03 1.250000000000000000e+03
6.949987936003544642e-02 8.268429445600966574e+03 1.458000000000000000e+03
7.558128466088295805e-02 8.270670110721966921e+03 1.814000000000000000e+03
8.196268225887480552e-02 6.721210550703621266e+03 2.178000000000000000e+03
8.830226267620121250e-02 6.061530647001044599e+03 2.498000000000000000e+03
9.435210882776298713e-02 5.407332598096628317e+03 2.622000000000000000e+03
1.005600000334900268e-01 5.186633686412802490e+03 3.338000000000000000e+03
1.070138172820522676e-01 4.456304034760150898e+03 3.722000000000000000e+03
1.134272720352065417e-01 4.234155487976943732e+03 4.170000000000000000e+03
1.196088736356262089e-01 4.086667117076600789e+03 4.358000000000000000e+03
1.257803526943431782e-01 3.852089336940680369e+03 5.034000000000000000e+03
1.321489366516601371e-01 3.630069727477887227e+03 5.714000000000000000e+03
1.384562346816501366e-01 3.335907527308366753e+03 5.982000000000000000e+03
1.446496334058954558e-01 3.247952651978550421e+03 6.602000000000000000e+03
1.508534077925902661e-01 2.971624357649788635e+03 7.130000000000000000e+03
1.571727997187746806e-01 2.786888194477911384e+03 8.034000000000000000e+03
1.635416756874734368e-01 2.592720083421201252e+03 8.606000000000000000e+03
1.698255044437522454e-01 2.423564596242944390e+03 9.066000000000000000e+03
1.761012440422073944e-01 2.375626597521750682e+03 9.962000000000000000e+03
1.823997330750334323e-01 2.245783179795052547e+03 1.055000000000000000e+04
1.886505794152418258e-01 2.225022000069247042e+03 1.122600000000000000e+04
1.949080233860110145e-01 2.080976136671226868e+03 1.214600000000000000e+04
2.011423980633682551e-01 2.003651733113152432e+03 1.260600000000000000e+04
2.073952711124279202e-01 1.854780313420167886e+03 1.380200000000000000e+04
2.137387912274538171e-01 1.795746459721710835e+03 1.475400000000000000e+04
2.200329442788883927e-01 1.790091581203191481e+03 1.519400000000000000e+04
2.262928915227388205e-01 1.671495078300551768e+03 1.645400000000000000e+04
2.325983565681614684e-01 1.620008982893496750e+03 1.715400000000000000e+04
2.388889575828848644e-01 1.589711949077634699e+03 1.826600000000000000e+04
2.451217204984029174e-01 1.522931717425384477e+03 1.875000000000000000e+04
2.513735730109318833e-01 1.476337432985333180e+03 2.023400000000000000e+04
2.577068704519516196e-01 1.408166113322820365e+03 2.145000000000000000e+04
2.640202590165574015e-01 1.379540492378485396e+03 2.196200000000000000e+04
2.702896249217050517e-01 1.330392520235034226e+03 2.346200000000000000e+04
2.765613443273721161e-01 1.303691836896310406e+03 2.404200000000000000e+04
2.828696817722480827e-01 1.269453399540546798e+03 2.594600000000000000e+04
2.891484548613966754e-01 1.213970813883000119e+03 2.611800000000000000e+04
2.953521325173381618e-01 1.185064169318062341e+03 2.750600000000000000e+04
3.016073414663040242e-01 1.181859154271183797e+03 2.906600000000000000e+04
3.079380380657114613e-01 1.123729038673332070e+03 3.045000000000000000e+04
3.142758188292146815e-01 1.090421081180661304e+03 3.174200000000000000e+04
3.205460861690284657e-01 1.074815530138562735e+03 3.225000000000000000e+04
3.268125857401938394e-01 1.051119830710056021e+03 3.425000000000000000e+04
3.331235790942642661e-01 1.018528484499339470e+03 3.545400000000000000e+04
3.394044287142444771e-01 1.013594340267784446e+03 3.643400000000000000e+04
3.456389225992096970e-01 9.845189189199973043e+02 3.768200000000000000e+04
3.518805674449744791e-01 9.551789232644439380e+02 3.929400000000000000e+04
3.582029755837912721e-01 9.340290404824019106e+02 4.142600000000000000e+04
3.645115539318926068e-01 9.190040171296587914e+02 4.206600000000000000e+04
3.707638220461956791e-01 8.982265527990336977e+02 4.349000000000000000e+04
3.770538406945189158e-01 8.827893898668531847e+02 4.570200000000000000e+04
3.833585849945114754e-01 8.662410409369855415e+02 4.663400000000000000e+04
3.896511111060295685e-01 8.597166158032730436e+02 4.855400000000000000e+04
3.958767350353735170e-01 8.369743045995198827e+02 4.887000000000000000e+04
4.021123550664917334e-01 8.195116304455186764e+02 5.155400000000000000e+04
4.084534706459355680e-01 8.133547931584220123e+02 5.409000000000000000e+04
4.147693430455148822e-01 8.050093188806262106e+02 5.431400000000000000e+04
4.210541279197388409e-01 7.799520371161243020e+02 5.691000000000000000e+04
4.273285528543883660e-01 7.681781725716912206e+02 5.748200000000000000e+04
4.336210871857300031e-01 7.559044244646086099e+02 6.062600000000000000e+04
4.399178901492071248e-01 7.307165550844375730e+02 6.120600000000000000e+04
4.461481615369914944e-01 7.257846755075324836e+02 6.257000000000000000e+04
4.524185591367541615e-01 7.203564303540319997e+02 6.573000000000000000e+04
4.587151924004577719e-01 7.060315781841644593e+02 6.668600000000000000e+04
4.650253487526455620e-01 7.034178983499448350e+02 6.969800000000000000e+04
4.713138026405762626e-01 6.851164311168705581e+02 7.002600000000000000e+04
4.775801322871031096e-01 6.801352927719327681e+02 7.274600000000000000e+04
4.838809178367569630e-01 6.659626568673816109e+02 7.491000000000000000e+04
4.901499165155780435e-01 6.586694275376372616e+02 7.572200000000000000e+04
4.963993143780123241e-01 6.515782081610501564e+02 7.837800000000000000e+04
5.026659111298577010e-01 6.436541578702176594e+02 8.003000000000000000e+04
5.089643413427887841e-01 6.412356766800668311e+02 8.318600000000000000e+04
5.152747315442799403e-01 6.264733499031204929e+02 8.466600000000000000e+04
5.215661708673858810e-01 6.173623940616241725e+02 8.654600000000000000e+04
5.278286396879566800e-01 6.078083238728395372e+02 8.813400000000000000e+04
5.341160320652750260e-01 6.086804670646599789e+02 9.153800000000000000e+04
5.404304286902661403e-01 6.016881882587714472e+02 9.313800000000000000e+04
5.466976878455739319e-01 5.910491173161527740e+02 9.447800000000000000e+04
5.529595373159058580e-01 5.776539520105768588e+02 9.727400000000000000e+04
5.592440147746206014e-01 5.814086914689195282e+02 9.969000000000000000e+04
5.655545845518847869e-01 5.673311591487494070e+02 1.025900000000000000e+05
5.718545124332512497e-01 5.617401624403214555e+02 1.037700000000000000e+05
5.781226402320145397e-01 5.615258267304830042e+02 1.063460000000000000e+05
5.844054810026423352e-01 5.537892198682197886e+02 1.085460000000000000e+05
5.906692678833675991e-01 5.504791501237571083e+02 1.107260000000000000e+05
5.969160111309492756e-01 5.387954985289974275e+02 1.123220000000000000e+05
6.031708558297608214e-01 5.334781001538339069e+02 1.158900000000000000e+05
6.094688112237535149e-01 5.274827353207417673e+02 1.187660000000000000e+05
6.158118423264375974e-01 5.263438577226910411e+02 1.222980000000000000e+05
6.221022681713845870e-01 5.169503384950871805e+02 1.220900000000000000e+05
6.283660508217905338e-01 5.083166863276975391e+02 1.258100000000000000e+05
6.346461619227155015e-01 5.099048736965444846e+02 1.281900000000000000e+05
6.409396473976692876e-01 5.064149986309358837e+02 1.309940000000000000e+05
6.472371834330832296e-01 5.008986231336449464e+02 1.337220000000000000e+05
6.534767429514126702e-01 4.929077942859972836e+02 1.338860000000000000e+05
6.597637022409679197e-01 4.891115697392070842e+02 1.405380000000000000e+05
6.660751593608625898e-01 4.837504703895223770e+02 1.405940000000000000e+05
6.723401943305717943e-01 4.798867060338221791e+02 1.435940000000000000e+05
6.786079373829640993e-01 4.748948000417470325e+02 1.463100000000000000e+05
6.849135514418230875e-01 4.726281596689955222e+02 1.506500000000000000e+05
6.912250943479077980e-01 4.676907662387921505e+02 1.519140000000000000e+05
6.974710436131158486e-01 4.635770021753812671e+02 1.533980000000000000e+05
7.037307548900212373e-01 4.592415835609678538e+02 1.578660000000000000e+05
7.100217936516199924e-01 4.543625314507054327e+02 1.606580000000000000e+05
7.163250787242370077e-01 4.503221173590843023e+02 1.641020000000000000e+05
7.226009447591926760e-01 4.488306808921772699e+02 1.649940000000000000e+05
7.288716701068771453e-01 4.434506615290053446e+02 1.698500000000000000e+05
7.351879459163250807e-01 4.406313934833314079e+02 1.729860000000000000e+05
7.414685146977839647e-01 4.356309049893027918e+02 1.738940000000000000e+05
7.477104477723024445e-01 4.341542649984988316e+02 1.767780000000000000e+05
7.539885226758882286e-01 4.298112215118082418e+02 1.818020000000000000e+05
7.602914782916944114e-01 4.251628703441070911e+02 1.844300000000000000e+05
7.665892437025125794e-01 4.258787734508488825e+02 1.872420000000000000e+05
7.728738187058056264e-01 4.205951320902991597e+02 1.902500000000000000e+05
7.791494140893913123e-01 4.159480251950267302e+02 1.925700000000000000e+05
7.854515901778583720e-01 4.136291100017764393e+02 1.982540000000000000e+05
7.917409748104085043e-01 4.106648283588740469e+02 1.980740000000000000e+05
7.979940385111662371e-01 4.064608278831919961e+02 2.020500000000000000e+05
8.042571846768763466e-01 4.026057330258166189e+02 2.055020000000000000e+05
8.105619462845171652e-01 4.021815860105382399e+02 2.106660000000000000e+05
8.168641867275381330e-01 3.984823461853291633e+02 2.124260000000000000e+05
8.231256696255031535e-01 3.974410631058789249e+02 2.139180000000000000e+05
8.294110748726144511e-01 3.943141954032481635e+02 2.209940000000000000e+05
8.357113707437004990e-01 3.882489484594127589e+02 2.215220000000000000e+05
8.419948002460609926e-01 3.866480582856052592e+02 2.263140000000000000e+05
8.482593350903800955e-01 3.829088843820133548e+02 2.272940000000000000e+05
8.545301115901441369e-01 3.829289808225050820e+02 2.329620000000000000e+05
8.608435414229801408e-01 3.786962245412462948e+02 2.378180000000000000e+05
8.671393362117422177e-01 3.762126803113147844e+02 2.383980000000000000e+05
8.733948081113820372e-01 3.729249433210509892e+02 2.414180000000000000e+05
8.796646205952306508e-01 3.709911142006602063e+02 2.468180000000000000e+05
8.859565087287600837e-01 3.673368742673970928e+02 2.499060000000000000e+05
8.922534924202312201e-01 3.658096374492555469e+02 2.547020000000000000e+05
8.985217857854136403e-01 3.645928463128059889e+02 2.544180000000000000e+05
9.047744920414614311e-01 3.621362853745614530e+02 2.603540000000000000e+05
9.110610772062064378e-01 3.591407146818700653e+02 2.649740000000000000e+05
9.173652030728716156e-01 3.549747513605294102e+02 2.687220000000000000e+05
9.236564978724189912e-01 3.541373836508505519e+02 2.715620000000000000e+05
9.299448038968107788e-01 3.510483861188595256e+02 2.755860000000000000e+05
9.362445064485998003e-01 3.495911371848334852e+02 2.801900000000000000e+05
9.425390102875164100e-01 3.453120003639279503e+02 2.828340000000000000e+05
9.488116425969939094e-01 3.455156388869688726e+02 2.851700000000000000e+05
9.550714374598537892e-01 3.421872550731495153e+02 2.898860000000000000e+05
9.613552636148307018e-01 3.411503824315989846e+02 2.944740000000000000e+05
9.676548604748713700e-01 3.366621972485552874e+02 2.994980000000000000e+05
9.739319897320198871e-01 3.373070441300565108e+02 2.999580000000000000e+05
9.801989291478477861e-01 3.333552548567415670e+02 3.058580000000000000e+05
9.864886628427461668e-01 3.321987635917841430e+02 3.107940000000000000e+05
9.927793936164199806e-01 3.285719257756569505e+02 3.130820000000000000e+05
9.990361166530091763e-01 3.272146561753133369e+02 3.160460000000000000e+05
1.005310172388236056e+00 3.257618106457508702e+02 3.222180000000000000e+05
1.011625805491854102e+00 3.240478533495632405e+02 3.285620000000000000e+05
1.017917766942204150e+00 3.220318653274547387e+02 3.279900000000000000e+05
1.024197689983066040e+00 3.201107614024545569e+02 3.352820000000000000e+05
1.030472573734562358e+00 3.187998677102313536e+02 3.359700000000000000e+05
1.036757776698311151e+00 3.166885061791701332e+02 3.440660000000000000e+05
1.043033361905228329e+00 3.149902177578663895e+02 3.437180000000000000e+05
1.049301684494551079e+00 3.120408593439160541e+02 3.514980000000000000e+05
1.055593059295673708e+00 3.116103720690376235e+02 3.544580000000000000e+05
1.061871457102441241e+00 3.088783749427174712e+02 3.585660000000000000e+05
1.068178001041605985e+00 3.072053968795555079e+02 3.661220000000000000e+05
1.074470180493512173e+00 3.048284543587652138e+02 3.658100000000000000e+05
1.080737053769623701e+00 3.031086320028853152e+02 3.716220000000000000e+05
1.087020489212936480e+00 3.012792065408303301e+02 3.759860000000000000e+05
1.093314462971749057e+00 2.995702133910542670e+02 3.821700000000000000e+05
1.099587869600829659e+00 2.992876718153818274e+02 3.818180000000000000e+05
1.105847463881620474e+00 2.959043389428368869e+02 3.895740000000000000e+05
1.112134280670179054e+00 2.951153324757022460e+02 3.936980000000000000e+05
1.118428377412835406e+00 2.927657569681649647e+02 3.994580000000000000e+05
1.124715645780198781e+00 2.924234914335690405e+02 4.022220000000000000e+05
1.130996124361501431e+00 2.896395485014138558e+02 4.069220000000000000e+05
1.137284456696317392e+00 2.880708429027342277e+02 4.128420000000000000e+05
1.143571288435853983e+00 2.863301895141009368e+02 4.153460000000000000e+05
1.149847667202570811e+00 2.844907135047991460e+02 4.211820000000000000e+05
1.156130444085272213e+00 2.838428375786015749e+02 4.250180000000000000e+05
1.162419353814765133e+00 2.813457024150629877e+02 4.311380000000000000e+05
1.168705445387328012e+00 2.789456152358831105e+02 4.343820000000000000e+05
1.174988745725767281e+00 2.788212222817485895e+02 4.395140000000000000e+05
1.181273977502684147e+00 2.772428833623631590e+02 4.447380000000000000e+05
1.187562659051211167e+00 2.749533937382311706e+02 4.489100000000000000e+05
1.193823213156303353e+00 2.730254567817351585e+02 4.506180000000000000e+05
1.200093696126397269e+00 2.721558358441992596e+02 4.595540000000000000e+05
1.206384684590767753e+00 2.714656837263178204e+02 4.631060000000000000e+05
1.212657716259795793e+00 2.682961648262074732e+02 4.670940000000000000e+05
1.218950061014193453e+00 2.681364546931541781e+02 4.749380000000000000e+05
1.225240784026401242e+00 2.664805294076304563e+02 4.771860000000000000e+05
1.231532244371714047e+00 2.651163057085462924e+02 4.846700000000000000e+05
1.237823116543606217e+00 2.644988903573571974e+02 4.870100000000000000e+05
1.244104630523539479e+00 2.619543688916717201e+02 4.933140000000000000e+05
1.250385916236761652e+00 2.606355150831953438e+02 4.963220000000000000e+05
1.256652750742101254e+00 2.584287597053036620e+02 5.017020000000000000e+05
1.262935091931613352e+00 2.573279417825327187e+02 5.085620000000000000e+05
1.269233477511062080e+00 2.573780959481812260e+02 5.142420000000000000e+05
1.275514616938773216e+00 2.548257905574099880e+02 5.161580000000000000e+05
1.281786872211649220e+00 2.533003106759269940e+02 5.226020000000000000e+05
1.288079462048372426e+00 2.523036272424041613e+02 5.306580000000000000e+05
1.294361149637119013e+00 2.510238356958612087e+02 5.300420000000000000e+05
1.300627926004322754e+00 2.497351659441216043e+02 5.388780000000000000e+05
1.306914643728855463e+00 2.487424245078831859e+02 5.441300000000000000e+05
1.313214369136572968e+00 2.479276628111360878e+02 5.511060000000000000e+05
1.319506178663429896e+00 2.457501075079503892e+02 5.539820000000000000e+05
1.325784332573166857e+00 2.440411159018875367e+02 5.582420000000000000e+05
1.332057263563118710e+00 2.438703835751048246e+02 5.645460000000000000e+05
1.338340549575027794e+00 2.421660912456876247e+02 5.704940000000000000e+05
1.344633835480066875e+00 2.414861459826057057e+02 5.767620000000000000e+05
1.350907484373135237e+00 2.398340423122642164e+02 5.782340000000000000e+05
1.357175487163077676e+00 2.386040030205189453e+02 5.856660000000000000e+05
1.363467141694861828e+00 2.382303035444937507e+02 5.944460000000000000e+05
1.369755686854475130e+00 2.358134938890552519e+02 5.952500000000000000e+05
1.376032186684321701e+00 2.347402065220729526e+02 6.034020000000000000e+05
1.382313839440675540e+00 2.337540385325625323e+02 6.073820000000000000e+05
1.388610058625191268e+00 2.319787955758196745e+02 6.170100000000000000e+05
1.394895499348251855e+00 2.311125959827909071e+02 6.167780000000000000e+05
1.401166240321837453e+00 2.293767258162505698e+02 6.247460000000000000e+05
1.407434432864556273e+00 2.284534706464359317e+02 6.280620000000000000e+05
1.413722933193898301e+00 2.272625686688745930e+02 6.394100000000000000e+05
1.420027475896342928e+00 2.265474208502640749e+02 6.429540000000000000e+05
1.426307149789788564e+00 2.247333636201849458e+02 6.459740000000000000e+05
1.432584485912613337e+00 2.249426035757464035e+02 6.534900000000000000e+05
1.438876982104692948e+00 2.227930374669133471e+02 6.607460000000000000e+05
1.445167658311597991e+00 2.217496715184807101e+02 6.646460000000000000e+05
1.451434581318592487e+00 2.211881397281314321e+02 6.672900000000000000e+05
1.457714146029685631e+00 2.200827650852071713e+02 6.790340000000000000e+05
1.464013702919821469e+00 2.184479269588695729e+02 6.827220000000000000e+05
1.470311375243267715e+00 2.167987674956642365e+02 6.912380000000000000e+05
1.476585168270965198e+00 2.167214637954502621e+02 6.886020000000000000e+05
1.482847620858654736e+00 2.155120171416621702e+02 7.008260000000000000e+05
1.489134257848029552e+00 2.142515610155452634e+02 7.056620000000000000e+05
1.495410090151012339e+00 2.129918017969359596e+02 7.100820000000000000e+05
1.501688804650891385e+00 2.121402690834532052e+02 7.191620000000000000e+05
1.507973225127458239e+00 2.109656327732557486e+02 7.222500000000000000e+05
1.514255586288884459e+00 2.103159440382811454e+02 7.315100000000000000e+05
1.520548655276809047e+00 2.091470597012460360e+02 7.364420000000000000e+05
1.526828765310179747e+00 2.080132392948996198e+02 7.408980000000000000e+05
1.533114430439595610e+00 2.070337407853700142e+02 7.501580000000000000e+05
1.539410813276927970e+00 2.061233228856384017e+02 7.548660000000000000e+05
1.545694858079805112e+00 2.049418521065862535e+02 7.608260000000000000e+05
1.551969964575633298e+00 2.039882281260078116e+02 7.640340000000000000e+05
1.558245721095042446e+00 2.031098329007633367e+02 7.738460000000000000e+05
1.564534844516594525e+00 2.020653864751130016e+02 7.797140000000000000e+05
1.570816980798636520e+00 2.007224436465663473e+02 7.843140000000000000e+05
1.577093092211928615e+00 2.001752735620738406e+02 7.913420000000000000e+05
1.583381338673179872e+00 1.993309150914032557e+02 7.994580000000000000e+05
1.589671280639133322e+00 1.983775839327724384e+02 8.049620000000000000e+05
1.595952830483094553e+00 1.977690121792601303e+02 8.095500000000000000e+05
1.602217313416965272e+00 1.967491378793968977e+02 8.134580000000000000e+05
