# Real space DM power spectrum.
# The power spectum is corrected for shot-noise and window function.
# Ngrid=512	Interlacing was set to True.
# redshift=2.013288	model=tabulated	Hz_file=/g100/home/userexternal/mbaldi00/SOURCE/DAKAR2/DSC_m09_m02_Hz.dat	zDf_file=None	H0=67.66	Om=0.311049	Ob=0.04897468161869667	sigma8=0.7882104124	ns=0.9665	Tcmb=0.0	Neff=3.046	m_nu=[0]	Fid_model=w0waCDM	Fid_H0=67.659	Fid_Om=0.311438	Fid_w0=-0.9001	Fid_wa=-0.2025	
# n_dm=1.073742e+00[h/Mpc]^3
# k[h/Mpc]		Pk_dm[Mpc^3/h^3]		Nmodes
8.018239401280879974e-03 3.192179788536495380e+03 1.800000000000000000e+01
1.401654949351664563e-02 3.801335814522158671e+03 6.200000000000000000e+01
1.969250245970122562e-02 2.824472695282527184e+03 9.800000000000000000e+01
2.551337480545044084e-02 4.306632070282527820e+03 2.100000000000000000e+02
3.202906010406358223e-02 3.342394748853956116e+03 3.500000000000000000e+02
3.846520933840009981e-02 2.885008399647606893e+03 4.500000000000000000e+02
4.443307405343879801e-02 2.311618096030035758e+03 6.020000000000000000e+02
5.042305588722229004e-02 2.058951387399137730e+03 7.620000000000000000e+02
5.690925724269420977e-02 1.933622749229237343e+03 1.142000000000000000e+03
6.341842361688614094e-02 1.683571877425384628e+03 1.250000000000000000e+03
6.949987936003544642e-02 1.591274438742256734e+03 1.458000000000000000e+03
7.558128466088295805e-02 1.590520441482716478e+03 1.814000000000000000e+03
8.196268225887480552e-02 1.297281716911151307e+03 2.178000000000000000e+03
8.830226267620121250e-02 1.178085090555888883e+03 2.498000000000000000e+03
9.435210882776298713e-02 1.044137422658031483e+03 2.622000000000000000e+03
1.005600000334900268e-01 9.869395581923108693e+02 3.338000000000000000e+03
1.070138172820522676e-01 8.432967134275339731e+02 3.722000000000000000e+03
1.134272720352065417e-01 7.802533297035620308e+02 4.170000000000000000e+03
1.196088736356262089e-01 7.610712588847695770e+02 4.358000000000000000e+03
1.257803526943431782e-01 7.252287886689284733e+02 5.034000000000000000e+03
1.321489366516601371e-01 6.726745577193992176e+02 5.714000000000000000e+03
1.384562346816501366e-01 6.258433347306336145e+02 5.982000000000000000e+03
1.446496334058954558e-01 5.961840969952118030e+02 6.602000000000000000e+03
1.508534077925902661e-01 5.387377166960717432e+02 7.130000000000000000e+03
1.571727997187746806e-01 5.001905656504280842e+02 8.034000000000000000e+03
1.635416756874734368e-01 4.537229593217359138e+02 8.606000000000000000e+03
1.698255044437522454e-01 4.211317427243035354e+02 9.066000000000000000e+03
1.761012440422073944e-01 4.136995497401807711e+02 9.962000000000000000e+03
1.823997330750334323e-01 3.899128954348631737e+02 1.055000000000000000e+04
1.886505794152418258e-01 3.868506122196122305e+02 1.122600000000000000e+04
1.949080233860110145e-01 3.622803932165915057e+02 1.214600000000000000e+04
2.011423980633682551e-01 3.359532165337456604e+02 1.260600000000000000e+04
2.073952711124279202e-01 3.180138665284130752e+02 1.380200000000000000e+04
2.137387912274538171e-01 3.032260584745914684e+02 1.475400000000000000e+04
2.200329442788883927e-01 2.923634319337430725e+02 1.519400000000000000e+04
2.262928915227388205e-01 2.708880526532926183e+02 1.645400000000000000e+04
2.325983565681614684e-01 2.560777132187854477e+02 1.715400000000000000e+04
2.388889575828848644e-01 2.488837984152016816e+02 1.826600000000000000e+04
2.451217204984029174e-01 2.370050240920512010e+02 1.875000000000000000e+04
2.513735730109318833e-01 2.277154106466951760e+02 2.023400000000000000e+04
2.577068704519516196e-01 2.164473487540558381e+02 2.145000000000000000e+04
2.640202590165574015e-01 2.156592429476502559e+02 2.196200000000000000e+04
2.702896249217050517e-01 2.052548081900252157e+02 2.346200000000000000e+04
2.765613443273721161e-01 1.939862383604148874e+02 2.404200000000000000e+04
2.828696817722480827e-01 1.881802167763441958e+02 2.594600000000000000e+04
2.891484548613966754e-01 1.752712388772568204e+02 2.611800000000000000e+04
2.953521325173381618e-01 1.718275482172117563e+02 2.750600000000000000e+04
3.016073414663040242e-01 1.674938477274556874e+02 2.906600000000000000e+04
3.079380380657114613e-01 1.618094491823631813e+02 3.045000000000000000e+04
3.142758188292146815e-01 1.542323722146227567e+02 3.174200000000000000e+04
3.205460861690284657e-01 1.506701347897256085e+02 3.225000000000000000e+04
3.268125857401938394e-01 1.434892613669903767e+02 3.425000000000000000e+04
3.331235790942642661e-01 1.420673517639640977e+02 3.545400000000000000e+04
3.394044287142444771e-01 1.373342260887209534e+02 3.643400000000000000e+04
3.456389225992096970e-01 1.305460140847975197e+02 3.768200000000000000e+04
3.518805674449744791e-01 1.269372451456471538e+02 3.929400000000000000e+04
3.582029755837912721e-01 1.232024702125230391e+02 4.142600000000000000e+04
3.645115539318926068e-01 1.198362926015362859e+02 4.206600000000000000e+04
3.707638220461956791e-01 1.158621586854443137e+02 4.349000000000000000e+04
3.770538406945189158e-01 1.120668284909834114e+02 4.570200000000000000e+04
3.833585849945114754e-01 1.098056826147313529e+02 4.663400000000000000e+04
3.896511111060295685e-01 1.058992166188598247e+02 4.855400000000000000e+04
3.958767350353735170e-01 1.037317222381530826e+02 4.887000000000000000e+04
4.021123550664917334e-01 1.005423749076361304e+02 5.155400000000000000e+04
4.084534706459355680e-01 9.847411281085318535e+01 5.409000000000000000e+04
4.147693430455148822e-01 9.633261490006876215e+01 5.431400000000000000e+04
4.210541279197388409e-01 9.270729102580624215e+01 5.691000000000000000e+04
4.273285528543883660e-01 9.087699133234670512e+01 5.748200000000000000e+04
4.336210871857300031e-01 8.875399395624586418e+01 6.062600000000000000e+04
4.399178901492071248e-01 8.570134415740426448e+01 6.120600000000000000e+04
4.461481615369914944e-01 8.356723903638021511e+01 6.257000000000000000e+04
4.524185591367541615e-01 8.225633907151262747e+01 6.573000000000000000e+04
4.587151924004577719e-01 7.935100055167789890e+01 6.668600000000000000e+04
4.650253487526455620e-01 7.819421904781270882e+01 6.969800000000000000e+04
4.713138026405762626e-01 7.559413225644726708e+01 7.002600000000000000e+04
4.775801322871031096e-01 7.434389530678006963e+01 7.274600000000000000e+04
4.838809178367569630e-01 7.199839308417507766e+01 7.491000000000000000e+04
4.901499165155780435e-01 7.156905380213105161e+01 7.572200000000000000e+04
4.963993143780123241e-01 6.934838601708116812e+01 7.837800000000000000e+04
5.026659111298577010e-01 6.821837753784234337e+01 8.003000000000000000e+04
5.089643413427887841e-01 6.637610896434540564e+01 8.318600000000000000e+04
5.152747315442799403e-01 6.487211682254512368e+01 8.466600000000000000e+04
5.215661708673858810e-01 6.353596071981753823e+01 8.654600000000000000e+04
5.278286396879566800e-01 6.286401747576235266e+01 8.813400000000000000e+04
5.341160320652750260e-01 6.125210944268880553e+01 9.153800000000000000e+04
5.404304286902661403e-01 5.986238675992036917e+01 9.313800000000000000e+04
5.466976878455739319e-01 5.846116562369524416e+01 9.447800000000000000e+04
5.529595373159058580e-01 5.753833015890015901e+01 9.727400000000000000e+04
5.592440147746206014e-01 5.673699420740879873e+01 9.969000000000000000e+04
5.655545845518847869e-01 5.509687218120868124e+01 1.025900000000000000e+05
5.718545124332512497e-01 5.445848661879302455e+01 1.037700000000000000e+05
5.781226402320145397e-01 5.302363576890472530e+01 1.063460000000000000e+05
5.844054810026423352e-01 5.238774491750767481e+01 1.085460000000000000e+05
5.906692678833675991e-01 5.125392298649934730e+01 1.107260000000000000e+05
5.969160111309492756e-01 5.033225891431812471e+01 1.123220000000000000e+05
6.031708558297608214e-01 4.947018747802064098e+01 1.158900000000000000e+05
6.094688112237535149e-01 4.846700691362189417e+01 1.187660000000000000e+05
6.158118423264375974e-01 4.764111115283713360e+01 1.222980000000000000e+05
6.221022681713845870e-01 4.695728828622488749e+01 1.220900000000000000e+05
6.283660508217905338e-01 4.627040224853053729e+01 1.258100000000000000e+05
6.346461619227155015e-01 4.543098727794711778e+01 1.281900000000000000e+05
6.409396473976692876e-01 4.457433798999053209e+01 1.309940000000000000e+05
6.472371834330832296e-01 4.398605078204984409e+01 1.337220000000000000e+05
6.534767429514126702e-01 4.316044579549043192e+01 1.338860000000000000e+05
6.597637022409679197e-01 4.225745910720723231e+01 1.405380000000000000e+05
6.660751593608625898e-01 4.176669085412259363e+01 1.405940000000000000e+05
6.723401943305717943e-01 4.089884442400563103e+01 1.435940000000000000e+05
6.786079373829640993e-01 4.051213310168825643e+01 1.463100000000000000e+05
6.849135514418230875e-01 3.986530868990493559e+01 1.506500000000000000e+05
6.912250943479077980e-01 3.910456615190084051e+01 1.519140000000000000e+05
6.974710436131158486e-01 3.849679252466873436e+01 1.533980000000000000e+05
7.037307548900212373e-01 3.821972958354397321e+01 1.578660000000000000e+05
7.100217936516199924e-01 3.753765811728906243e+01 1.606580000000000000e+05
7.163250787242370077e-01 3.674503115660046859e+01 1.641020000000000000e+05
7.226009447591926760e-01 3.641544458055380318e+01 1.649940000000000000e+05
7.288716701068771453e-01 3.580625764322378757e+01 1.698500000000000000e+05
7.351879459163250807e-01 3.528760843714270123e+01 1.729860000000000000e+05
7.414685146977839647e-01 3.492444013140082859e+01 1.738940000000000000e+05
7.477104477723024445e-01 3.446568949702239593e+01 1.767780000000000000e+05
7.539885226758882286e-01 3.398563928499002884e+01 1.818020000000000000e+05
7.602914782916944114e-01 3.342844264796219278e+01 1.844300000000000000e+05
7.665892437025125794e-01 3.311002765663605629e+01 1.872420000000000000e+05
7.728738187058056264e-01 3.265191001408360449e+01 1.902500000000000000e+05
7.791494140893913123e-01 3.215338947814455395e+01 1.925700000000000000e+05
7.854515901778583720e-01 3.154637270517711300e+01 1.982540000000000000e+05
7.917409748104085043e-01 3.136352934941291437e+01 1.980740000000000000e+05
7.979940385111662371e-01 3.088518571541174396e+01 2.020500000000000000e+05
8.042571846768763466e-01 3.044075166310483382e+01 2.055020000000000000e+05
8.105619462845171652e-01 2.998710280014836371e+01 2.106660000000000000e+05
8.168641867275381330e-01 2.984357786130103207e+01 2.124260000000000000e+05
8.231256696255031535e-01 2.919293765594015611e+01 2.139180000000000000e+05
8.294110748726144511e-01 2.887314044248000400e+01 2.209940000000000000e+05
8.357113707437004990e-01 2.871234261439509439e+01 2.215220000000000000e+05
8.419948002460609926e-01 2.800121363613595449e+01 2.263140000000000000e+05
8.482593350903800955e-01 2.791751417426482362e+01 2.272940000000000000e+05
8.545301115901441369e-01 2.745214125210304346e+01 2.329620000000000000e+05
8.608435414229801408e-01 2.726783182076250256e+01 2.378180000000000000e+05
8.671393362117422177e-01 2.682495054848119054e+01 2.383980000000000000e+05
8.733948081113820372e-01 2.656725251092081308e+01 2.414180000000000000e+05
8.796646205952306508e-01 2.641301616891214010e+01 2.468180000000000000e+05
8.859565087287600837e-01 2.600288468731500657e+01 2.499060000000000000e+05
8.922534924202312201e-01 2.574996575449069169e+01 2.547020000000000000e+05
8.985217857854136403e-01 2.528944010727023439e+01 2.544180000000000000e+05
9.047744920414614311e-01 2.500158992144757519e+01 2.603540000000000000e+05
9.110610772062064378e-01 2.489745685280004039e+01 2.649740000000000000e+05
9.173652030728716156e-01 2.441667089075021835e+01 2.687220000000000000e+05
9.236564978724189912e-01 2.425900412794231897e+01 2.715620000000000000e+05
9.299448038968107788e-01 2.401923732320226179e+01 2.755860000000000000e+05
9.362445064485998003e-01 2.371709992440304404e+01 2.801900000000000000e+05
9.425390102875164100e-01 2.346644431338242853e+01 2.828340000000000000e+05
9.488116425969939094e-01 2.312551019180455114e+01 2.851700000000000000e+05
9.550714374598537892e-01 2.299978482622485032e+01 2.898860000000000000e+05
9.613552636148307018e-01 2.274980547064488334e+01 2.944740000000000000e+05
9.676548604748713700e-01 2.255031670177367786e+01 2.994980000000000000e+05
9.739319897320198871e-01 2.232544003881706729e+01 2.999580000000000000e+05
9.801989291478477861e-01 2.206133578318454624e+01 3.058580000000000000e+05
9.864886628427461668e-01 2.187450379268890899e+01 3.107940000000000000e+05
9.927793936164199806e-01 2.163505141047468783e+01 3.130820000000000000e+05
9.990361166530091763e-01 2.134924101422918241e+01 3.160460000000000000e+05
1.005310172388236056e+00 2.119806498287665164e+01 3.222180000000000000e+05
1.011625805491854102e+00 2.097092570729174099e+01 3.285620000000000000e+05
1.017917766942204150e+00 2.079060187430064843e+01 3.279900000000000000e+05
1.024197689983066040e+00 2.062250972177979591e+01 3.352820000000000000e+05
1.030472573734562358e+00 2.032538189304532494e+01 3.359700000000000000e+05
1.036757776698311151e+00 2.025043034488252758e+01 3.440660000000000000e+05
1.043033361905228329e+00 1.995061698048492360e+01 3.437180000000000000e+05
1.049301684494551079e+00 1.977055339622930674e+01 3.514980000000000000e+05
1.055593059295673708e+00 1.958946268061927398e+01 3.544580000000000000e+05
1.061871457102441241e+00 1.943034863793674205e+01 3.585660000000000000e+05
1.068178001041605985e+00 1.929627369111015156e+01 3.661220000000000000e+05
1.074470180493512173e+00 1.912915554243982186e+01 3.658100000000000000e+05
1.080737053769623701e+00 1.893382668995981533e+01 3.716220000000000000e+05
1.087020489212936480e+00 1.861427353800573670e+01 3.759860000000000000e+05
1.093314462971749057e+00 1.855489690886046006e+01 3.821700000000000000e+05
1.099587869600829659e+00 1.842666735776067810e+01 3.818180000000000000e+05
1.105847463881620474e+00 1.819382566423002956e+01 3.895740000000000000e+05
1.112134280670179054e+00 1.805248227072282674e+01 3.936980000000000000e+05
1.118428377412835406e+00 1.786291611881411967e+01 3.994580000000000000e+05
1.124715645780198781e+00 1.768879517130593015e+01 4.022220000000000000e+05
1.130996124361501431e+00 1.760367799060340843e+01 4.069220000000000000e+05
1.137284456696317392e+00 1.744256743657524567e+01 4.128420000000000000e+05
1.143571288435853983e+00 1.728933201216277382e+01 4.153460000000000000e+05
1.149847667202570811e+00 1.714867847006354395e+01 4.211820000000000000e+05
1.156130444085272213e+00 1.694568028173413410e+01 4.250180000000000000e+05
1.162419353814765133e+00 1.685873536506972670e+01 4.311380000000000000e+05
1.168705445387328012e+00 1.671763962915907697e+01 4.343820000000000000e+05
1.174988745725767281e+00 1.658477702630735706e+01 4.395140000000000000e+05
1.181273977502684147e+00 1.644743075880779415e+01 4.447380000000000000e+05
1.187562659051211167e+00 1.632874068973594817e+01 4.489100000000000000e+05
1.193823213156303353e+00 1.618895446713607456e+01 4.506180000000000000e+05
1.200093696126397269e+00 1.598538906318987074e+01 4.595540000000000000e+05
1.206384684590767753e+00 1.589248990028227837e+01 4.631060000000000000e+05
1.212657716259795793e+00 1.574297960010738251e+01 4.670940000000000000e+05
1.218950061014193453e+00 1.558298876707543457e+01 4.749380000000000000e+05
1.225240784026401242e+00 1.556583786177620254e+01 4.771860000000000000e+05
1.231532244371714047e+00 1.543709201675597242e+01 4.846700000000000000e+05
1.237823116543606217e+00 1.533291019267882760e+01 4.870100000000000000e+05
1.244104630523539479e+00 1.512905783218424816e+01 4.933140000000000000e+05
1.250385916236761652e+00 1.507004548885944217e+01 4.963220000000000000e+05
1.256652750742101254e+00 1.500074666170409010e+01 5.017020000000000000e+05
1.262935091931613352e+00 1.485806003753407367e+01 5.085620000000000000e+05
1.269233477511062080e+00 1.469341636152742758e+01 5.142420000000000000e+05
1.275514616938773216e+00 1.460861287150760823e+01 5.161580000000000000e+05
1.281786872211649220e+00 1.451849679079070121e+01 5.226020000000000000e+05
1.288079462048372426e+00 1.440282578459139273e+01 5.306580000000000000e+05
1.294361149637119013e+00 1.430470966433917113e+01 5.300420000000000000e+05
1.300627926004322754e+00 1.419114113702240587e+01 5.388780000000000000e+05
1.306914643728855463e+00 1.402643476278551127e+01 5.441300000000000000e+05
1.313214369136572968e+00 1.399837334595152782e+01 5.511060000000000000e+05
1.319506178663429896e+00 1.390706296859711699e+01 5.539820000000000000e+05
1.325784332573166857e+00 1.376160002884323674e+01 5.582420000000000000e+05
1.332057263563118710e+00 1.368239357960401748e+01 5.645460000000000000e+05
1.338340549575027794e+00 1.354164558981745081e+01 5.704940000000000000e+05
1.344633835480066875e+00 1.342196699716629738e+01 5.767620000000000000e+05
1.350907484373135237e+00 1.337038313622131014e+01 5.782340000000000000e+05
1.357175487163077676e+00 1.326637543073228009e+01 5.856660000000000000e+05
1.363467141694861828e+00 1.318410927285258438e+01 5.944460000000000000e+05
1.369755686854475130e+00 1.309714193609430666e+01 5.952500000000000000e+05
1.376032186684321701e+00 1.302494538604756258e+01 6.034020000000000000e+05
1.382313839440675540e+00 1.291323159393084019e+01 6.073820000000000000e+05
1.388610058625191268e+00 1.284687875113288946e+01 6.170100000000000000e+05
1.394895499348251855e+00 1.275084021329200290e+01 6.167780000000000000e+05
1.401166240321837453e+00 1.264347742410400244e+01 6.247460000000000000e+05
1.407434432864556273e+00 1.255381742748622464e+01 6.280620000000000000e+05
1.413722933193898301e+00 1.251683275608000656e+01 6.394100000000000000e+05
1.420027475896342928e+00 1.240742638720760738e+01 6.429540000000000000e+05
1.426307149789788564e+00 1.233636312171285709e+01 6.459740000000000000e+05
1.432584485912613337e+00 1.222159177755517412e+01 6.534900000000000000e+05
1.438876982104692948e+00 1.210311879922560507e+01 6.607460000000000000e+05
1.445167658311597991e+00 1.210493432003219993e+01 6.646460000000000000e+05
1.451434581318592487e+00 1.203152716088183105e+01 6.672900000000000000e+05
1.457714146029685631e+00 1.193910364851915062e+01 6.790340000000000000e+05
1.464013702919821469e+00 1.185982081903522989e+01 6.827220000000000000e+05
1.470311375243267715e+00 1.177715699392676107e+01 6.912380000000000000e+05
1.476585168270965198e+00 1.169561867737042959e+01 6.886020000000000000e+05
1.482847620858654736e+00 1.164871583720143455e+01 7.008260000000000000e+05
1.489134257848029552e+00 1.154890875426435315e+01 7.056620000000000000e+05
1.495410090151012339e+00 1.145822398479596949e+01 7.100820000000000000e+05
1.501688804650891385e+00 1.140981892062481506e+01 7.191620000000000000e+05
1.507973225127458239e+00 1.135349985529106220e+01 7.222500000000000000e+05
1.514255586288884459e+00 1.125046031283650549e+01 7.315100000000000000e+05
1.520548655276809047e+00 1.119222008047480799e+01 7.364420000000000000e+05
1.526828765310179747e+00 1.111146064250752730e+01 7.408980000000000000e+05
1.533114430439595610e+00 1.109310427946059541e+01 7.501580000000000000e+05
1.539410813276927970e+00 1.099471727881546279e+01 7.548660000000000000e+05
1.545694858079805112e+00 1.092768460968158806e+01 7.608260000000000000e+05
1.551969964575633298e+00 1.087767545426805427e+01 7.640340000000000000e+05
1.558245721095042446e+00 1.077662448461852840e+01 7.738460000000000000e+05
1.564534844516594525e+00 1.071370624364352331e+01 7.797140000000000000e+05
1.570816980798636520e+00 1.064083730012856499e+01 7.843140000000000000e+05
1.577093092211928615e+00 1.056825156652703690e+01 7.913420000000000000e+05
1.583381338673179872e+00 1.053885847304431067e+01 7.994580000000000000e+05
1.589671280639133322e+00 1.046550485326310387e+01 8.049620000000000000e+05
1.595952830483094553e+00 1.043056242322282579e+01 8.095500000000000000e+05
1.602217313416965272e+00 1.034545385391555783e+01 8.134580000000000000e+05
