# Real space DM power spectrum.
# The power spectum is corrected for shot-noise and window function.
# Ngrid=512	Interlacing was set to True.
# redshift=1.000000	model=tabulated	Hz_file=/g100/home/userexternal/mbaldi00/SOURCE/DAKAR2/DSC_m09_m02_Hz.dat	zDf_file=None	H0=67.66	Om=0.311049	Ob=0.04897468161869667	sigma8=0.7882104124	ns=0.9665	Tcmb=0.0	Neff=3.046	m_nu=[0]	Fid_model=w0waCDM	Fid_H0=67.659	Fid_Om=0.311438	Fid_w0=-0.9001	Fid_wa=-0.2025	
# n_dm=1.073742e+00[h/Mpc]^3
# k[h/Mpc]		Pk_dm[Mpc^3/h^3]		Nmodes
8.018239401280879974e-03 6.841969719092050582e+03 1.800000000000000000e+01
1.401654949351664563e-02 8.151627145167320123e+03 6.200000000000000000e+01
1.969250245970122562e-02 6.036460896813138788e+03 9.800000000000000000e+01
2.551337480545044084e-02 9.178119867901576072e+03 2.100000000000000000e+02
3.202906010406358223e-02 7.127492963139669882e+03 3.500000000000000000e+02
3.846520933840009981e-02 6.144334788536495580e+03 4.500000000000000000e+02
4.443307405343879801e-02 4.912735205664587738e+03 6.020000000000000000e+02
5.042305588722229004e-02 4.386225173488376640e+03 7.620000000000000000e+02
5.690925724269420977e-02 4.133652302644298288e+03 1.142000000000000000e+03
6.341842361688614094e-02 3.580881477425384674e+03 1.250000000000000000e+03
6.949987936003544642e-02 3.399776496355425479e+03 1.458000000000000000e+03
7.558128466088295805e-02 3.399885932111161765e+03 1.814000000000000000e+03
8.196268225887480552e-02 2.766702286240811645e+03 2.178000000000000000e+03
8.830226267620121250e-02 2.504300262693599052e+03 2.498000000000000000e+03
9.435210882776298713e-02 2.225508608775498942e+03 2.622000000000000000e+03
1.005600000334900268e-01 2.115100283177331676e+03 3.338000000000000000e+03
1.070138172820522676e-01 1.804611665066437808e+03 3.722000000000000000e+03
1.134272720352065417e-01 1.689239660638813803e+03 4.170000000000000000e+03
1.196088736356262089e-01 1.641320972055949142e+03 4.358000000000000000e+03
1.257803526943431782e-01 1.557741998839766666e+03 5.034000000000000000e+03
1.321489366516601371e-01 1.455672195101268244e+03 5.714000000000000000e+03
1.384562346816501366e-01 1.345046026138189518e+03 5.982000000000000000e+03
1.446496334058954558e-01 1.290852076395393624e+03 6.602000000000000000e+03
1.508534077925902661e-01 1.172008719501120822e+03 7.130000000000000000e+03
1.571727997187746806e-01 1.090210325421401421e+03 8.034000000000000000e+03
1.635416756874734368e-01 9.952917775880616773e+02 8.606000000000000000e+03
1.698255044437522454e-01 9.281335351355102148e+02 9.066000000000000000e+03
1.761012440422073944e-01 9.114226224163502366e+02 9.962000000000000000e+03
1.823997330750334323e-01 8.600283930651949049e+02 1.055000000000000000e+04
1.886505794152418258e-01 8.535361636181513632e+02 1.122600000000000000e+04
1.949080233860110145e-01 7.975943648945101359e+02 1.214600000000000000e+04
2.011423980633682551e-01 7.475009319073773213e+02 1.260600000000000000e+04
2.073952711124279202e-01 7.021307698757540265e+02 1.380200000000000000e+04
2.137387912274538171e-01 6.750987031811117731e+02 1.475400000000000000e+04
2.200329442788883927e-01 6.593405610636627898e+02 1.519400000000000000e+04
2.262928915227388205e-01 6.121827530301006846e+02 1.645400000000000000e+04
2.325983565681614684e-01 5.838275674801822106e+02 1.715400000000000000e+04
2.388889575828848644e-01 5.687717870279248018e+02 1.826600000000000000e+04
2.451217204984029174e-01 5.417110774253844738e+02 1.875000000000000000e+04
2.513735730109318833e-01 5.238119807761802349e+02 2.023400000000000000e+04
2.577068704519516196e-01 4.977387939755010962e+02 2.145000000000000000e+04
2.640202590165574015e-01 4.925455920961795186e+02 2.196200000000000000e+04
2.702896249217050517e-01 4.707833223831886471e+02 2.346200000000000000e+04
2.765613443273721161e-01 4.508034748632016999e+02 2.404200000000000000e+04
2.828696817722480827e-01 4.390035806860026923e+02 2.594600000000000000e+04
2.891484548613966754e-01 4.114512105443063774e+02 2.611800000000000000e+04
2.953521325173381618e-01 4.046033971229050508e+02 2.750600000000000000e+04
3.016073414663040242e-01 3.978678585992646504e+02 2.906600000000000000e+04
3.079380380657114613e-01 3.818946215961562984e+02 3.045000000000000000e+04
3.142758188292146815e-01 3.650946682262162426e+02 3.174200000000000000e+04
3.205460861690284657e-01 3.584452355649194146e+02 3.225000000000000000e+04
3.268125857401938394e-01 3.434126190312239260e+02 3.425000000000000000e+04
3.331235790942642661e-01 3.383963132351661898e+02 3.545400000000000000e+04
3.394044287142444771e-01 3.301148979885946915e+02 3.643400000000000000e+04
3.456389225992096970e-01 3.165442095096688035e+02 3.768200000000000000e+04
3.518805674449744791e-01 3.078400929086644169e+02 3.929400000000000000e+04
3.582029755837912721e-01 3.002074791441119146e+02 4.142600000000000000e+04
3.645115539318926068e-01 2.931574902433372358e+02 4.206600000000000000e+04
3.707638220461956791e-01 2.835599397845475664e+02 4.349000000000000000e+04
3.770538406945189158e-01 2.767338124304171174e+02 4.570200000000000000e+04
3.833585849945114754e-01 2.724909015537029404e+02 4.663400000000000000e+04
3.896511111060295685e-01 2.647621527312295484e+02 4.855400000000000000e+04
3.958767350353735170e-01 2.589897332878768452e+02 4.887000000000000000e+04
4.021123550664917334e-01 2.520394071456777851e+02 5.155400000000000000e+04
4.084534706459355680e-01 2.467728001837502063e+02 5.409000000000000000e+04
4.147693430455148822e-01 2.442173131362509366e+02 5.431400000000000000e+04
4.210541279197388409e-01 2.359082838214484923e+02 5.691000000000000000e+04
4.273285528543883660e-01 2.313292111576833179e+02 5.748200000000000000e+04
4.336210871857300031e-01 2.265224431364655686e+02 6.062600000000000000e+04
4.399178901492071248e-01 2.189534109482417819e+02 6.120600000000000000e+04
4.461481615369914944e-01 2.151271239652598695e+02 6.257000000000000000e+04
4.524185591367541615e-01 2.122683883640731040e+02 6.573000000000000000e+04
4.587151924004577719e-01 2.057971211766966348e+02 6.668600000000000000e+04
4.650253487526455620e-01 2.036327395218578715e+02 6.969800000000000000e+04
4.713138026405762626e-01 1.980692343613797277e+02 7.002600000000000000e+04
4.775801322871031096e-01 1.959938142026643675e+02 7.274600000000000000e+04
4.838809178367569630e-01 1.903654201833607544e+02 7.491000000000000000e+04
4.901499165155780435e-01 1.888747575606160467e+02 7.572200000000000000e+04
4.963993143780123241e-01 1.845756053898643643e+02 7.837800000000000000e+04
5.026659111298577010e-01 1.818978789748034899e+02 8.003000000000000000e+04
5.089643413427887841e-01 1.784762580278897701e+02 8.318600000000000000e+04
5.152747315442799403e-01 1.747986516771502750e+02 8.466600000000000000e+04
5.215661708673858810e-01 1.720631543509501284e+02 8.654600000000000000e+04
5.278286396879566800e-01 1.696794292351287652e+02 8.813400000000000000e+04
5.341160320652750260e-01 1.667304135349783394e+02 9.153800000000000000e+04
5.404304286902661403e-01 1.636053649213582162e+02 9.313800000000000000e+04
5.466976878455739319e-01 1.608315005164745344e+02 9.447800000000000000e+04
5.529595373159058580e-01 1.578858536492470250e+02 9.727400000000000000e+04
5.592440147746206014e-01 1.563165759106889823e+02 9.969000000000000000e+04
5.655545845518847869e-01 1.525463653091938738e+02 1.025900000000000000e+05
5.718545124332512497e-01 1.504937039263000145e+02 1.037700000000000000e+05
5.781226402320145397e-01 1.493066929595842112e+02 1.063460000000000000e+05
5.844054810026423352e-01 1.465868264129105398e+02 1.085460000000000000e+05
5.906692678833675991e-01 1.446650323916977641e+02 1.107260000000000000e+05
5.969160111309492756e-01 1.418410283450618863e+02 1.123220000000000000e+05
6.031708558297608214e-01 1.404078956495626187e+02 1.158900000000000000e+05
6.094688112237535149e-01 1.380737041165250787e+02 1.187660000000000000e+05
6.158118423264375974e-01 1.359131720205537022e+02 1.222980000000000000e+05
6.221022681713845870e-01 1.342685709465574462e+02 1.220900000000000000e+05
6.283660508217905338e-01 1.322478523717321934e+02 1.258100000000000000e+05
6.346461619227155015e-01 1.300423883232704725e+02 1.281900000000000000e+05
6.409396473976692876e-01 1.281440701914654028e+02 1.309940000000000000e+05
6.472371834330832296e-01 1.275861539812242427e+02 1.337220000000000000e+05
6.534767429514126702e-01 1.254736637570398159e+02 1.338860000000000000e+05
6.597637022409679197e-01 1.225789166489397104e+02 1.405380000000000000e+05
6.660751593608625898e-01 1.218612859293036053e+02 1.405940000000000000e+05
6.723401943305717943e-01 1.197197631253441301e+02 1.435940000000000000e+05
6.786079373829640993e-01 1.194364444953045421e+02 1.463100000000000000e+05
6.849135514418230875e-01 1.181437786533964669e+02 1.506500000000000000e+05
6.912250943479077980e-01 1.163360260568470608e+02 1.519140000000000000e+05
6.974710436131158486e-01 1.149395492750826975e+02 1.533980000000000000e+05
7.037307548900212373e-01 1.137689295379356764e+02 1.578660000000000000e+05
7.100217936516199924e-01 1.120393231448631752e+02 1.606580000000000000e+05
7.163250787242370077e-01 1.105444790609526393e+02 1.641020000000000000e+05
7.226009447591926760e-01 1.097261922441052064e+02 1.649940000000000000e+05
7.288716701068771453e-01 1.080711030950930791e+02 1.698500000000000000e+05
7.351879459163250807e-01 1.069391293694724823e+02 1.729860000000000000e+05
7.414685146977839647e-01 1.061040437980023228e+02 1.738940000000000000e+05
7.477104477723024445e-01 1.040780451068833514e+02 1.767780000000000000e+05
7.539885226758882286e-01 1.042870688622224122e+02 1.818020000000000000e+05
7.602914782916944114e-01 1.028889994987999188e+02 1.844300000000000000e+05
7.665892437025125794e-01 1.017123791589699380e+02 1.872420000000000000e+05
7.728738187058056264e-01 1.010240519326118687e+02 1.902500000000000000e+05
7.791494140893913123e-01 9.950443585089212206e+01 1.925700000000000000e+05
7.854515901778583720e-01 9.865262529024475668e+01 1.982540000000000000e+05
7.917409748104085043e-01 9.722402340718930702e+01 1.980740000000000000e+05
7.979940385111662371e-01 9.641212706656244791e+01 2.020500000000000000e+05
8.042571846768763466e-01 9.544080032443172001e+01 2.055020000000000000e+05
8.105619462845171652e-01 9.503960771313859368e+01 2.106660000000000000e+05
8.168641867275381330e-01 9.383640830578522696e+01 2.124260000000000000e+05
8.231256696255031535e-01 9.304894089082455366e+01 2.139180000000000000e+05
8.294110748726144511e-01 9.173034244796431835e+01 2.209940000000000000e+05
8.357113707437004990e-01 9.118567709133192523e+01 2.215220000000000000e+05
8.419948002460609926e-01 8.955358777118725300e+01 2.263140000000000000e+05
8.482593350903800955e-01 8.951985519514526857e+01 2.272940000000000000e+05
8.545301115901441369e-01 8.875344146415480395e+01 2.329620000000000000e+05
8.608435414229801408e-01 8.784388367554221588e+01 2.378180000000000000e+05
8.671393362117422177e-01 8.648276646975570259e+01 2.383980000000000000e+05
8.733948081113820372e-01 8.588847545204367862e+01 2.414180000000000000e+05
8.796646205952306508e-01 8.529224296760590107e+01 2.468180000000000000e+05
8.859565087287600837e-01 8.499063208033477679e+01 2.499060000000000000e+05
8.922534924202312201e-01 8.421283805231324493e+01 2.547020000000000000e+05
8.985217857854136403e-01 8.315816008777474622e+01 2.544180000000000000e+05
9.047744920414614311e-01 8.264431674723093124e+01 2.603540000000000000e+05
9.110610772062064378e-01 8.196383695046999662e+01 2.649740000000000000e+05
9.173652030728716156e-01 8.080612355930730928e+01 2.687220000000000000e+05
9.236564978724189912e-01 8.003717080811112794e+01 2.715620000000000000e+05
9.299448038968107788e-01 7.983155362374002095e+01 2.755860000000000000e+05
9.362445064485998003e-01 7.875381251228984070e+01 2.801900000000000000e+05
9.425390102875164100e-01 7.833156661126740516e+01 2.828340000000000000e+05
9.488116425969939094e-01 7.763773447907179559e+01 2.851700000000000000e+05
9.550714374598537892e-01 7.693786048355221396e+01 2.898860000000000000e+05
9.613552636148307018e-01 7.670400006847016527e+01 2.944740000000000000e+05
9.676548604748713700e-01 7.571264833670946359e+01 2.994980000000000000e+05
9.739319897320198871e-01 7.545712514139809457e+01 2.999580000000000000e+05
9.801989291478477861e-01 7.469136507782454260e+01 3.058580000000000000e+05
9.864886628427461668e-01 7.417941958900415500e+01 3.107940000000000000e+05
9.927793936164199806e-01 7.351077885568074066e+01 3.130820000000000000e+05
9.990361166530091763e-01 7.277898541852475489e+01 3.160460000000000000e+05
1.005310172388236056e+00 7.260264511185765457e+01 3.222180000000000000e+05
1.011625805491854102e+00 7.169689371333016936e+01 3.285620000000000000e+05
1.017917766942204150e+00 7.136610112732665812e+01 3.279900000000000000e+05
1.024197689983066040e+00 7.077121439426444738e+01 3.352820000000000000e+05
1.030472573734562358e+00 7.051499703725463064e+01 3.359700000000000000e+05
1.036757776698311151e+00 6.998470516424858090e+01 3.440660000000000000e+05
1.043033361905228329e+00 6.941192974269114302e+01 3.437180000000000000e+05
1.049301684494551079e+00 6.848004249716302638e+01 3.514980000000000000e+05
1.055593059295673708e+00 6.821877701405229288e+01 3.544580000000000000e+05
1.061871457102441241e+00 6.784564456671972721e+01 3.585660000000000000e+05
1.068178001041605985e+00 6.728975673774488087e+01 3.661220000000000000e+05
1.074470180493512173e+00 6.716882777665976789e+01 3.658100000000000000e+05
1.080737053769623701e+00 6.663544688467379729e+01 3.716220000000000000e+05
1.087020489212936480e+00 6.585224915411910729e+01 3.759860000000000000e+05
1.093314462971749057e+00 6.546235039814533252e+01 3.821700000000000000e+05
1.099587869600829659e+00 6.505397932314733112e+01 3.818180000000000000e+05
1.105847463881620474e+00 6.475511440526510398e+01 3.895740000000000000e+05
1.112134280670179054e+00 6.432156161580458331e+01 3.936980000000000000e+05
1.118428377412835406e+00 6.375839198861770285e+01 3.994580000000000000e+05
1.124715645780198781e+00 6.343459972699905336e+01 4.022220000000000000e+05
1.130996124361501431e+00 6.316702551174996927e+01 4.069220000000000000e+05
1.137284456696317392e+00 6.269105596245197631e+01 4.128420000000000000e+05
1.143571288435853983e+00 6.224715031304926782e+01 4.153460000000000000e+05
1.149847667202570811e+00 6.193656826592376774e+01 4.211820000000000000e+05
1.156130444085272213e+00 6.142614463853784912e+01 4.250180000000000000e+05
1.162419353814765133e+00 6.084799170526706291e+01 4.311380000000000000e+05
1.168705445387328012e+00 6.040439575625457991e+01 4.343820000000000000e+05
1.174988745725767281e+00 6.019851629286086592e+01 4.395140000000000000e+05
1.181273977502684147e+00 5.989279409632336382e+01 4.447380000000000000e+05
1.187562659051211167e+00 5.924850857193950304e+01 4.489100000000000000e+05
1.193823213156303353e+00 5.902803546256901512e+01 4.506180000000000000e+05
1.200093696126397269e+00 5.849700576111872863e+01 4.595540000000000000e+05
1.206384684590767753e+00 5.837965158680761135e+01 4.631060000000000000e+05
1.212657716259795793e+00 5.782473081078445887e+01 4.670940000000000000e+05
1.218950061014193453e+00 5.757810813002386396e+01 4.749380000000000000e+05
1.225240784026401242e+00 5.714691945260241823e+01 4.771860000000000000e+05
1.231532244371714047e+00 5.671172114585412061e+01 4.846700000000000000e+05
1.237823116543606217e+00 5.670575263944584066e+01 4.870100000000000000e+05
1.244104630523539479e+00 5.633636494286831464e+01 4.933140000000000000e+05
1.250385916236761652e+00 5.601193603572215807e+01 4.963220000000000000e+05
1.256652750742101254e+00 5.542691000169475757e+01 5.017020000000000000e+05
1.262935091931613352e+00 5.518258290790189591e+01 5.085620000000000000e+05
1.269233477511062080e+00 5.489788624146722640e+01 5.142420000000000000e+05
1.275514616938773216e+00 5.462449173030665861e+01 5.161580000000000000e+05
1.281786872211649220e+00 5.436665561911512157e+01 5.226020000000000000e+05
1.288079462048372426e+00 5.396246589177907538e+01 5.306580000000000000e+05
1.294361149637119013e+00 5.372948543682512934e+01 5.300420000000000000e+05
1.300627926004322754e+00 5.346370561358296669e+01 5.388780000000000000e+05
1.306914643728855463e+00 5.310326842385914858e+01 5.441300000000000000e+05
1.313214369136572968e+00 5.294383392885209361e+01 5.511060000000000000e+05
1.319506178663429896e+00 5.261453270588100395e+01 5.539820000000000000e+05
1.325784332573166857e+00 5.206625553666959405e+01 5.582420000000000000e+05
1.332057263563118710e+00 5.192671910843603200e+01 5.645460000000000000e+05
1.338340549575027794e+00 5.158965047681012805e+01 5.704940000000000000e+05
1.344633835480066875e+00 5.142902016641114926e+01 5.767620000000000000e+05
1.350907484373135237e+00 5.114874881516789884e+01 5.782340000000000000e+05
1.357175487163077676e+00 5.079575395022973794e+01 5.856660000000000000e+05
1.363467141694861828e+00 5.066775959601061885e+01 5.944460000000000000e+05
1.369755686854475130e+00 5.036444223008842869e+01 5.952500000000000000e+05
1.376032186684321701e+00 4.991820394336092903e+01 6.034020000000000000e+05
1.382313839440675540e+00 4.970484049903504342e+01 6.073820000000000000e+05
1.388610058625191268e+00 4.953851746039205750e+01 6.170100000000000000e+05
1.394895499348251855e+00 4.917430700361202156e+01 6.167780000000000000e+05
1.401166240321837453e+00 4.893255170389130626e+01 6.247460000000000000e+05
1.407434432864556273e+00 4.866795265617383848e+01 6.280620000000000000e+05
1.413722933193898301e+00 4.861583496123788706e+01 6.394100000000000000e+05
1.420027475896342928e+00 4.804357765152823134e+01 6.429540000000000000e+05
1.426307149789788564e+00 4.799227806565797039e+01 6.459740000000000000e+05
1.432584485912613337e+00 4.785201917506699232e+01 6.534900000000000000e+05
1.438876982104692948e+00 4.761303183691331498e+01 6.607460000000000000e+05
1.445167658311597991e+00 4.728829809563605835e+01 6.646460000000000000e+05
1.451434581318592487e+00 4.696762091322339217e+01 6.672900000000000000e+05
1.457714146029685631e+00 4.681777982673703065e+01 6.790340000000000000e+05
1.464013702919821469e+00 4.650471727762305818e+01 6.827220000000000000e+05
1.470311375243267715e+00 4.624501321710893365e+01 6.912380000000000000e+05
1.476585168270965198e+00 4.617590337012473611e+01 6.886020000000000000e+05
1.482847620858654736e+00 4.586737496229097388e+01 7.008260000000000000e+05
1.489134257848029552e+00 4.562336224616274194e+01 7.056620000000000000e+05
1.495410090151012339e+00 4.531148881899821390e+01 7.100820000000000000e+05
1.501688804650891385e+00 4.520730543965668602e+01 7.191620000000000000e+05
1.507973225127458239e+00 4.502221152022702455e+01 7.222500000000000000e+05
1.514255586288884459e+00 4.479245700461105173e+01 7.315100000000000000e+05
1.520548655276809047e+00 4.451273411959805770e+01 7.364420000000000000e+05
1.526828765310179747e+00 4.438015079958717735e+01 7.408980000000000000e+05
1.533114430439595610e+00 4.411469173170399216e+01 7.501580000000000000e+05
1.539410813276927970e+00 4.375987824778214019e+01 7.548660000000000000e+05
1.545694858079805112e+00 4.354258341703044266e+01 7.608260000000000000e+05
1.551969964575633298e+00 4.338651668384684257e+01 7.640340000000000000e+05
1.558245721095042446e+00 4.331145958100721316e+01 7.738460000000000000e+05
1.564534844516594525e+00 4.310226922955887119e+01 7.797140000000000000e+05
1.570816980798636520e+00 4.282950280909563645e+01 7.843140000000000000e+05
1.577093092211928615e+00 4.249030296781749882e+01 7.913420000000000000e+05
1.583381338673179872e+00 4.246797544979605732e+01 7.994580000000000000e+05
1.589671280639133322e+00 4.211497774763575563e+01 8.049620000000000000e+05
1.595952830483094553e+00 4.203280811527396565e+01 8.095500000000000000e+05
1.602217313416965272e+00 4.192527727442405450e+01 8.134580000000000000e+05
