# Real space DM power spectrum.
# The power spectum is corrected for shot-noise and window function.
# Ngrid=512	Interlacing was set to True.
# redshift=2.479559	model=tabulated	Hz_file=/g100/home/userexternal/mbaldi00/SOURCE/DAKAR2/DSC_m09_m02_Hz.dat	zDf_file=None	H0=67.66	Om=0.311049	Ob=0.04897468161869667	sigma8=0.7882104124	ns=0.9665	Tcmb=0.0	Neff=3.046	m_nu=[0]	Fid_model=w0waCDM	Fid_H0=67.659	Fid_Om=0.311438	Fid_w0=-0.9001	Fid_wa=-0.2025	
# n_dm=1.073742e+00[h/Mpc]^3
# k[h/Mpc]		Pk_dm[Mpc^3/h^3]		Nmodes
8.018239401280879974e-03 2.409352097564273208e+03 1.800000000000000000e+01
1.401654949351664563e-02 2.868888737909255269e+03 6.200000000000000000e+01
1.969250245970122562e-02 2.133781209313139243e+03 9.800000000000000000e+01
2.551337480545044084e-02 3.256343677425384612e+03 2.100000000000000000e+02
3.202906010406358223e-02 2.526992070282527493e+03 3.500000000000000000e+02
3.846520933840009981e-02 2.182154371869828992e+03 4.500000000000000000e+02
4.443307405343879801e-02 1.749461742209437716e+03 6.020000000000000000e+02
5.042305588722229004e-02 1.557043907084177135e+03 7.620000000000000000e+02
5.690925724269420977e-02 1.460643108248501903e+03 1.142000000000000000e+03
6.341842361688614094e-02 1.273415277425384602e+03 1.250000000000000000e+03
6.949987936003544642e-02 1.201857086204533971e+03 1.458000000000000000e+03
7.558128466088295805e-02 1.201038082056035137e+03 1.814000000000000000e+03
8.196268225887480552e-02 9.804032733849804799e+02 2.178000000000000000e+03
8.830226267620121250e-02 8.913276846311490544e+02 2.498000000000000000e+03
9.435210882776298713e-02 7.893340283025775079e+02 2.622000000000000000e+03
1.005600000334900268e-01 7.449485456099262137e+02 3.338000000000000000e+03
1.070138172820522676e-01 6.372042228310804148e+02 3.722000000000000000e+03
1.134272720352065417e-01 5.874318069217873699e+02 4.170000000000000000e+03
1.196088736356262089e-01 5.735861739834386981e+02 4.358000000000000000e+03
1.257803526943431782e-01 5.470886913308274870e+02 5.034000000000000000e+03
1.321489366516601371e-01 5.062548429836623995e+02 5.714000000000000000e+03
1.384562346816501366e-01 4.720671311198011040e+02 5.982000000000000000e+03
1.446496334058954558e-01 4.488626035083896681e+02 6.602000000000000000e+03
1.508534077925902661e-01 4.051122959387085416e+02 7.130000000000000000e+03
1.571727997187746806e-01 3.760605245749986807e+02 8.034000000000000000e+03
1.635416756874734368e-01 3.407079116805553554e+02 8.606000000000000000e+03
1.698255044437522454e-01 3.157360059054198018e+02 9.066000000000000000e+03
1.761012440422073944e-01 3.101311648777033270e+02 9.962000000000000000e+03
1.823997330750334323e-01 2.921322556244366524e+02 1.055000000000000000e+04
1.886505794152418258e-01 2.897205124512174166e+02 1.122600000000000000e+04
1.949080233860110145e-01 2.715400671833295405e+02 1.214600000000000000e+04
2.011423980633682551e-01 2.513208390944310224e+02 1.260600000000000000e+04
2.073952711124279202e-01 2.383002561820864571e+02 1.380200000000000000e+04
2.137387912274538171e-01 2.265792508292071830e+02 1.475400000000000000e+04
2.200329442788883927e-01 2.177200529683619834e+02 1.519400000000000000e+04
2.262928915227388205e-01 2.016425804276939857e+02 1.645400000000000000e+04
2.325983565681614684e-01 1.902267746621805884e+02 1.715400000000000000e+04
2.388889575828848644e-01 1.847719923273882330e+02 1.826600000000000000e+04
2.451217204984029174e-01 1.759742907587178422e+02 1.875000000000000000e+04
2.513735730109318833e-01 1.687523287054082459e+02 2.023400000000000000e+04
2.577068704519516196e-01 1.604749245116315990e+02 2.145000000000000000e+04
2.640202590165574015e-01 1.599900529831661515e+02 2.196200000000000000e+04
2.702896249217050517e-01 1.521982379914061880e+02 2.346200000000000000e+04
2.765613443273721161e-01 1.434362841136800171e+02 2.404200000000000000e+04
2.828696817722480827e-01 1.387762816803756607e+02 2.594600000000000000e+04
2.891484548613966754e-01 1.292439396966151151e+02 2.611800000000000000e+04
2.953521325173381618e-01 1.264378605127109125e+02 2.750600000000000000e+04
3.016073414663040242e-01 1.230357953638693544e+02 2.906600000000000000e+04
3.079380380657114613e-01 1.189699500033812427e+02 3.045000000000000000e+04
3.142758188292146815e-01 1.134681796621685947e+02 3.174200000000000000e+04
3.205460861690284657e-01 1.106118867277101003e+02 3.225000000000000000e+04
3.268125857401938394e-01 1.051930861845086156e+02 3.425000000000000000e+04
3.331235790942642661e-01 1.042417467546562619e+02 3.545400000000000000e+04
3.394044287142444771e-01 1.005458073040692710e+02 3.643400000000000000e+04
3.456389225992096970e-01 9.536953725235761681e+01 3.768200000000000000e+04
3.518805674449744791e-01 9.260386727625234471e+01 3.929400000000000000e+04
3.582029755837912721e-01 8.963876022362717322e+01 4.142600000000000000e+04
3.645115539318926068e-01 8.723102944364154610e+01 4.206600000000000000e+04
3.707638220461956791e-01 8.432006280133302312e+01 4.349000000000000000e+04
3.770538406945189158e-01 8.144534037230151569e+01 4.570200000000000000e+04
3.833585849945114754e-01 7.963210217985550798e+01 4.663400000000000000e+04
3.896511111060295685e-01 7.665541075322569498e+01 4.855400000000000000e+04
3.958767350353735170e-01 7.505373983586129327e+01 4.887000000000000000e+04
4.021123550664917334e-01 7.268946339737505014e+01 5.155400000000000000e+04
4.084534706459355680e-01 7.120707176814659078e+01 5.409000000000000000e+04
4.147693430455148822e-01 6.938788149799931659e+01 5.431400000000000000e+04
4.210541279197388409e-01 6.671890146333919347e+01 5.691000000000000000e+04
4.273285528543883660e-01 6.545079269625192353e+01 5.748200000000000000e+04
4.336210871857300031e-01 6.373418809737343338e+01 6.062600000000000000e+04
4.399178901492071248e-01 6.148118600297495817e+01 6.120600000000000000e+04
4.461481615369914944e-01 5.994193937200430611e+01 6.257000000000000000e+04
4.524185591367541615e-01 5.892902277758290808e+01 6.573000000000000000e+04
4.587151924004577719e-01 5.669173923745901789e+01 6.668600000000000000e+04
4.650253487526455620e-01 5.591761139766493471e+01 6.969800000000000000e+04
4.713138026405762626e-01 5.394639784351493006e+01 7.002600000000000000e+04
4.775801322871031096e-01 5.288493536396534012e+01 7.274600000000000000e+04
4.838809178367569630e-01 5.125582199887271173e+01 7.491000000000000000e+04
4.901499165155780435e-01 5.085019732713038110e+01 7.572200000000000000e+04
4.963993143780123241e-01 4.925481703088606622e+01 7.837800000000000000e+04
5.026659111298577010e-01 4.837568729668278422e+01 8.003000000000000000e+04
5.089643413427887841e-01 4.694988940817008682e+01 8.318600000000000000e+04
5.152747315442799403e-01 4.586186772609554652e+01 8.466600000000000000e+04
5.215661708673858810e-01 4.484469538115370568e+01 8.654600000000000000e+04
5.278286396879566800e-01 4.437026080977646814e+01 8.813400000000000000e+04
5.341160320652750260e-01 4.312675166777565749e+01 9.153800000000000000e+04
5.404304286902661403e-01 4.217320779966784272e+01 9.313800000000000000e+04
5.466976878455739319e-01 4.106006430910348826e+01 9.447800000000000000e+04
5.529595373159058580e-01 4.037603345063278937e+01 9.727400000000000000e+04
5.592440147746206014e-01 3.976406813658925898e+01 9.969000000000000000e+04
5.655545845518847869e-01 3.860045196481331686e+01 1.025900000000000000e+05
5.718545124332512497e-01 3.813568619477837274e+01 1.037700000000000000e+05
5.781226402320145397e-01 3.703435314426440073e+01 1.063460000000000000e+05
5.844054810026423352e-01 3.653339054240403527e+01 1.085460000000000000e+05
5.906692678833675991e-01 3.567317185307088323e+01 1.107260000000000000e+05
5.969160111309492756e-01 3.502401787516284060e+01 1.123220000000000000e+05
6.031708558297608214e-01 3.439374861358022173e+01 1.158900000000000000e+05
6.094688112237535149e-01 3.362915138257765335e+01 1.187660000000000000e+05
6.158118423264375974e-01 3.306249784763181765e+01 1.222980000000000000e+05
6.221022681713845870e-01 3.254710522454907107e+01 1.220900000000000000e+05
6.283660508217905338e-01 3.205803439223929985e+01 1.258100000000000000e+05
6.346461619227155015e-01 3.148397113004166670e+01 1.281900000000000000e+05
6.409396473976692876e-01 3.079642449776951452e+01 1.309940000000000000e+05
6.472371834330832296e-01 3.031474576118565878e+01 1.337220000000000000e+05
6.534767429514126702e-01 2.971258716949518330e+01 1.338860000000000000e+05
6.597637022409679197e-01 2.911644030802124661e+01 1.405380000000000000e+05
6.660751593608625898e-01 2.868246250867399283e+01 1.405940000000000000e+05
6.723401943305717943e-01 2.810993611307342377e+01 1.435940000000000000e+05
6.786079373829640993e-01 2.775218846359106806e+01 1.463100000000000000e+05
6.849135514418230875e-01 2.726061569289198872e+01 1.506500000000000000e+05
6.912250943479077980e-01 2.669941257816833513e+01 1.519140000000000000e+05
6.974710436131158486e-01 2.624161970624868090e+01 1.533980000000000000e+05
7.037307548900212373e-01 2.607377035229722040e+01 1.578660000000000000e+05
7.100217936516199924e-01 2.560345004797412471e+01 1.606580000000000000e+05
7.163250787242370077e-01 2.502554571461926614e+01 1.641020000000000000e+05
7.226009447591926760e-01 2.472849232774460759e+01 1.649940000000000000e+05
7.288716701068771453e-01 2.428999034855202055e+01 1.698500000000000000e+05
7.351879459163250807e-01 2.392881350576096722e+01 1.729860000000000000e+05
7.414685146977839647e-01 2.365275738213978585e+01 1.738940000000000000e+05
7.477104477723024445e-01 2.331656743432228396e+01 1.767780000000000000e+05
7.539885226758882286e-01 2.293384392520300707e+01 1.818020000000000000e+05
7.602914782916944114e-01 2.252496978562960095e+01 1.844300000000000000e+05
7.665892437025125794e-01 2.227933262026601113e+01 1.872420000000000000e+05
7.728738187058056264e-01 2.191687453445154077e+01 1.902500000000000000e+05
7.791494140893913123e-01 2.160932238565870733e+01 1.925700000000000000e+05
7.854515901778583720e-01 2.115085735618037077e+01 1.982540000000000000e+05
7.917409748104085043e-01 2.108256364972492136e+01 1.980740000000000000e+05
7.979940385111662371e-01 2.071284965997991989e+01 2.020500000000000000e+05
8.042571846768763466e-01 2.038281792036753615e+01 2.055020000000000000e+05
8.105619462845171652e-01 2.002349452923611395e+01 2.106660000000000000e+05
8.168641867275381330e-01 1.989625502887938779e+01 2.124260000000000000e+05
8.231256696255031535e-01 1.943939657945290378e+01 2.139180000000000000e+05
8.294110748726144511e-01 1.923744445073362286e+01 2.209940000000000000e+05
8.357113707437004990e-01 1.909563411591638626e+01 2.215220000000000000e+05
8.419948002460609926e-01 1.860201385176556599e+01 2.263140000000000000e+05
8.482593350903800955e-01 1.849126447123702732e+01 2.272940000000000000e+05
8.545301115901441369e-01 1.817957963261145338e+01 2.329620000000000000e+05
8.608435414229801408e-01 1.803360228388976694e+01 2.378180000000000000e+05
8.671393362117422177e-01 1.773256722311772293e+01 2.383980000000000000e+05
8.733948081113820372e-01 1.756477133718894379e+01 2.414180000000000000e+05
8.796646205952306508e-01 1.741386092091563853e+01 2.468180000000000000e+05
8.859565087287600837e-01 1.714531824233169388e+01 2.499060000000000000e+05
8.922534924202312201e-01 1.692586739640948323e+01 2.547020000000000000e+05
8.985217857854136403e-01 1.665309165708196204e+01 2.544180000000000000e+05
9.047744920414614311e-01 1.642275687106232951e+01 2.603540000000000000e+05
9.110610772062064378e-01 1.635349970983507006e+01 2.649740000000000000e+05
9.173652030728716156e-01 1.599075674899777155e+01 2.687220000000000000e+05
9.236564978724189912e-01 1.587756637155519357e+01 2.715620000000000000e+05
9.299448038968107788e-01 1.569793471711922450e+01 2.755860000000000000e+05
9.362445064485998003e-01 1.547669698354148693e+01 2.801900000000000000e+05
9.425390102875164100e-01 1.527711417627019941e+01 2.828340000000000000e+05
9.488116425969939094e-01 1.507592398007119883e+01 2.851700000000000000e+05
9.550714374598537892e-01 1.498025990953346209e+01 2.898860000000000000e+05
9.613552636148307018e-01 1.480220907843368749e+01 2.944740000000000000e+05
9.676548604748713700e-01 1.463160438983837430e+01 2.994980000000000000e+05
9.739319897320198871e-01 1.449584222845695081e+01 2.999580000000000000e+05
9.801989291478477861e-01 1.430142268625721336e+01 3.058580000000000000e+05
9.864886628427461668e-01 1.413518450081068778e+01 3.107940000000000000e+05
9.927793936164199806e-01 1.399901516437941673e+01 3.130820000000000000e+05
9.990361166530091763e-01 1.379565862432391654e+01 3.160460000000000000e+05
1.005310172388236056e+00 1.364737569798257510e+01 3.222180000000000000e+05
1.011625805491854102e+00 1.351582895234138171e+01 3.285620000000000000e+05
1.017917766942204150e+00 1.337202051511286705e+01 3.279900000000000000e+05
1.024197689983066040e+00 1.325076891851567673e+01 3.352820000000000000e+05
1.030472573734562358e+00 1.304572597138565193e+01 3.359700000000000000e+05
1.036757776698311151e+00 1.298672657874463354e+01 3.440660000000000000e+05
1.043033361905228329e+00 1.278147396208029996e+01 3.437180000000000000e+05
1.049301684494551079e+00 1.262039464710413306e+01 3.514980000000000000e+05
1.055593059295673708e+00 1.252576966198236796e+01 3.544580000000000000e+05
1.061871457102441241e+00 1.238967132887788125e+01 3.585660000000000000e+05
1.068178001041605985e+00 1.229542151615207857e+01 3.661220000000000000e+05
1.074470180493512173e+00 1.217729392028624602e+01 3.658100000000000000e+05
1.080737053769623701e+00 1.203193444461373929e+01 3.716220000000000000e+05
1.087020489212936480e+00 1.184867854244739149e+01 3.759860000000000000e+05
1.093314462971749057e+00 1.176190164497266188e+01 3.821700000000000000e+05
1.099587869600829659e+00 1.170081629783160260e+01 3.818180000000000000e+05
1.105847463881620474e+00 1.151161124540331038e+01 3.895740000000000000e+05
1.112134280670179054e+00 1.142947935986221708e+01 3.936980000000000000e+05
1.118428377412835406e+00 1.127981601817775648e+01 3.994580000000000000e+05
1.124715645780198781e+00 1.117084612824015899e+01 4.022220000000000000e+05
1.130996124361501431e+00 1.107629927920417323e+01 4.069220000000000000e+05
1.137284456696317392e+00 1.097182318090358244e+01 4.128420000000000000e+05
1.143571288435853983e+00 1.088586839387826011e+01 4.153460000000000000e+05
1.149847667202570811e+00 1.077631687816265504e+01 4.211820000000000000e+05
1.156130444085272213e+00 1.064944224005119366e+01 4.250180000000000000e+05
1.162419353814765133e+00 1.058369697828869604e+01 4.311380000000000000e+05
1.168705445387328012e+00 1.047460930101472698e+01 4.343820000000000000e+05
1.174988745725767281e+00 1.037344928703170410e+01 4.395140000000000000e+05
1.181273977502684147e+00 1.026674010498464540e+01 4.447380000000000000e+05
1.187562659051211167e+00 1.020057468764198916e+01 4.489100000000000000e+05
1.193823213156303353e+00 1.010420308126156286e+01 4.506180000000000000e+05
1.200093696126397269e+00 9.966646978472949669e+00 4.595540000000000000e+05
1.206384684590767753e+00 9.896587234369937036e+00 4.631060000000000000e+05
1.212657716259795793e+00 9.780423883270941587e+00 4.670940000000000000e+05
1.218950061014193453e+00 9.670670738195877192e+00 4.749380000000000000e+05
1.225240784026401242e+00 9.653367671955042084e+00 4.771860000000000000e+05
1.231532244371714047e+00 9.567620004871596251e+00 4.846700000000000000e+05
1.237823116543606217e+00 9.505598638501295383e+00 4.870100000000000000e+05
1.244104630523539479e+00 9.364686660881588409e+00 4.933140000000000000e+05
1.250385916236761652e+00 9.322467303729627730e+00 4.963220000000000000e+05
1.256652750742101254e+00 9.259923424005217285e+00 5.017020000000000000e+05
1.262935091931613352e+00 9.146817357192245979e+00 5.085620000000000000e+05
1.269233477511062080e+00 9.058653934498908100e+00 5.142420000000000000e+05
1.275514616938773216e+00 8.968059010093080374e+00 5.161580000000000000e+05
1.281786872211649220e+00 8.933415792248789344e+00 5.226020000000000000e+05
1.288079462048372426e+00 8.838602687983032169e+00 5.306580000000000000e+05
1.294361149637119013e+00 8.766348553332873550e+00 5.300420000000000000e+05
1.300627926004322754e+00 8.689529454971923528e+00 5.388780000000000000e+05
1.306914643728855463e+00 8.600063307434766102e+00 5.441300000000000000e+05
1.313214369136572968e+00 8.547142548246547733e+00 5.511060000000000000e+05
1.319506178663429896e+00 8.484562779060272675e+00 5.539820000000000000e+05
1.325784332573166857e+00 8.394330994983368655e+00 5.582420000000000000e+05
1.332057263563118710e+00 8.322104072637356964e+00 5.645460000000000000e+05
1.338340549575027794e+00 8.240521476329842443e+00 5.704940000000000000e+05
1.344633835480066875e+00 8.167653259437388513e+00 5.767620000000000000e+05
1.350907484373135237e+00 8.100191483706931095e+00 5.782340000000000000e+05
1.357175487163077676e+00 8.032312842157903532e+00 5.856660000000000000e+05
1.363467141694861828e+00 7.981485317102189114e+00 5.944460000000000000e+05
1.369755686854475130e+00 7.921148655959909135e+00 5.952500000000000000e+05
1.376032186684321701e+00 7.863946582596463841e+00 6.034020000000000000e+05
1.382313839440675540e+00 7.810870147592291701e+00 6.073820000000000000e+05
1.388610058625191268e+00 7.758727829753981453e+00 6.170100000000000000e+05
1.394895499348251855e+00 7.693677830716747934e+00 6.167780000000000000e+05
1.401166240321837453e+00 7.611177897576419937e+00 6.247460000000000000e+05
1.407434432864556273e+00 7.561734639481219489e+00 6.280620000000000000e+05
1.413722933193898301e+00 7.516212653172638980e+00 6.394100000000000000e+05
1.420027475896342928e+00 7.452316845934047862e+00 6.429540000000000000e+05
1.426307149789788564e+00 7.409723659443477217e+00 6.459740000000000000e+05
1.432584485912613337e+00 7.313180019150301803e+00 6.534900000000000000e+05
1.438876982104692948e+00 7.242214609113217350e+00 6.607460000000000000e+05
1.445167658311597991e+00 7.233624630362811558e+00 6.646460000000000000e+05
1.451434581318592487e+00 7.179310733241674569e+00 6.672900000000000000e+05
1.457714146029685631e+00 7.125965425690839794e+00 6.790340000000000000e+05
1.464013702919821469e+00 7.065124002468604836e+00 6.827220000000000000e+05
1.470311375243267715e+00 7.014816815869419742e+00 6.912380000000000000e+05
1.476585168270965198e+00 6.958867259279863049e+00 6.886020000000000000e+05
1.482847620858654736e+00 6.920682059915774786e+00 7.008260000000000000e+05
1.489134257848029552e+00 6.865874950545292954e+00 7.056620000000000000e+05
1.495410090151012339e+00 6.797213002965701634e+00 7.100820000000000000e+05
1.501688804650891385e+00 6.766392960966212122e+00 7.191620000000000000e+05
1.507973225127458239e+00 6.711695078551707105e+00 7.222500000000000000e+05
1.514255586288884459e+00 6.658084952280941771e+00 7.315100000000000000e+05
1.520548655276809047e+00 6.611970040417341821e+00 7.364420000000000000e+05
1.526828765310179747e+00 6.553848798502008854e+00 7.408980000000000000e+05
1.533114430439595610e+00 6.527810701307727115e+00 7.501580000000000000e+05
1.539410813276927970e+00 6.475430412007312952e+00 7.548660000000000000e+05
1.545694858079805112e+00 6.440386594103781448e+00 7.608260000000000000e+05
1.551969964575633298e+00 6.377564857095675777e+00 7.640340000000000000e+05
1.558245721095042446e+00 6.319651779454969365e+00 7.738460000000000000e+05
1.564534844516594525e+00 6.295127123607202613e+00 7.797140000000000000e+05
1.570816980798636520e+00 6.239985727926614878e+00 7.843140000000000000e+05
1.577093092211928615e+00 6.184682894574833334e+00 7.913420000000000000e+05
1.583381338673179872e+00 6.157750897661989242e+00 7.994580000000000000e+05
1.589671280639133322e+00 6.107900394916002007e+00 8.049620000000000000e+05
1.595952830483094553e+00 6.106185300129750360e+00 8.095500000000000000e+05
1.602217313416965272e+00 6.020980433038266355e+00 8.134580000000000000e+05
