# Real space DM power spectrum.
# The power spectum is corrected for shot-noise and window function.
# Ngrid=512	Interlacing was set to True.
# redshift=3.017980	model=tabulated	Hz_file=/g100/home/userexternal/mbaldi00/SOURCE/DAKAR2/DSC_m09_m02_Hz.dat	zDf_file=None	H0=67.66	Om=0.311049	Ob=0.04897468161869667	sigma8=0.7882104124	ns=0.9665	Tcmb=0.0	Neff=3.046	m_nu=[0]	Fid_model=w0waCDM	Fid_H0=67.659	Fid_Om=0.311438	Fid_w0=-0.9001	Fid_wa=-0.2025	
# n_dm=1.073742e+00[h/Mpc]^3
# k[h/Mpc]		Pk_dm[Mpc^3/h^3]		Nmodes
8.018239401280879974e-03 1.812537861453162122e+03 1.800000000000000000e+01
1.401654949351664563e-02 2.158156631054416721e+03 6.200000000000000000e+01
1.969250245970122562e-02 1.606605986098853691e+03 9.800000000000000000e+01
2.551337480545044084e-02 2.453828796473003877e+03 2.100000000000000000e+02
3.202906010406358223e-02 1.904100463139670182e+03 3.500000000000000000e+02
3.846520933840009981e-02 1.644958399647606711e+03 4.500000000000000000e+02
4.443307405343879801e-02 1.319436617624720157e+03 6.020000000000000000e+02
5.042305588722229004e-02 1.173475829656355700e+03 7.620000000000000000e+02
5.690925724269420977e-02 1.099692473397363528e+03 1.142000000000000000e+03
6.341842361688614094e-02 9.597640774253845848e+02 1.250000000000000000e+03
6.949987936003544642e-02 9.046131733101581176e+02 1.458000000000000000e+03
7.558128466088295805e-02 9.038115798509633123e+02 1.814000000000000000e+03
8.196268225887480552e-02 7.383418638349345429e+02 2.178000000000000000e+03
8.830226267620121250e-02 6.719802066487632146e+02 2.498000000000000000e+03
9.435210882776298713e-02 5.946438585848048888e+02 2.622000000000000000e+03
1.005600000334900268e-01 5.604546495643899107e+02 3.338000000000000000e+03
1.070138172820522676e-01 4.799461962324775186e+02 3.722000000000000000e+03
1.134272720352065417e-01 4.410054280249049157e+02 4.170000000000000000e+03
1.196088736356262089e-01 4.309912049609512792e+02 4.358000000000000000e+03
1.257803526943431782e-01 4.113730079776292428e+02 5.034000000000000000e+03
1.321489366516601371e-01 3.798683799105087928e+02 5.714000000000000000e+03
1.384562346816501366e-01 3.549381190836927544e+02 5.982000000000000000e+03
1.446496334058954558e-01 3.369771521300194763e+02 6.602000000000000000e+03
1.508534077925902661e-01 3.038259004267870864e+02 7.130000000000000000e+03
1.571727997187746806e-01 2.820310249484116412e+02 8.034000000000000000e+03
1.635416756874734368e-01 2.552927943205739325e+02 8.606000000000000000e+03
1.698255044437522454e-01 2.362473394593575904e+02 9.066000000000000000e+03
1.761012440422073944e-01 2.320017229985625988e+02 9.962000000000000000e+03
1.823997330750334323e-01 2.184149807429200507e+02 1.055000000000000000e+04
1.886505794152418258e-01 2.164995521804174814e+02 1.122600000000000000e+04
1.949080233860110145e-01 2.030645814267018352e+02 1.214600000000000000e+04
2.011423980633682551e-01 1.877052592118354255e+02 1.260600000000000000e+04
2.073952711124279202e-01 1.782050888150382093e+02 1.380200000000000000e+04
2.137387912274538171e-01 1.690036442140520023e+02 1.475400000000000000e+04
2.200329442788883927e-01 1.619387577202377315e+02 1.519400000000000000e+04
2.262928915227388205e-01 1.499298206124514934e+02 1.645400000000000000e+04
2.325983565681614684e-01 1.412160191532613851e+02 1.715400000000000000e+04
2.388889575828848644e-01 1.370904665417756405e+02 1.826600000000000000e+04
2.451217204984029174e-01 1.305803974253845183e+02 1.875000000000000000e+04
2.513735730109318833e-01 1.250205653368207095e+02 2.023400000000000000e+04
2.577068704519516196e-01 1.189559501526572518e+02 2.145000000000000000e+04
2.640202590165574015e-01 1.185675732454373446e+02 2.196200000000000000e+04
2.702896249217050517e-01 1.127937221786024935e+02 2.346200000000000000e+04
2.765613443273721161e-01 1.060747605299515328e+02 2.404200000000000000e+04
2.828696817722480827e-01 1.023310300038166503e+02 2.594600000000000000e+04
2.891484548613966754e-01 9.535474450555912540e+01 2.611800000000000000e+04
2.953521325173381618e-01 9.308675529930293635e+01 2.750600000000000000e+04
3.016073414663040242e-01 9.046821640563636890e+01 2.906600000000000000e+04
3.079380380657114613e-01 8.751512241717433938e+01 3.045000000000000000e+04
3.142758188292146815e-01 8.353833119641343785e+01 3.174200000000000000e+04
3.205460861690284657e-01 8.127971618507444873e+01 3.225000000000000000e+04
3.268125857401938394e-01 7.719813727939911985e+01 3.425000000000000000e+04
3.331235790942642661e-01 7.654011929372096290e+01 3.545400000000000000e+04
3.394044287142444771e-01 7.369038379855244614e+01 3.643400000000000000e+04
3.456389225992096970e-01 6.977563963545830461e+01 3.768200000000000000e+04
3.518805674449744791e-01 6.766425817562628708e+01 3.929400000000000000e+04
3.582029755837912721e-01 6.530118237396753500e+01 4.142600000000000000e+04
3.645115539318926068e-01 6.359748334940867664e+01 4.206600000000000000e+04
3.707638220461956791e-01 6.145258751965906896e+01 4.349000000000000000e+04
3.770538406945189158e-01 5.933218886908502299e+01 4.570200000000000000e+04
3.833585849945114754e-01 5.791152277427160300e+01 4.663400000000000000e+04
3.896511111060295685e-01 5.564302248449396870e+01 4.855400000000000000e+04
3.958767350353735170e-01 5.443891478982077814e+01 4.887000000000000000e+04
4.021123550664917334e-01 5.269940443007862285e+01 5.155400000000000000e+04
4.084534706459355680e-01 5.161038106746254073e+01 5.409000000000000000e+04
4.147693430455148822e-01 5.013619684947406796e+01 5.431400000000000000e+04
4.210541279197388409e-01 4.817011829693609570e+01 5.691000000000000000e+04
4.273285528543883660e-01 4.727858661434802201e+01 5.748200000000000000e+04
4.336210871857300031e-01 4.589195869084817758e+01 6.062600000000000000e+04
4.399178901492071248e-01 4.422502239156430903e+01 6.120600000000000000e+04
4.461481615369914944e-01 4.315152863203307732e+01 6.257000000000000000e+04
4.524185591367541615e-01 4.236137482383271902e+01 6.573000000000000000e+04
4.587151924004577719e-01 4.063603039302390840e+01 6.668600000000000000e+04
4.650253487526455620e-01 4.013805172593833959e+01 6.969800000000000000e+04
4.713138026405762626e-01 3.865724095892920786e+01 7.002600000000000000e+04
4.775801322871031096e-01 3.777444475279771297e+01 7.274600000000000000e+04
4.838809178367569630e-01 3.665075925691569125e+01 7.491000000000000000e+04
4.901499165155780435e-01 3.627306650649701680e+01 7.572200000000000000e+04
4.963993143780123241e-01 3.513245807811870947e+01 7.837800000000000000e+04
5.026659111298577010e-01 3.444674814886321457e+01 8.003000000000000000e+04
5.089643413427887841e-01 3.336277138350247640e+01 8.318600000000000000e+04
5.152747315442799403e-01 3.256659866885888022e+01 8.466600000000000000e+04
5.215661708673858810e-01 3.182613588678077576e+01 8.654600000000000000e+04
5.278286396879566800e-01 3.145030086242357470e+01 8.813400000000000000e+04
5.341160320652750260e-01 3.050612143770727158e+01 9.153800000000000000e+04
5.404304286902661403e-01 2.985080985253562957e+01 9.313800000000000000e+04
5.466976878455739319e-01 2.899635900204787475e+01 9.447800000000000000e+04
5.529595373159058580e-01 2.847030581529343962e+01 9.727400000000000000e+04
5.592440147746206014e-01 2.799172888490905109e+01 9.969000000000000000e+04
5.655545845518847869e-01 2.717118497972705171e+01 1.025900000000000000e+05
5.718545124332512497e-01 2.682933802093236864e+01 1.037700000000000000e+05
5.781226402320145397e-01 2.602413414213926401e+01 1.063460000000000000e+05
5.844054810026423352e-01 2.559667016578950793e+01 1.085460000000000000e+05
5.906692678833675991e-01 2.496530062138184647e+01 1.107260000000000000e+05
5.969160111309492756e-01 2.450135535134738163e+01 1.123220000000000000e+05
6.031708558297608214e-01 2.405771444324628661e+01 1.158900000000000000e+05
6.094688112237535149e-01 2.347346078089030286e+01 1.187660000000000000e+05
6.158118423264375974e-01 2.307327275809642231e+01 1.222980000000000000e+05
6.221022681713845870e-01 2.267920859091814378e+01 1.220900000000000000e+05
6.283660508217905338e-01 2.231987566081890506e+01 1.258100000000000000e+05
6.346461619227155015e-01 2.192075247023981177e+01 1.281900000000000000e+05
6.409396473976692876e-01 2.137989015268500737e+01 1.309940000000000000e+05
6.472371834330832296e-01 2.101241891893083391e+01 1.337220000000000000e+05
6.534767429514126702e-01 2.056440326677197206e+01 1.338860000000000000e+05
6.597637022409679197e-01 2.016459276500796705e+01 1.405380000000000000e+05
6.660751593608625898e-01 1.980098285804879055e+01 1.405940000000000000e+05
6.723401943305717943e-01 1.941749422831500738e+01 1.435940000000000000e+05
6.786079373829640993e-01 1.912578903771450456e+01 1.463100000000000000e+05
6.849135514418230875e-01 1.874295721297164263e+01 1.506500000000000000e+05
6.912250943479077980e-01 1.834512989191163612e+01 1.519140000000000000e+05
6.974710436131158486e-01 1.800584414203011008e+01 1.533980000000000000e+05
7.037307548900212373e-01 1.787778926707304095e+01 1.578660000000000000e+05
7.100217936516199924e-01 1.757064122426163877e+01 1.606580000000000000e+05
7.163250787242370077e-01 1.713410015027513822e+01 1.641020000000000000e+05
7.226009447591926760e-01 1.688634049192027575e+01 1.649940000000000000e+05
7.288716701068771453e-01 1.657083521166653384e+01 1.698500000000000000e+05
7.351879459163250807e-01 1.632098397042284788e+01 1.729860000000000000e+05
7.414685146977839647e-01 1.610454841575796792e+01 1.738940000000000000e+05
7.477104477723024445e-01 1.584110385853796643e+01 1.767780000000000000e+05
7.539885226758882286e-01 1.556967163886952221e+01 1.818020000000000000e+05
7.602914782916944114e-01 1.526516525274449521e+01 1.844300000000000000e+05
7.665892437025125794e-01 1.508291835423595373e+01 1.872420000000000000e+05
7.728738187058056264e-01 1.480565640041737474e+01 1.902500000000000000e+05
7.791494140893913123e-01 1.459607136005762662e+01 1.925700000000000000e+05
7.854515901778583720e-01 1.426794704920043522e+01 1.982540000000000000e+05
7.917409748104085043e-01 1.422631295553991748e+01 1.980740000000000000e+05
7.979940385111662371e-01 1.395391870229617659e+01 2.020500000000000000e+05
8.042571846768763466e-01 1.373004933417372975e+01 2.055020000000000000e+05
8.105619462845171652e-01 1.344694325850424654e+01 2.106660000000000000e+05
8.168641867275381330e-01 1.332773469709325909e+01 2.124260000000000000e+05
8.231256696255031535e-01 1.302032712293217998e+01 2.139180000000000000e+05
8.294110748726144511e-01 1.288300383243629454e+01 2.209940000000000000e+05
8.357113707437004990e-01 1.275994962408261912e+01 2.215220000000000000e+05
8.419948002460609926e-01 1.243048557689083466e+01 2.263140000000000000e+05
8.482593350903800955e-01 1.230410378947684080e+01 2.272940000000000000e+05
8.545301115901441369e-01 1.209098900409692945e+01 2.329620000000000000e+05
8.608435414229801408e-01 1.197714839898618422e+01 2.378180000000000000e+05
8.671393362117422177e-01 1.177709674937213791e+01 2.383980000000000000e+05
8.733948081113820372e-01 1.167014459021895867e+01 2.414180000000000000e+05
8.796646205952306508e-01 1.151565252444536647e+01 2.468180000000000000e+05
8.859565087287600837e-01 1.136420854508552836e+01 2.499060000000000000e+05
8.922534924202312201e-01 1.117397008111553092e+01 2.547020000000000000e+05
8.985217857854136403e-01 1.102364719953571992e+01 2.544180000000000000e+05
9.047744920414614311e-01 1.083358213205313447e+01 2.603540000000000000e+05
9.110610772062064378e-01 1.078090296449401997e+01 2.649740000000000000e+05
9.173652030728716156e-01 1.051171614197638959e+01 2.687220000000000000e+05
9.236564978724189912e-01 1.041941685137195783e+01 2.715620000000000000e+05
9.299448038968107788e-01 1.030035465136842454e+01 2.755860000000000000e+05
9.362445064485998003e-01 1.013380466047499517e+01 2.801900000000000000e+05
9.425390102875164100e-01 9.990697939184133958e+00 2.828340000000000000e+05
9.488116425969939094e-01 9.867266863263681742e+00 2.851700000000000000e+05
9.550714374598537892e-01 9.779568948259029781e+00 2.898860000000000000e+05
9.613552636148307018e-01 9.649248205826937763e+00 2.944740000000000000e+05
9.676548604748713700e-01 9.516584423094021972e+00 2.994980000000000000e+05
9.739319897320198871e-01 9.437684919767068692e+00 2.999580000000000000e+05
9.801989291478477861e-01 9.294988327829447172e+00 3.058580000000000000e+05
9.864886628427461668e-01 9.155482511711799276e+00 3.107940000000000000e+05
9.927793936164199806e-01 9.066311431810952115e+00 3.130820000000000000e+05
9.990361166530091763e-01 8.928808545537917141e+00 3.160460000000000000e+05
1.005310172388236056e+00 8.803101790255508874e+00 3.222180000000000000e+05
1.011625805491854102e+00 8.711547720792998106e+00 3.285620000000000000e+05
1.017917766942204150e+00 8.615509645879049216e+00 3.279900000000000000e+05
1.024197689983066040e+00 8.523239555173773851e+00 3.352820000000000000e+05
1.030472573734562358e+00 8.388223813454883881e+00 3.359700000000000000e+05
1.036757776698311151e+00 8.332368839241166114e+00 3.440660000000000000e+05
1.043033361905228329e+00 8.196594787873538124e+00 3.437180000000000000e+05
1.049301684494551079e+00 8.066218663172502801e+00 3.514980000000000000e+05
1.055593059295673708e+00 8.021350238524583176e+00 3.544580000000000000e+05
1.061871457102441241e+00 7.899543291082887109e+00 3.585660000000000000e+05
1.068178001041605985e+00 7.837650609186640693e+00 3.661220000000000000e+05
1.074470180493512173e+00 7.749377788961242075e+00 3.658100000000000000e+05
1.080737053769623701e+00 7.635064103245358780e+00 3.716220000000000000e+05
1.087020489212936480e+00 7.545221099883040239e+00 3.759860000000000000e+05
1.093314462971749057e+00 7.457073950491148295e+00 3.821700000000000000e+05
1.099587869600829659e+00 7.428779620671280171e+00 3.818180000000000000e+05
1.105847463881620474e+00 7.292461610160712482e+00 3.895740000000000000e+05
1.112134280670179054e+00 7.220801642423976929e+00 3.936980000000000000e+05
1.118428377412835406e+00 7.119983194701946516e+00 3.994580000000000000e+05
1.124715645780198781e+00 7.045387426329273950e+00 4.022220000000000000e+05
1.130996124361501431e+00 6.967535806106134544e+00 4.069220000000000000e+05
1.137284456696317392e+00 6.897395797061822265e+00 4.128420000000000000e+05
1.143571288435853983e+00 6.830119692795307174e+00 4.153460000000000000e+05
1.149847667202570811e+00 6.764011034133233125e+00 4.211820000000000000e+05
1.156130444085272213e+00 6.668468493056949775e+00 4.250180000000000000e+05
1.162419353814765133e+00 6.616674818330631425e+00 4.311380000000000000e+05
1.168705445387328012e+00 6.537338649836731186e+00 4.343820000000000000e+05
1.174988745725767281e+00 6.470660069850909579e+00 4.395140000000000000e+05
1.181273977502684147e+00 6.382899506699812875e+00 4.447380000000000000e+05
1.187562659051211167e+00 6.336369167604565256e+00 4.489100000000000000e+05
1.193823213156303353e+00 6.273129422419704504e+00 4.506180000000000000e+05
1.200093696126397269e+00 6.191207095455938614e+00 4.595540000000000000e+05
1.206384684590767753e+00 6.131693775852880890e+00 4.631060000000000000e+05
1.212657716259795793e+00 6.057755105680135976e+00 4.670940000000000000e+05
1.218950061014193453e+00 5.978277204724140148e+00 4.749380000000000000e+05
1.225240784026401242e+00 5.953887280661080084e+00 4.771860000000000000e+05
1.231532244371714047e+00 5.889658711620517906e+00 4.846700000000000000e+05
1.237823116543606217e+00 5.850264559118942387e+00 4.870100000000000000e+05
1.244104630523539479e+00 5.763658208415208151e+00 4.933140000000000000e+05
1.250385916236761652e+00 5.725582116290827805e+00 4.963220000000000000e+05
1.256652750742101254e+00 5.670529221869287539e+00 5.017020000000000000e+05
1.262935091931613352e+00 5.584019704202050072e+00 5.085620000000000000e+05
1.269233477511062080e+00 5.536544694102363273e+00 5.142420000000000000e+05
1.275514616938773216e+00 5.459856579829478029e+00 5.161580000000000000e+05
1.281786872211649220e+00 5.450075697874868119e+00 5.226020000000000000e+05
1.288079462048372426e+00 5.384098562915662356e+00 5.306580000000000000e+05
1.294361149637119013e+00 5.324707136237623928e+00 5.300420000000000000e+05
1.300627926004322754e+00 5.271533637736853350e+00 5.388780000000000000e+05
1.306914643728855463e+00 5.223140513249553862e+00 5.441300000000000000e+05
1.313214369136572968e+00 5.164657146164190138e+00 5.511060000000000000e+05
1.319506178663429896e+00 5.126512788266348153e+00 5.539820000000000000e+05
1.325784332573166857e+00 5.066112229645039378e+00 5.582420000000000000e+05
1.332057263563118710e+00 5.004862873514523081e+00 5.645460000000000000e+05
1.338340549575027794e+00 4.960320019346947440e+00 5.704940000000000000e+05
1.344633835480066875e+00 4.914545825175076210e+00 5.767620000000000000e+05
1.350907484373135237e+00 4.855847930750861075e+00 5.782340000000000000e+05
1.357175487163077676e+00 4.805594456593436092e+00 5.856660000000000000e+05
1.363467141694861828e+00 4.777441131423421972e+00 5.944460000000000000e+05
1.369755686854475130e+00 4.732905060831812172e+00 5.952500000000000000e+05
1.376032186684321701e+00 4.684918753719528262e+00 6.034020000000000000e+05
1.382313839440675540e+00 4.656658712284692747e+00 6.073820000000000000e+05
1.388610058625191268e+00 4.617136931713430315e+00 6.170100000000000000e+05
1.394895499348251855e+00 4.577205615430210983e+00 6.167780000000000000e+05
1.401166240321837453e+00 4.518168898719284954e+00 6.247460000000000000e+05
1.407434432864556273e+00 4.487669897465303315e+00 6.280620000000000000e+05
1.413722933193898301e+00 4.445428649168947643e+00 6.394100000000000000e+05
1.420027475896342928e+00 4.404183542462881462e+00 6.429540000000000000e+05
1.426307149789788564e+00 4.372834403838762540e+00 6.459740000000000000e+05
1.432584485912613337e+00 4.309624876760977052e+00 6.534900000000000000e+05
1.438876982104692948e+00 4.263408078313180916e+00 6.607460000000000000e+05
1.445167658311597991e+00 4.247897265720580684e+00 6.646460000000000000e+05
1.451434581318592487e+00 4.202143384712549334e+00 6.672900000000000000e+05
1.457714146029685631e+00 4.170762519798056012e+00 6.790340000000000000e+05
1.464013702919821469e+00 4.127108968530926347e+00 6.827220000000000000e+05
1.470311375243267715e+00 4.097868167212951107e+00 6.912380000000000000e+05
1.476585168270965198e+00 4.069228905049117273e+00 6.886020000000000000e+05
1.482847620858654736e+00 4.031307236493128165e+00 7.008260000000000000e+05
1.489134257848029552e+00 3.986717152619373650e+00 7.056620000000000000e+05
1.495410090151012339e+00 3.953520302686015953e+00 7.100820000000000000e+05
1.501688804650891385e+00 3.926680559587941488e+00 7.191620000000000000e+05
1.507973225127458239e+00 3.883541046014497233e+00 7.222500000000000000e+05
1.514255586288884459e+00 3.848196160603452043e+00 7.315100000000000000e+05
1.520548655276809047e+00 3.820041076561397020e+00 7.364420000000000000e+05
1.526828765310179747e+00 3.778399951292271908e+00 7.408980000000000000e+05
1.533114430439595610e+00 3.749991228609975025e+00 7.501580000000000000e+05
1.539410813276927970e+00 3.720662016027099561e+00 7.548660000000000000e+05
1.545694858079805112e+00 3.695605592928743022e+00 7.608260000000000000e+05
1.551969964575633298e+00 3.650577903635489285e+00 7.640340000000000000e+05
1.558245721095042446e+00 3.620749155418662824e+00 7.738460000000000000e+05
1.564534844516594525e+00 3.592982170457714730e+00 7.797140000000000000e+05
1.570816980798636520e+00 3.558434397719580922e+00 7.843140000000000000e+05
1.577093092211928615e+00 3.521705951609591878e+00 7.913420000000000000e+05
1.583381338673179872e+00 3.501142295333912635e+00 7.994580000000000000e+05
1.589671280639133322e+00 3.461912137085197294e+00 8.049620000000000000e+05
1.595952830483094553e+00 3.468159545080649053e+00 8.095500000000000000e+05
1.602217313416965272e+00 3.406959180558113864e+00 8.134580000000000000e+05
