# Real space DM power spectrum.
# The power spectum is corrected for shot-noise and window function.
# Ngrid=512	Interlacing was set to True.
# redshift=0.444200	model=tabulated	Hz_file=/g100/home/userexternal/mbaldi00/SOURCE/DAKAR2/DSC_m09_m02_Hz.dat	zDf_file=None	H0=67.66	Om=0.311049	Ob=0.04897468161869667	sigma8=0.7882104124	ns=0.9665	Tcmb=0.0	Neff=3.046	m_nu=[0]	Fid_model=w0waCDM	Fid_H0=67.659	Fid_Om=0.311438	Fid_w0=-0.9001	Fid_wa=-0.2025	
# n_dm=1.073742e+00[h/Mpc]^3
# k[h/Mpc]		Pk_dm[Mpc^3/h^3]		Nmodes
8.018239401280879974e-03 1.152469020520316190e+04 1.800000000000000000e+01
1.401654949351664563e-02 1.373875718548989971e+04 6.200000000000000000e+01
1.969250245970122562e-02 1.014276000395599658e+04 9.800000000000000000e+01
2.551337480545044084e-02 1.538213891552062341e+04 2.100000000000000000e+02
3.202906010406358223e-02 1.195408867742538496e+04 3.500000000000000000e+02
3.846520933840009981e-02 1.029603756631427314e+04 4.500000000000000000e+02
4.443307405343879801e-02 8.215029640880533407e+03 6.020000000000000000e+02
5.042305588722229004e-02 7.348601485824334304e+03 7.620000000000000000e+02
5.690925724269420977e-02 6.945335314903492872e+03 1.142000000000000000e+03
6.341842361688614094e-02 5.986073877425385035e+03 1.250000000000000000e+03
6.949987936003544642e-02 5.702803245326618708e+03 1.458000000000000000e+03
7.558128466088295805e-02 5.703943539608405445e+03 1.814000000000000000e+03
8.196268225887480552e-02 4.635980064018589474e+03 2.178000000000000000e+03
8.830226267620121250e-02 4.187064674222821850e+03 2.498000000000000000e+03
9.435210882776298713e-02 3.728631606487169392e+03 2.622000000000000000e+03
1.005600000334900268e-01 3.561179222662053235e+03 3.338000000000000000e+03
1.070138172820522676e-01 3.044701133094380111e+03 3.722000000000000000e+03
1.134272720352065417e-01 2.875413521550084624e+03 4.170000000000000000e+03
1.196088736356262089e-01 2.783660921574076838e+03 4.358000000000000000e+03
1.257803526943431782e-01 2.631552189542984706e+03 5.034000000000000000e+03
1.321489366516601371e-01 2.472163882185622697e+03 5.714000000000000000e+03
1.384562346816501366e-01 2.274752060909168904e+03 5.982000000000000000e+03
1.446496334058954558e-01 2.199613057916144953e+03 6.602000000000000000e+03
1.508534077925902661e-01 2.005658859753575371e+03 7.130000000000000000e+03
1.571727997187746806e-01 1.872382219869994969e+03 8.034000000000000000e+03
1.635416756874734368e-01 1.724658614678463664e+03 8.606000000000000000e+03
1.698255044437522454e-01 1.611952639481417918e+03 9.066000000000000000e+03
1.761012440422073944e-01 1.581498811936526863e+03 9.962000000000000000e+03
1.823997330750334323e-01 1.493014743776095429e+03 1.055000000000000000e+04
1.886505794152418258e-01 1.480877692212485954e+03 1.122600000000000000e+04
1.949080233860110145e-01 1.383172579944732433e+03 1.214600000000000000e+04
2.011423980633682551e-01 1.314189016946247648e+03 1.260600000000000000e+04
2.073952711124279202e-01 1.223971590046743813e+03 1.380200000000000000e+04
2.137387912274538171e-01 1.182479413496958159e+03 1.475400000000000000e+04
2.200329442788883927e-01 1.168396570014564304e+03 1.519400000000000000e+04
2.262928915227388205e-01 1.087857908007613787e+03 1.645400000000000000e+04
2.325983565681614684e-01 1.046996157896411660e+03 1.715400000000000000e+04
2.388889575828848644e-01 1.023427814620172740e+03 1.826600000000000000e+04
2.451217204984029174e-01 9.763331040920511441e+02 1.875000000000000000e+04
2.513735730109318833e-01 9.472245536732840492e+02 2.023400000000000000e+04
2.577068704519516196e-01 9.009903557470628357e+02 2.145000000000000000e+04
2.640202590165574015e-01 8.855046122218511755e+02 2.196200000000000000e+04
2.702896249217050517e-01 8.503695042943642193e+02 2.346200000000000000e+04
2.765613443273721161e-01 8.256483297005696613e+02 2.404200000000000000e+04
2.828696817722480827e-01 8.035869846789109943e+02 2.594600000000000000e+04
2.891484548613966754e-01 7.611114831532350991e+02 2.611800000000000000e+04
2.953521325173381618e-01 7.461240108071921213e+02 2.750600000000000000e+04
3.016073414663040242e-01 7.405921756707571149e+02 2.906600000000000000e+04
3.079380380657114613e-01 7.057256232381923837e+02 3.045000000000000000e+04
3.142758188292146815e-01 6.806667493805227878e+02 3.174200000000000000e+04
3.205460861690284657e-01 6.691097937044543187e+02 3.225000000000000000e+04
3.268125857401938394e-01 6.473598307100560305e+02 3.425000000000000000e+04
3.331235790942642661e-01 6.330219690144858760e+02 3.545400000000000000e+04
3.394044287142444771e-01 6.240115878936284162e+02 3.643400000000000000e+04
3.456389225992096970e-01 6.033385144828655484e+02 3.768200000000000000e+04
3.518805674449744791e-01 5.837774879308052505e+02 3.929400000000000000e+04
3.582029755837912721e-01 5.706339263029010453e+02 4.142600000000000000e+04
3.645115539318926068e-01 5.608467404691728007e+02 4.206600000000000000e+04
3.707638220461956791e-01 5.443683325185094191e+02 4.349000000000000000e+04
3.770538406945189158e-01 5.347719289242248806e+02 4.570200000000000000e+04
3.833585849945114754e-01 5.253403247213489067e+02 4.663400000000000000e+04
3.896511111060295685e-01 5.164688916198896322e+02 4.855400000000000000e+04
3.958767350353735170e-01 5.037768828683965694e+02 4.887000000000000000e+04
4.021123550664917334e-01 4.918208983975690103e+02 5.155400000000000000e+04
4.084534706459355680e-01 4.846162093166768159e+02 5.409000000000000000e+04
4.147693430455148822e-01 4.805102210421315476e+02 5.431400000000000000e+04
4.210541279197388409e-01 4.647965635613887230e+02 5.691000000000000000e+04
4.273285528543883660e-01 4.576852530490580193e+02 5.748200000000000000e+04
4.336210871857300031e-01 4.483544624021271261e+02 6.062600000000000000e+04
4.399178901492071248e-01 4.327957956817646732e+02 6.120600000000000000e+04
4.461481615369914944e-01 4.290095436552071533e+02 6.257000000000000000e+04
4.524185591367541615e-01 4.243508621203487792e+02 6.573000000000000000e+04
4.587151924004577719e-01 4.132034583389195745e+02 6.668600000000000000e+04
4.650253487526455620e-01 4.116906751871567280e+02 6.969800000000000000e+04
4.713138026405762626e-01 4.005664354009936119e+02 7.002600000000000000e+04
4.775801322871031096e-01 3.976115526350180858e+02 7.274600000000000000e+04
4.838809178367569630e-01 3.879049876643379662e+02 7.491000000000000000e+04
4.901499165155780435e-01 3.825067271335274768e+02 7.572200000000000000e+04
4.963993143780123241e-01 3.784186225630507465e+02 7.837800000000000000e+04
5.026659111298577010e-01 3.730166719274462253e+02 8.003000000000000000e+04
5.089643413427887841e-01 3.689642608168205697e+02 8.318600000000000000e+04
5.152747315442799403e-01 3.615136021885716104e+02 8.466600000000000000e+04
5.215661708673858810e-01 3.553537512589527978e+02 8.654600000000000000e+04
5.278286396879566800e-01 3.502538726962220608e+02 8.813400000000000000e+04
5.341160320652750260e-01 3.477554523166864442e+02 9.153800000000000000e+04
5.404304286902661403e-01 3.433054443733541916e+02 9.313800000000000000e+04
5.466976878455739319e-01 3.371642975697567977e+02 9.447800000000000000e+04
5.529595373159058580e-01 3.298464392116789554e+02 9.727400000000000000e+04
5.592440147746206014e-01 3.296720478737745452e+02 9.969000000000000000e+04
5.655545845518847869e-01 3.216467259681274982e+02 1.025900000000000000e+05
5.718545124332512497e-01 3.176323278060340272e+02 1.037700000000000000e+05
5.781226402320145397e-01 3.180136683042139794e+02 1.063460000000000000e+05
5.844054810026423352e-01 3.122850096716211397e+02 1.085460000000000000e+05
5.906692678833675991e-01 3.097081297672012283e+02 1.107260000000000000e+05
5.969160111309492756e-01 3.032411458643368292e+02 1.123220000000000000e+05
6.031708558297608214e-01 3.003653898250738621e+02 1.158900000000000000e+05
6.094688112237535149e-01 2.958619347549232543e+02 1.187660000000000000e+05
6.158118423264375974e-01 2.937642570750925870e+02 1.222980000000000000e+05
6.221022681713845870e-01 2.897686856160635216e+02 1.220900000000000000e+05
6.283660508217905338e-01 2.846936674897673356e+02 1.258100000000000000e+05
6.346461619227155015e-01 2.835419748744835147e+02 1.281900000000000000e+05
6.409396473976692876e-01 2.798938755260608673e+02 1.309940000000000000e+05
6.472371834330832296e-01 2.784484653436028907e+02 1.337220000000000000e+05
6.534767429514126702e-01 2.734522276098698512e+02 1.338860000000000000e+05
6.597637022409679197e-01 2.693579372696970609e+02 1.405380000000000000e+05
6.660751593608625898e-01 2.667686361718459693e+02 1.405940000000000000e+05
6.723401943305717943e-01 2.638966507390327365e+02 1.435940000000000000e+05
6.786079373829640993e-01 2.625595392940196007e+02 1.463100000000000000e+05
6.849135514418230875e-01 2.610516312919626785e+02 1.506500000000000000e+05
6.912250943479077980e-01 2.564598592782749620e+02 1.519140000000000000e+05
6.974710436131158486e-01 2.543736748829784915e+02 1.533980000000000000e+05
7.037307548900212373e-01 2.522639442972885604e+02 1.578660000000000000e+05
7.100217936516199924e-01 2.488919541996503710e+02 1.606580000000000000e+05
7.163250787242370077e-01 2.471466776935104406e+02 1.641020000000000000e+05
7.226009447591926760e-01 2.452775335049995533e+02 1.649940000000000000e+05
7.288716701068771453e-01 2.424551007400739309e+02 1.698500000000000000e+05
7.351879459163250807e-01 2.409013575266643841e+02 1.729860000000000000e+05
7.414685146977839647e-01 2.375174335641817152e+02 1.738940000000000000e+05
7.477104477723024445e-01 2.350078327501421143e+02 1.767780000000000000e+05
7.539885226758882286e-01 2.347632902459255604e+02 1.818020000000000000e+05
7.602914782916944114e-01 2.308384111997162620e+02 1.844300000000000000e+05
7.665892437025125794e-01 2.295752731677927443e+02 1.872420000000000000e+05
7.728738187058056264e-01 2.274419967420731155e+02 1.902500000000000000e+05
7.791494140893913123e-01 2.251364553762595335e+02 1.925700000000000000e+05
7.854515901778583720e-01 2.239483570283181280e+02 1.982540000000000000e+05
7.917409748104085043e-01 2.215557479141917270e+02 1.980740000000000000e+05
7.979940385111662371e-01 2.198699048443402262e+02 2.020500000000000000e+05
8.042571846768763466e-01 2.175956212020874148e+02 2.055020000000000000e+05
8.105619462845171652e-01 2.178845660832600117e+02 2.106660000000000000e+05
8.168641867275381330e-01 2.146720593089580973e+02 2.124260000000000000e+05
8.231256696255031535e-01 2.136944125201404745e+02 2.139180000000000000e+05
8.294110748726144511e-01 2.116322583370834707e+02 2.209940000000000000e+05
8.357113707437004990e-01 2.084948292297199828e+02 2.215220000000000000e+05
8.419948002460609926e-01 2.067050410617481475e+02 2.263140000000000000e+05
8.482593350903800955e-01 2.063353540644510815e+02 2.272940000000000000e+05
8.545301115901441369e-01 2.051005452836618588e+02 2.329620000000000000e+05
8.608435414229801408e-01 2.029599219905562393e+02 2.378180000000000000e+05
8.671393362117422177e-01 2.011054562574217073e+02 2.383980000000000000e+05
8.733948081113820372e-01 1.995886055169104338e+02 2.414180000000000000e+05
8.796646205952306508e-01 1.987012001749408512e+02 2.468180000000000000e+05
8.859565087287600837e-01 1.961192484400860394e+02 2.499060000000000000e+05
8.922534924202312201e-01 1.960897294783719076e+02 2.547020000000000000e+05
8.985217857854136403e-01 1.945444535104099373e+02 2.544180000000000000e+05
9.047744920414614311e-01 1.935952374167808614e+02 2.603540000000000000e+05
9.110610772062064378e-01 1.915096565403165698e+02 2.649740000000000000e+05
9.173652030728716156e-01 1.895459885498923995e+02 2.687220000000000000e+05
9.236564978724189912e-01 1.881266605010725925e+02 2.715620000000000000e+05
9.299448038968107788e-01 1.876821048128425105e+02 2.755860000000000000e+05
9.362445064485998003e-01 1.850552294079677722e+02 2.801900000000000000e+05
9.425390102875164100e-01 1.845555566548972308e+02 2.828340000000000000e+05
9.488116425969939094e-01 1.835098739046775904e+02 2.851700000000000000e+05
9.550714374598537892e-01 1.821547595404228446e+02 2.898860000000000000e+05
9.613552636148307018e-01 1.812368552611187624e+02 2.944740000000000000e+05
9.676548604748713700e-01 1.795148640443268846e+02 2.994980000000000000e+05
9.739319897320198871e-01 1.784965973341717529e+02 2.999580000000000000e+05
9.801989291478477861e-01 1.768774383536584196e+02 3.058580000000000000e+05
9.864886628427461668e-01 1.764876366073507086e+02 3.107940000000000000e+05
9.927793936164199806e-01 1.749173560463208901e+02 3.130820000000000000e+05
9.990361166530091763e-01 1.737359726925291739e+02 3.160460000000000000e+05
1.005310172388236056e+00 1.729227762032305691e+02 3.222180000000000000e+05
1.011625805491854102e+00 1.717421089238536069e+02 3.285620000000000000e+05
1.017917766942204150e+00 1.708049010907401737e+02 3.279900000000000000e+05
1.024197689983066040e+00 1.690457832646482075e+02 3.352820000000000000e+05
1.030472573734562358e+00 1.686121723802912129e+02 3.359700000000000000e+05
1.036757776698311151e+00 1.675179981952368280e+02 3.440660000000000000e+05
1.043033361905228329e+00 1.665806959987498885e+02 3.437180000000000000e+05
1.049301684494551079e+00 1.642678990425772270e+02 3.514980000000000000e+05
1.055593059295673708e+00 1.639685075886196444e+02 3.544580000000000000e+05
1.061871457102441241e+00 1.637493108373644759e+02 3.585660000000000000e+05
1.068178001041605985e+00 1.621115429183076344e+02 3.661220000000000000e+05
1.074470180493512173e+00 1.609378663485960317e+02 3.658100000000000000e+05
1.080737053769623701e+00 1.605339943334255111e+02 3.716220000000000000e+05
1.087020489212936480e+00 1.588781703320352960e+02 3.759860000000000000e+05
1.093314462971749057e+00 1.578582213456294312e+02 3.821700000000000000e+05
1.099587869600829659e+00 1.580893417209389327e+02 3.818180000000000000e+05
1.105847463881620474e+00 1.554001882551626750e+02 3.895740000000000000e+05
1.112134280670179054e+00 1.556806388780715906e+02 3.936980000000000000e+05
1.118428377412835406e+00 1.546304336050079087e+02 3.994580000000000000e+05
1.124715645780198781e+00 1.537416490679102878e+02 4.022220000000000000e+05
1.130996124361501431e+00 1.531002117243410794e+02 4.069220000000000000e+05
1.137284456696317392e+00 1.520716277066059092e+02 4.128420000000000000e+05
1.143571288435853983e+00 1.510289322490737050e+02 4.153460000000000000e+05
1.149847667202570811e+00 1.503244006044377556e+02 4.211820000000000000e+05
1.156130444085272213e+00 1.494148839389910108e+02 4.250180000000000000e+05
1.162419353814765133e+00 1.480032459394101920e+02 4.311380000000000000e+05
1.168705445387328012e+00 1.478282484941672976e+02 4.343820000000000000e+05
1.174988745725767281e+00 1.466692089215370913e+02 4.395140000000000000e+05
1.181273977502684147e+00 1.461064209957562809e+02 4.447380000000000000e+05
1.187562659051211167e+00 1.451127753514721519e+02 4.489100000000000000e+05
1.193823213156303353e+00 1.444938224484417617e+02 4.506180000000000000e+05
1.200093696126397269e+00 1.433565652470551015e+02 4.595540000000000000e+05
1.206384684590767753e+00 1.428183070998003075e+02 4.631060000000000000e+05
1.212657716259795793e+00 1.418279849737580776e+02 4.670940000000000000e+05
1.218950061014193453e+00 1.412083419710725707e+02 4.749380000000000000e+05
1.225240784026401242e+00 1.405473796505126813e+02 4.771860000000000000e+05
1.231532244371714047e+00 1.394970431175049441e+02 4.846700000000000000e+05
1.237823116543606217e+00 1.390173273504373981e+02 4.870100000000000000e+05
1.244104630523539479e+00 1.386103567614666190e+02 4.933140000000000000e+05
1.250385916236761652e+00 1.377022419258499326e+02 4.963220000000000000e+05
1.256652750742101254e+00 1.362561871423081072e+02 5.017020000000000000e+05
1.262935091931613352e+00 1.357017251167181371e+02 5.085620000000000000e+05
1.269233477511062080e+00 1.351248221976901789e+02 5.142420000000000000e+05
1.275514616938773216e+00 1.346486664984977892e+02 5.161580000000000000e+05
1.281786872211649220e+00 1.338713915366967626e+02 5.226020000000000000e+05
1.288079462048372426e+00 1.327531370962082917e+02 5.306580000000000000e+05
1.294361149637119013e+00 1.323652237368089004e+02 5.300420000000000000e+05
1.300627926004322754e+00 1.317982377340258040e+02 5.388780000000000000e+05
1.306914643728855463e+00 1.314906795204720993e+02 5.441300000000000000e+05
1.313214369136572968e+00 1.308831015107691940e+02 5.511060000000000000e+05
1.319506178663429896e+00 1.296711590944640307e+02 5.539820000000000000e+05
1.325784332573166857e+00 1.287743749544131617e+02 5.582420000000000000e+05
1.332057263563118710e+00 1.283032411278994687e+02 5.645460000000000000e+05
1.338340549575027794e+00 1.275786074158839938e+02 5.704940000000000000e+05
1.344633835480066875e+00 1.270249574854439629e+02 5.767620000000000000e+05
1.350907484373135237e+00 1.260829865113255011e+02 5.782340000000000000e+05
1.357175487163077676e+00 1.256429364740573078e+02 5.856660000000000000e+05
1.363467141694861828e+00 1.252066411765074179e+02 5.944460000000000000e+05
1.369755686854475130e+00 1.246869823392862315e+02 5.952500000000000000e+05
1.376032186684321701e+00 1.241123597466230990e+02 6.034020000000000000e+05
1.382313839440675540e+00 1.230268322603977396e+02 6.073820000000000000e+05
1.388610058625191268e+00 1.224784373968598601e+02 6.170100000000000000e+05
1.394895499348251855e+00 1.219468215874655357e+02 6.167780000000000000e+05
1.401166240321837453e+00 1.211719193829160730e+02 6.247460000000000000e+05
1.407434432864556273e+00 1.207441171112754006e+02 6.280620000000000000e+05
1.413722933193898301e+00 1.198562910066547431e+02 6.394100000000000000e+05
1.420027475896342928e+00 1.197304603834188441e+02 6.429540000000000000e+05
1.426307149789788564e+00 1.189593231789287842e+02 6.459740000000000000e+05
1.432584485912613337e+00 1.183299606890916920e+02 6.534900000000000000e+05
1.438876982104692948e+00 1.177440171171874255e+02 6.607460000000000000e+05
1.445167658311597991e+00 1.171112324095415005e+02 6.646460000000000000e+05
1.451434581318592487e+00 1.166080621007130844e+02 6.672900000000000000e+05
1.457714146029685631e+00 1.163750980169896536e+02 6.790340000000000000e+05
1.464013702919821469e+00 1.156170353221565534e+02 6.827220000000000000e+05
1.470311375243267715e+00 1.149688102305833155e+02 6.912380000000000000e+05
1.476585168270965198e+00 1.146679118162227695e+02 6.886020000000000000e+05
1.482847620858654736e+00 1.142315167036076531e+02 7.008260000000000000e+05
1.489134257848029552e+00 1.132713750341547296e+02 7.056620000000000000e+05
1.495410090151012339e+00 1.126762326091520237e+02 7.100820000000000000e+05
1.501688804650891385e+00 1.122611542247704790e+02 7.191620000000000000e+05
1.507973225127458239e+00 1.118058958400608702e+02 7.222500000000000000e+05
1.514255586288884459e+00 1.113555907963568927e+02 7.315100000000000000e+05
1.520548655276809047e+00 1.108478535180028217e+02 7.364420000000000000e+05
1.526828765310179747e+00 1.102706620440499847e+02 7.408980000000000000e+05
1.533114430439595610e+00 1.099690477473700270e+02 7.501580000000000000e+05
1.539410813276927970e+00 1.091087110207511301e+02 7.548660000000000000e+05
1.545694858079805112e+00 1.089323466480451543e+02 7.608260000000000000e+05
1.551969964575633298e+00 1.079955367012806278e+02 7.640340000000000000e+05
1.558245721095042446e+00 1.077525240822128723e+02 7.738460000000000000e+05
1.564534844516594525e+00 1.073779087589247609e+02 7.797140000000000000e+05
1.570816980798636520e+00 1.066549961701729501e+02 7.843140000000000000e+05
1.577093092211928615e+00 1.060049350737843241e+02 7.913420000000000000e+05
1.583381338673179872e+00 1.052795052612433153e+02 7.994580000000000000e+05
1.589671280639133322e+00 1.053362627275478474e+02 8.049620000000000000e+05
1.595952830483094553e+00 1.047783284660861369e+02 8.095500000000000000e+05
1.602217313416965272e+00 1.043998438777397837e+02 8.134580000000000000e+05
