# Real space DM power spectrum.
# The power spectum is corrected for shot-noise and window function.
# Ngrid=512	Interlacing was set to True.
# redshift=0.349200	model=tabulated	Hz_file=/g100/home/userexternal/mbaldi00/SOURCE/DAKAR2/DSC_m09_m02_Hz.dat	zDf_file=None	H0=67.66	Om=0.311049	Ob=0.04897468161869667	sigma8=0.7882104124	ns=0.9665	Tcmb=0.0	Neff=3.046	m_nu=[0]	Fid_model=w0waCDM	Fid_H0=67.659	Fid_Om=0.311438	Fid_w0=-0.9001	Fid_wa=-0.2025	
# n_dm=1.073742e+00[h/Mpc]^3
# k[h/Mpc]		Pk_dm[Mpc^3/h^3]		Nmodes
8.018239401280879974e-03 1.266775791353649583e+04 1.800000000000000000e+01
1.401654949351664563e-02 1.510338924194151332e+04 6.200000000000000000e+01
1.969250245970122562e-02 1.114302658558864823e+04 9.800000000000000000e+01
2.551337480545044084e-02 1.688989843933014708e+04 2.100000000000000000e+02
3.202906010406358223e-02 1.312797010599681380e+04 3.500000000000000000e+02
3.846520933840009981e-02 1.130532534409205073e+04 4.500000000000000000e+02
4.443307405343879801e-02 9.016307880083191776e+03 6.020000000000000000e+02
5.042305588722229004e-02 8.068396761414885987e+03 7.620000000000000000e+02
5.690925724269420977e-02 7.630019640647801680e+03 1.142000000000000000e+03
6.341842361688614094e-02 6.569086677425384551e+03 1.250000000000000000e+03
6.949987936003544642e-02 6.262301873584506211e+03 1.458000000000000000e+03
7.558128466088295805e-02 6.263567574889551906e+03 1.814000000000000000e+03
8.196268225887480552e-02 5.090175656305090342e+03 2.178000000000000000e+03
8.830226267620121250e-02 4.595593497281269265e+03 2.498000000000000000e+03
9.435210882776298713e-02 4.094000027539801067e+03 2.622000000000000000e+03
1.005600000334900268e-01 3.914083656454743505e+03 3.338000000000000000e+03
1.070138172820522676e-01 3.349342992309855617e+03 3.722000000000000000e+03
1.134272720352065417e-01 3.168109684619629206e+03 4.170000000000000000e+03
1.196088736356262089e-01 3.064778636122034641e+03 4.358000000000000000e+03
1.257803526943431782e-01 2.895068280127013622e+03 5.034000000000000000e+03
1.321489366516601371e-01 2.722127305356781108e+03 5.714000000000000000e+03
1.384562346816501366e-01 2.503404016776772096e+03 5.982000000000000000e+03
1.446496334058954558e-01 2.424583369942803529e+03 6.602000000000000000e+03
1.508534077925902661e-01 2.212638523147684737e+03 7.130000000000000000e+03
1.571727997187746806e-01 2.067561582578483922e+03 8.034000000000000000e+03
1.635416756874734368e-01 1.908644670918296470e+03 8.606000000000000000e+03
1.698255044437522454e-01 1.784233248349717087e+03 9.066000000000000000e+03
1.761012440422073944e-01 1.750145168089909703e+03 9.962000000000000000e+03
1.823997330750334323e-01 1.652485549463299094e+03 1.055000000000000000e+04
1.886505794152418258e-01 1.638735165934203451e+03 1.122600000000000000e+04
1.949080233860110145e-01 1.530867788243760970e+03 1.214600000000000000e+04
2.011423980633682551e-01 1.459011720420783604e+03 1.260600000000000000e+04
2.073952711124279202e-01 1.356611932026167096e+03 1.380200000000000000e+04
2.137387912274538171e-01 1.311463282278305769e+03 1.475400000000000000e+04
2.200329442788883927e-01 1.298739731788949030e+03 1.519400000000000000e+04
2.262928915227388205e-01 1.210015438091483929e+03 1.645400000000000000e+04
2.325983565681614684e-01 1.166701532736099125e+03 1.715400000000000000e+04
2.388889575828848644e-01 1.141426281717511984e+03 1.826600000000000000e+04
2.451217204984029174e-01 1.089648410758717773e+03 1.875000000000000000e+04
2.513735730109318833e-01 1.057347613868994358e+03 2.023400000000000000e+04
2.577068704519516196e-01 1.006171428008135081e+03 2.145000000000000000e+04
2.640202590165574015e-01 9.879008420734129459e+02 2.196200000000000000e+04
2.702896249217050517e-01 9.495972768627726737e+02 2.346200000000000000e+04
2.765613443273721161e-01 9.243637443915271206e+02 2.404200000000000000e+04
2.828696817722480827e-01 8.996055617235422233e+02 2.594600000000000000e+04
2.891484548613966754e-01 8.540247230644074534e+02 2.611800000000000000e+04
2.953521325173381618e-01 8.363958787632743679e+02 2.750600000000000000e+04
3.016073414663040242e-01 8.315017607529838415e+02 2.906600000000000000e+04
3.079380380657114613e-01 7.915306150280117663e+02 3.045000000000000000e+04
3.142758188292146815e-01 7.648158263132933143e+02 3.174200000000000000e+04
3.205460861690284657e-01 7.520827549447643605e+02 3.225000000000000000e+04
3.268125857401938394e-01 7.294951299801290361e+02 3.425000000000000000e+04
3.331235790942642661e-01 7.118895156946912266e+02 3.545400000000000000e+04
3.394044287142444771e-01 7.033855792204111594e+02 3.643400000000000000e+04
3.456389225992096970e-01 6.810525954764433436e+02 3.768200000000000000e+04
3.518805674449744791e-01 6.587813562058598791e+02 3.929400000000000000e+04
3.582029755837912721e-01 6.441578001985221817e+02 4.142600000000000000e+04
3.645115539318926068e-01 6.335756426704755313e+02 4.206600000000000000e+04
3.707638220461956791e-01 6.157682405433426993e+02 4.349000000000000000e+04
3.770538406945189158e-01 6.052864359479874565e+02 4.570200000000000000e+04
3.833585849945114754e-01 5.942331925859970170e+02 4.663400000000000000e+04
3.896511111060295685e-01 5.857131145469398916e+02 4.855400000000000000e+04
3.958767350353735170e-01 5.709949307505328306e+02 4.887000000000000000e+04
4.021123550664917334e-01 5.578448732588794883e+02 5.155400000000000000e+04
4.084534706459355680e-01 5.507018443693667678e+02 5.409000000000000000e+04
4.147693430455148822e-01 5.458650466856120147e+02 5.431400000000000000e+04
4.210541279197388409e-01 5.280197932222567943e+02 5.691000000000000000e+04
4.273285528543883660e-01 5.202290754630311085e+02 5.748200000000000000e+04
4.336210871857300031e-01 5.100570652457915912e+02 6.062600000000000000e+04
4.399178901492071248e-01 4.922813363150359010e+02 6.120600000000000000e+04
4.461481615369914944e-01 4.885783146317134538e+02 6.257000000000000000e+04
4.524185591367541615e-01 4.836864775166670825e+02 6.573000000000000000e+04
4.587151924004577719e-01 4.716092106707433800e+02 6.668600000000000000e+04
4.650253487526455620e-01 4.701908043156826693e+02 6.969800000000000000e+04
4.713138026405762626e-01 4.573656242736980175e+02 7.002600000000000000e+04
4.775801322871031096e-01 4.542383912240813970e+02 7.274600000000000000e+04
4.838809178367569630e-01 4.434886480568089269e+02 7.491000000000000000e+04
4.901499165155780435e-01 4.372789993925803174e+02 7.572200000000000000e+04
4.963993143780123241e-01 4.331140983343130415e+02 7.837800000000000000e+04
5.026659111298577010e-01 4.270704767506375674e+02 8.003000000000000000e+04
5.089643413427887841e-01 4.232663068341793178e+02 8.318600000000000000e+04
5.152747315442799403e-01 4.144954130689722547e+02 8.466600000000000000e+04
5.215661708673858810e-01 4.074932839929902002e+02 8.654600000000000000e+04
5.278286396879566800e-01 4.015630609777025484e+02 8.813400000000000000e+04
5.341160320652750260e-01 3.996679039761065724e+02 9.153800000000000000e+04
5.404304286902661403e-01 3.947648701716320261e+02 9.313800000000000000e+04
5.466976878455739319e-01 3.877017136877948360e+02 9.447800000000000000e+04
5.529595373159058580e-01 3.791469306071186338e+02 9.727400000000000000e+04
5.592440147746206014e-01 3.797272389661609395e+02 9.969000000000000000e+04
5.655545845518847869e-01 3.703903656990954119e+02 1.025900000000000000e+05
5.718545124332512497e-01 3.659996979515481712e+02 1.037700000000000000e+05
5.781226402320145397e-01 3.664097339766417463e+02 1.063460000000000000e+05
5.844054810026423352e-01 3.602351506256866855e+02 1.085460000000000000e+05
5.906692678833675991e-01 3.575693005852566557e+02 1.107260000000000000e+05
5.969160111309492756e-01 3.500137104554231655e+02 1.123220000000000000e+05
6.031708558297608214e-01 3.467113040540841666e+02 1.158900000000000000e+05
6.094688112237535149e-01 3.417431802292172165e+02 1.187660000000000000e+05
6.158118423264375974e-01 3.398055005950193390e+02 1.222980000000000000e+05
6.221022681713845870e-01 3.349542372582947110e+02 1.220900000000000000e+05
6.283660508217905338e-01 3.289972045694906910e+02 1.258100000000000000e+05
6.346461619227155015e-01 3.285208343799051249e+02 1.281900000000000000e+05
6.409396473976692876e-01 3.247211500577188303e+02 1.309940000000000000e+05
6.472371834330832296e-01 3.226380227836651216e+02 1.337220000000000000e+05
6.534767429514126702e-01 3.168827580611492749e+02 1.338860000000000000e+05
6.597637022409679197e-01 3.128848125632119945e+02 1.405380000000000000e+05
6.660751593608625898e-01 3.095800790499204140e+02 1.405940000000000000e+05
6.723401943305717943e-01 3.066135330600210409e+02 1.435940000000000000e+05
6.786079373829640993e-01 3.046684040332718837e+02 1.463100000000000000e+05
6.849135514418230875e-01 3.031051062338810311e+02 1.506500000000000000e+05
6.912250943479077980e-01 2.979256886290918942e+02 1.519140000000000000e+05
6.974710436131158486e-01 2.956549692935966505e+02 1.533980000000000000e+05
7.037307548900212373e-01 2.932043621199989616e+02 1.578660000000000000e+05
7.100217936516199924e-01 2.894744586500979153e+02 1.606580000000000000e+05
7.163250787242370077e-01 2.873884541496170186e+02 1.641020000000000000e+05
7.226009447591926760e-01 2.855919449381425466e+02 1.649940000000000000e+05
7.288716701068771453e-01 2.823391866982723286e+02 1.698500000000000000e+05
7.351879459163250807e-01 2.808156858538122265e+02 1.729860000000000000e+05
7.414685146977839647e-01 2.768066557340093254e+02 1.738940000000000000e+05
7.477104477723024445e-01 2.744586693927107603e+02 1.767780000000000000e+05
7.539885226758882286e-01 2.735908498987346888e+02 1.818020000000000000e+05
7.602914782916944114e-01 2.691123796430280777e+02 1.844300000000000000e+05
7.665892437025125794e-01 2.684387973771047768e+02 1.872420000000000000e+05
7.728738187058056264e-01 2.656329665186828493e+02 1.902500000000000000e+05
7.791494140893913123e-01 2.627886753482177937e+02 1.925700000000000000e+05
7.854515901778583720e-01 2.613697255757371067e+02 1.982540000000000000e+05
7.917409748104085043e-01 2.589353939050840268e+02 1.980740000000000000e+05
7.979940385111662371e-01 2.568133148913582886e+02 2.020500000000000000e+05
8.042571846768763466e-01 2.542506610557141471e+02 2.055020000000000000e+05
8.105619462845171652e-01 2.545513276869359629e+02 2.106660000000000000e+05
8.168641867275381330e-01 2.512131230205565089e+02 2.124260000000000000e+05
8.231256696255031535e-01 2.501011478112333180e+02 2.139180000000000000e+05
8.294110748726144511e-01 2.478411146861245982e+02 2.209940000000000000e+05
8.357113707437004990e-01 2.439857872384053508e+02 2.215220000000000000e+05
8.419948002460609926e-01 2.423865631947138581e+02 2.263140000000000000e+05
8.482593350903800955e-01 2.415597418617532526e+02 2.272940000000000000e+05
8.545301115901441369e-01 2.401672943672033682e+02 2.329620000000000000e+05
8.608435414229801408e-01 2.377962253822254866e+02 2.378180000000000000e+05
8.671393362117422177e-01 2.357980627390196844e+02 2.383980000000000000e+05
8.733948081113820372e-01 2.341929349372519198e+02 2.414180000000000000e+05
8.796646205952306508e-01 2.331679894690766162e+02 2.468180000000000000e+05
8.859565087287600837e-01 2.298832236947818046e+02 2.499060000000000000e+05
8.922534924202312201e-01 2.298738222613104085e+02 2.547020000000000000e+05
8.985217857854136403e-01 2.284750873492106393e+02 2.544180000000000000e+05
9.047744920414614311e-01 2.271002190955720437e+02 2.603540000000000000e+05
9.110610772062064378e-01 2.247824606644947778e+02 2.649740000000000000e+05
9.173652030728716156e-01 2.223567893030871403e+02 2.687220000000000000e+05
9.236564978724189912e-01 2.209833193855998843e+02 2.715620000000000000e+05
9.299448038968107788e-01 2.202935437103191703e+02 2.755860000000000000e+05
9.362445064485998003e-01 2.176730387516274448e+02 2.801900000000000000e+05
9.425390102875164100e-01 2.169595533455355394e+02 2.828340000000000000e+05
9.488116425969939094e-01 2.158944865918466292e+02 2.851700000000000000e+05
9.550714374598537892e-01 2.139986016024748210e+02 2.898860000000000000e+05
9.613552636148307018e-01 2.131657318342627150e+02 2.944740000000000000e+05
9.676548604748713700e-01 2.111544209028033947e+02 2.994980000000000000e+05
9.739319897320198871e-01 2.103378017694593609e+02 2.999580000000000000e+05
9.801989291478477861e-01 2.082188189943478847e+02 3.058580000000000000e+05
9.864886628427461668e-01 2.078156287822318120e+02 3.107940000000000000e+05
9.927793936164199806e-01 2.056182970138629287e+02 3.130820000000000000e+05
9.990361166530091763e-01 2.044743462204333468e+02 3.160460000000000000e+05
1.005310172388236056e+00 2.038659513206976328e+02 3.222180000000000000e+05
1.011625805491854102e+00 2.023169532454732860e+02 3.285620000000000000e+05
1.017917766942204150e+00 2.012902085696267420e+02 3.279900000000000000e+05
1.024197689983066040e+00 1.994297585451583359e+02 3.352820000000000000e+05
1.030472573734562358e+00 1.986607124285097825e+02 3.359700000000000000e+05
1.036757776698311151e+00 1.976149795883416402e+02 3.440660000000000000e+05
1.043033361905228329e+00 1.963524042014043971e+02 3.437180000000000000e+05
1.049301684494551079e+00 1.939543382257304813e+02 3.514980000000000000e+05
1.055593059295673708e+00 1.937713276688548092e+02 3.544580000000000000e+05
1.061871457102441241e+00 1.931799763215431085e+02 3.585660000000000000e+05
1.068178001041605985e+00 1.912924279784788268e+02 3.661220000000000000e+05
1.074470180493512173e+00 1.898086134577510506e+02 3.658100000000000000e+05
1.080737053769623701e+00 1.893510611378665658e+02 3.716220000000000000e+05
1.087020489212936480e+00 1.877628096537121678e+02 3.759860000000000000e+05
1.093314462971749057e+00 1.863336537448235219e+02 3.821700000000000000e+05
1.099587869600829659e+00 1.868652087570660854e+02 3.818180000000000000e+05
1.105847463881620474e+00 1.834387842600295357e+02 3.895740000000000000e+05
1.112134280670179054e+00 1.839264110181383387e+02 3.936980000000000000e+05
1.118428377412835406e+00 1.827065867925770704e+02 3.994580000000000000e+05
1.124715645780198781e+00 1.816068976122465131e+02 4.022220000000000000e+05
1.130996124361501431e+00 1.807121963307275792e+02 4.069220000000000000e+05
1.137284456696317392e+00 1.796492191338347482e+02 4.128420000000000000e+05
1.143571288435853983e+00 1.783821173044251509e+02 4.153460000000000000e+05
1.149847667202570811e+00 1.776827682459799007e+02 4.211820000000000000e+05
1.156130444085272213e+00 1.764956475772369231e+02 4.250180000000000000e+05
1.162419353814765133e+00 1.748051887048356434e+02 4.311380000000000000e+05
1.168705445387328012e+00 1.745952876440399848e+02 4.343820000000000000e+05
1.174988745725767281e+00 1.735695852462957873e+02 4.395140000000000000e+05
1.181273977502684147e+00 1.727445045415742868e+02 4.447380000000000000e+05
1.187562659051211167e+00 1.714220311042956553e+02 4.489100000000000000e+05
1.193823213156303353e+00 1.708113952040795596e+02 4.506180000000000000e+05
1.200093696126397269e+00 1.696429646691034350e+02 4.595540000000000000e+05
1.206384684590767753e+00 1.690449506760010081e+02 4.631060000000000000e+05
1.212657716259795793e+00 1.676121397691525772e+02 4.670940000000000000e+05
1.218950061014193453e+00 1.671994902893793835e+02 4.749380000000000000e+05
1.225240784026401242e+00 1.662476977654615666e+02 4.771860000000000000e+05
1.231532244371714047e+00 1.653781250908063782e+02 4.846700000000000000e+05
1.237823116543606217e+00 1.645404829324583034e+02 4.870100000000000000e+05
1.244104630523539479e+00 1.640671003365526701e+02 4.933140000000000000e+05
1.250385916236761652e+00 1.631095541143082244e+02 4.963220000000000000e+05
1.256652750742101254e+00 1.612364024892670500e+02 5.017020000000000000e+05
1.262935091931613352e+00 1.608696456455818691e+02 5.085620000000000000e+05
1.269233477511062080e+00 1.601419308741498924e+02 5.142420000000000000e+05
1.275514616938773216e+00 1.594502815078553795e+02 5.161580000000000000e+05
1.281786872211649220e+00 1.584162497653296384e+02 5.226020000000000000e+05
1.288079462048372426e+00 1.571222034251809987e+02 5.306580000000000000e+05
1.294361149637119013e+00 1.567477292741059500e+02 5.300420000000000000e+05
1.300627926004322754e+00 1.560369114226900251e+02 5.388780000000000000e+05
1.306914643728855463e+00 1.558882462784159770e+02 5.441300000000000000e+05
1.313214369136572968e+00 1.551705961125336444e+02 5.511060000000000000e+05
1.319506178663429896e+00 1.535905499772002827e+02 5.539820000000000000e+05
1.325784332573166857e+00 1.526977630190876027e+02 5.582420000000000000e+05
1.332057263563118710e+00 1.521385920116184138e+02 5.645460000000000000e+05
1.338340549575027794e+00 1.513688523614925145e+02 5.704940000000000000e+05
1.344633835480066875e+00 1.506832706198044036e+02 5.767620000000000000e+05
1.350907484373135237e+00 1.495324965712666483e+02 5.782340000000000000e+05
1.357175487163077676e+00 1.490186898898267032e+02 5.856660000000000000e+05
1.363467141694861828e+00 1.485698263943404811e+02 5.944460000000000000e+05
1.369755686854475130e+00 1.477501121166907012e+02 5.952500000000000000e+05
1.376032186684321701e+00 1.472449446568487872e+02 6.034020000000000000e+05
1.382313839440675540e+00 1.457436463905497703e+02 6.073820000000000000e+05
1.388610058625191268e+00 1.450815848336923182e+02 6.170100000000000000e+05
1.394895499348251855e+00 1.445594180160022120e+02 6.167780000000000000e+05
1.401166240321837453e+00 1.436270739577352629e+02 6.247460000000000000e+05
1.407434432864556273e+00 1.432370811817015692e+02 6.280620000000000000e+05
1.413722933193898301e+00 1.421663580997561951e+02 6.394100000000000000e+05
1.420027475896342928e+00 1.418376344580804869e+02 6.429540000000000000e+05
1.426307149789788564e+00 1.408369467365332639e+02 6.459740000000000000e+05
1.432584485912613337e+00 1.404863211536741687e+02 6.534900000000000000e+05
1.438876982104692948e+00 1.394708652555038100e+02 6.607460000000000000e+05
1.445167658311597991e+00 1.388860839846657029e+02 6.646460000000000000e+05
1.451434581318592487e+00 1.384163793241092151e+02 6.672900000000000000e+05
1.457714146029685631e+00 1.381023870776257922e+02 6.790340000000000000e+05
1.464013702919821469e+00 1.368851825328806910e+02 6.827220000000000000e+05
1.470311375243267715e+00 1.362006638034482364e+02 6.912380000000000000e+05
1.476585168270965198e+00 1.360125143587654861e+02 6.886020000000000000e+05
1.482847620858654736e+00 1.355383289508701807e+02 7.008260000000000000e+05
1.489134257848029552e+00 1.343506792903000360e+02 7.056620000000000000e+05
1.495410090151012339e+00 1.338458214735366880e+02 7.100820000000000000e+05
1.501688804650891385e+00 1.332358664592878768e+02 7.191620000000000000e+05
1.507973225127458239e+00 1.325028511879321229e+02 7.222500000000000000e+05
1.514255586288884459e+00 1.320162078760960753e+02 7.315100000000000000e+05
1.520548655276809047e+00 1.314998532681528616e+02 7.364420000000000000e+05
1.526828765310179747e+00 1.307865657177000571e+02 7.408980000000000000e+05
1.533114430439595610e+00 1.302520814549356203e+02 7.501580000000000000e+05
1.539410813276927970e+00 1.294724524000157828e+02 7.548660000000000000e+05
1.545694858079805112e+00 1.291490689998049390e+02 7.608260000000000000e+05
1.551969964575633298e+00 1.281200337786358148e+02 7.640340000000000000e+05
1.558245721095042446e+00 1.277618799488840295e+02 7.738460000000000000e+05
1.564534844516594525e+00 1.274407215338653145e+02 7.797140000000000000e+05
1.570816980798636520e+00 1.264613900379351037e+02 7.843140000000000000e+05
1.577093092211928615e+00 1.258074073297747901e+02 7.913420000000000000e+05
1.583381338673179872e+00 1.250784890727756249e+02 7.994580000000000000e+05
1.589671280639133322e+00 1.250492429676088619e+02 8.049620000000000000e+05
1.595952830483094553e+00 1.241916914455191545e+02 8.095500000000000000e+05
1.602217313416965272e+00 1.239625010770051432e+02 8.134580000000000000e+05
