# Real space DM power spectrum.
# The power spectum is corrected for shot-noise and window function.
# Ngrid=512	Interlacing was set to True.
# redshift=0.552300	model=tabulated	Hz_file=/g100/home/userexternal/mbaldi00/SOURCE/DAKAR2/DSC_m09_m02_Hz.dat	zDf_file=None	H0=67.66	Om=0.311049	Ob=0.04897468161869667	sigma8=0.7882104124	ns=0.9665	Tcmb=0.0	Neff=3.046	m_nu=[0]	Fid_model=w0waCDM	Fid_H0=67.659	Fid_Om=0.311438	Fid_w0=-0.9001	Fid_wa=-0.2025	
# n_dm=1.073742e+00[h/Mpc]^3
# k[h/Mpc]		Pk_dm[Mpc^3/h^3]		Nmodes
8.018239401280879974e-03 1.036248881631427321e+04 1.800000000000000000e+01
1.401654949351664563e-02 1.235159287097377091e+04 6.200000000000000000e+01
1.969250245970122562e-02 9.124964085588648231e+03 9.800000000000000000e+01
2.551337480545044084e-02 1.384659843933014781e+04 2.100000000000000000e+02
3.202906010406358223e-02 1.075891867742538489e+04 3.500000000000000000e+02
3.846520933840009981e-02 9.268300344092051091e+03 4.500000000000000000e+02
4.443307405343879801e-02 7.398534624269238520e+03 6.020000000000000000e+02
5.042305588722229004e-02 6.615512246979190422e+03 7.620000000000000000e+02
5.690925724269420977e-02 6.248589255358834635e+03 1.142000000000000000e+03
6.341842361688614094e-02 5.391777077425384959e+03 1.250000000000000000e+03
6.949987936003544642e-02 5.132939047795754959e+03 1.458000000000000000e+03
7.558128466088295805e-02 5.133887861548868386e+03 1.814000000000000000e+03
8.196268225887480552e-02 4.173446087893704316e+03 2.178000000000000000e+03
8.830226267620121250e-02 3.770945779106729333e+03 2.498000000000000000e+03
9.435210882776298713e-02 3.356636183146208623e+03 2.622000000000000000e+03
1.005600000334900268e-01 3.202401211877152036e+03 3.338000000000000000e+03
1.070138172820522676e-01 2.735859650020763638e+03 3.722000000000000000e+03
1.134272720352065417e-01 2.579097454403801748e+03 4.170000000000000000e+03
1.196088736356262089e-01 2.498803188669074189e+03 4.358000000000000000e+03
1.257803526943431782e-01 2.364286794231105432e+03 5.034000000000000000e+03
1.321489366516601371e-01 2.218782013092167745e+03 5.714000000000000000e+03
1.384562346816501366e-01 2.043062492203050851e+03 5.982000000000000000e+03
1.446496334058954558e-01 1.972200758612903428e+03 6.602000000000000000e+03
1.508534077925902661e-01 1.796657877986394396e+03 7.130000000000000000e+03
1.571727997187746806e-01 1.675677838490856175e+03 8.034000000000000000e+03
1.635416756874734368e-01 1.540025451768865878e+03 8.606000000000000000e+03
1.698255044437522454e-01 1.438941388654151297e+03 9.066000000000000000e+03
1.761012440422073944e-01 1.412079819766280025e+03 9.962000000000000000e+03
1.823997330750334323e-01 1.332911521027280287e+03 1.055000000000000000e+04
1.886505794152418258e-01 1.322312842755867450e+03 1.122600000000000000e+04
1.949080233860110145e-01 1.234992109007798490e+03 1.214600000000000000e+04
2.011423980633682551e-01 1.169575182264350133e+03 1.260600000000000000e+04
2.073952711124279202e-01 1.091322046502329840e+03 1.380200000000000000e+04
2.137387912274538171e-01 1.053464027838831726e+03 1.475400000000000000e+04
2.200329442788883927e-01 1.038336217243733699e+03 1.519400000000000000e+04
2.262928915227388205e-01 9.661113418230993375e+02 1.645400000000000000e+04
2.325983565681614684e-01 9.279295262070097579e+02 1.715400000000000000e+04
2.388889575828848644e-01 9.062496146858684369e+02 1.826600000000000000e+04
2.451217204984029174e-01 8.640613707587178851e+02 1.875000000000000000e+04
2.513735730109318833e-01 8.379529316509454020e+02 2.023400000000000000e+04
2.577068704519516196e-01 7.967612648379719076e+02 2.145000000000000000e+04
2.640202590165574015e-01 7.840678578278979103e+02 2.196200000000000000e+04
2.702896249217050517e-01 7.521886160495428157e+02 2.346200000000000000e+04
2.765613443273721161e-01 7.281627627760209407e+02 2.404200000000000000e+04
2.828696817722480827e-01 7.088141487889857899e+02 2.594600000000000000e+04
2.891484548613966754e-01 6.696838087524387220e+02 2.611800000000000000e+04
2.953521325173381618e-01 6.571441518673244673e+02 2.750600000000000000e+04
3.016073414663040242e-01 6.510291122977440637e+02 2.906600000000000000e+04
3.079380380657114613e-01 6.212468711856472510e+02 3.045000000000000000e+04
3.142758188292146815e-01 5.979352264771140426e+02 3.174200000000000000e+04
3.205460861690284657e-01 5.876409564951519542e+02 3.225000000000000000e+04
3.268125857401938394e-01 5.670627212210049493e+02 3.425000000000000000e+04
3.331235790942642661e-01 5.556397836475315444e+02 3.545400000000000000e+04
3.394044287142444771e-01 5.463791017543080670e+02 3.643400000000000000e+04
3.456389225992096970e-01 5.273841596184740865e+02 3.768200000000000000e+04
3.518805674449744791e-01 5.107130506121305871e+02 3.929400000000000000e+04
3.582029755837912721e-01 4.989913346937667029e+02 4.142600000000000000e+04
3.645115539318926068e-01 4.898933339175634956e+02 4.206600000000000000e+04
3.707638220461956791e-01 4.749321402904109846e+02 4.349000000000000000e+04
3.770538406945189158e-01 4.661064000633435285e+02 4.570200000000000000e+04
3.833585849945114754e-01 4.582393683375945557e+02 4.663400000000000000e+04
3.896511111060295685e-01 4.492248746490942040e+02 4.855400000000000000e+04
3.958767350353735170e-01 4.384704781211078171e+02 4.887000000000000000e+04
4.021123550664917334e-01 4.277494393449251788e+02 5.155400000000000000e+04
4.084534706459355680e-01 4.206880895163440073e+02 5.409000000000000000e+04
4.147693430455148822e-01 4.171794039415681823e+02 5.431400000000000000e+04
4.210541279197388409e-01 4.035566760196562086e+02 5.691000000000000000e+04
4.273285528543883660e-01 3.970333272288012267e+02 5.748200000000000000e+04
4.336210871857300031e-01 3.887165512748879905e+02 6.062600000000000000e+04
4.399178901492071248e-01 3.753477677106507144e+02 6.120600000000000000e+04
4.461481615369914944e-01 3.714627320841667029e+02 6.257000000000000000e+04
4.524185591367541615e-01 3.671311146686524580e+02 6.573000000000000000e+04
4.587151924004577719e-01 3.570397358184505379e+02 6.668600000000000000e+04
4.650253487526455620e-01 3.553286848861438330e+02 6.969800000000000000e+04
4.713138026405762626e-01 3.458318511037325607e+02 7.002600000000000000e+04
4.775801322871031096e-01 3.430505595907269480e+02 7.274600000000000000e+04
4.838809178367569630e-01 3.343801712179355832e+02 7.491000000000000000e+04
4.901499165155780435e-01 3.299835238372595541e+02 7.572200000000000000e+04
4.963993143780123241e-01 3.257873484810378955e+02 7.837800000000000000e+04
5.026659111298577010e-01 3.210712264694929559e+02 8.003000000000000000e+04
5.089643413427887841e-01 3.169269228032125625e+02 8.318600000000000000e+04
5.152747315442799403e-01 3.106345952672572821e+02 8.466600000000000000e+04
5.215661708673858810e-01 3.054294335550727624e+02 8.654600000000000000e+04
5.278286396879566800e-01 3.010731251980942602e+02 8.813400000000000000e+04
5.341160320652750260e-01 2.981266861212266690e+02 9.153800000000000000e+04
5.404304286902661403e-01 2.940763649428317308e+02 9.313800000000000000e+04
5.466976878455739319e-01 2.888672972098846117e+02 9.447800000000000000e+04
5.529595373159058580e-01 2.827533824853183546e+02 9.727400000000000000e+04
5.592440147746206014e-01 2.819610236988322072e+02 9.969000000000000000e+04
5.655545845518847869e-01 2.751873439620840145e+02 1.025900000000000000e+05
5.718545124332512497e-01 2.715846647049451121e+02 1.037700000000000000e+05
5.781226402320145397e-01 2.718079247877676607e+02 1.063460000000000000e+05
5.844054810026423352e-01 2.666275556889778500e+02 1.085460000000000000e+05
5.906692678833675991e-01 2.641421380398743395e+02 1.107260000000000000e+05
5.969160111309492756e-01 2.586873095722480116e+02 1.123220000000000000e+05
6.031708558297608214e-01 2.562892831722134019e+02 1.158900000000000000e+05
6.094688112237535149e-01 2.523015723616457251e+02 1.187660000000000000e+05
6.158118423264375974e-01 2.500553002646786922e+02 1.222980000000000000e+05
6.221022681713845870e-01 2.468115556299877085e+02 1.220900000000000000e+05
6.283660508217905338e-01 2.426015126531088697e+02 1.258100000000000000e+05
6.346461619227155015e-01 2.408508289192607776e+02 1.281900000000000000e+05
6.409396473976692876e-01 2.375130183875659782e+02 1.309940000000000000e+05
6.472371834330832296e-01 2.365793338618721577e+02 1.337220000000000000e+05
6.534767429514126702e-01 2.323666622781697413e+02 1.338860000000000000e+05
6.597637022409679197e-01 2.282839074699276409e+02 1.405380000000000000e+05
6.660751593608625898e-01 2.263541945882791140e+02 1.405940000000000000e+05
6.723401943305717943e-01 2.235934625835387521e+02 1.435940000000000000e+05
6.786079373829640993e-01 2.227328288846149178e+02 1.463100000000000000e+05
6.849135514418230875e-01 2.212882725133367217e+02 1.506500000000000000e+05
6.912250943479077980e-01 2.174135304343238033e+02 1.519140000000000000e+05
6.974710436131158486e-01 2.154426718712051922e+02 1.533980000000000000e+05
7.037307548900212373e-01 2.136112895141179990e+02 1.578660000000000000e+05
7.100217936516199924e-01 2.106554020204871733e+02 1.606580000000000000e+05
7.163250787242370077e-01 2.091041431722980235e+02 1.641020000000000000e+05
7.226009447591926760e-01 2.073069406349557937e+02 1.649940000000000000e+05
7.288716701068771453e-01 2.048385920559408930e+02 1.698500000000000000e+05
7.351879459163250807e-01 2.032794459268817491e+02 1.729860000000000000e+05
7.414685146977839647e-01 2.006033824755875230e+02 1.738940000000000000e+05
7.477104477723024445e-01 1.979852846955199368e+02 1.767780000000000000e+05
7.539885226758882286e-01 1.981956397250291957e+02 1.818020000000000000e+05
7.602914782916944114e-01 1.949504753975148788e+02 1.844300000000000000e+05
7.665892437025125794e-01 1.933093499240760593e+02 1.872420000000000000e+05
7.728738187058056264e-01 1.917204934569219859e+02 1.902500000000000000e+05
7.791494140893913123e-01 1.898683866220402763e+02 1.925700000000000000e+05
7.854515901778583720e-01 1.888371360693463146e+02 1.982540000000000000e+05
7.917409748104085043e-01 1.865434797719822484e+02 1.980740000000000000e+05
7.979940385111662371e-01 1.851900533224396952e+02 2.020500000000000000e+05
8.042571846768763466e-01 1.832098536669782618e+02 2.055020000000000000e+05
8.105619462845171652e-01 1.834000265752235919e+02 2.106660000000000000e+05
8.168641867275381330e-01 1.804653991072878796e+02 2.124260000000000000e+05
8.231256696255031535e-01 1.796664391845632736e+02 2.139180000000000000e+05
8.294110748726144511e-01 1.777711942357956616e+02 2.209940000000000000e+05
8.357113707437004990e-01 1.754042648613954043e+02 2.215220000000000000e+05
8.419948002460609926e-01 1.734596916799158350e+02 2.263140000000000000e+05
8.482593350903800955e-01 1.733250678272428900e+02 2.272940000000000000e+05
8.545301115901441369e-01 1.723961728967489648e+02 2.329620000000000000e+05
8.608435414229801408e-01 1.704404827555109421e+02 2.378180000000000000e+05
8.671393362117422177e-01 1.687073488907491594e+02 2.383980000000000000e+05
8.733948081113820372e-01 1.672842868662712874e+02 2.414180000000000000e+05
8.796646205952306508e-01 1.665151683620260883e+02 2.468180000000000000e+05
8.859565087287600837e-01 1.648169507761644184e+02 2.499060000000000000e+05
8.922534924202312201e-01 1.645511314304571044e+02 2.547020000000000000e+05
8.985217857854136403e-01 1.629451955962686327e+02 2.544180000000000000e+05
9.047744920414614311e-01 1.623167780883280500e+02 2.603540000000000000e+05
9.110610772062064378e-01 1.605115510658171729e+02 2.649740000000000000e+05
9.173652030728716156e-01 1.588978987023919842e+02 2.687220000000000000e+05
9.236564978724189912e-01 1.575517788902433836e+02 2.715620000000000000e+05
9.299448038968107788e-01 1.572348542268185554e+02 2.755860000000000000e+05
9.362445064485998003e-01 1.547777748235785964e+02 2.801900000000000000e+05
9.425390102875164100e-01 1.543039178844523747e+02 2.828340000000000000e+05
9.488116425969939094e-01 1.533969728281267351e+02 2.851700000000000000e+05
9.550714374598537892e-01 1.524460326615808015e+02 2.898860000000000000e+05
9.613552636148307018e-01 1.516346085432421376e+02 2.944740000000000000e+05
9.676548604748713700e-01 1.500072880338026096e+02 2.994980000000000000e+05
9.739319897320198871e-01 1.490337125302991979e+02 2.999580000000000000e+05
9.801989291478477861e-01 1.478474309646086056e+02 3.058580000000000000e+05
9.864886628427461668e-01 1.474122747921290397e+02 3.107940000000000000e+05
9.927793936164199806e-01 1.463131437313363108e+02 3.130820000000000000e+05
9.990361166530091763e-01 1.451670934787438512e+02 3.160460000000000000e+05
1.005310172388236056e+00 1.442256208611950683e+02 3.222180000000000000e+05
1.011625805491854102e+00 1.433432070423213531e+02 3.285620000000000000e+05
1.017917766942204150e+00 1.425334293995300925e+02 3.279900000000000000e+05
1.024197689983066040e+00 1.410252751550568746e+02 3.352820000000000000e+05
1.030472573734562358e+00 1.407870808542620864e+02 3.359700000000000000e+05
1.036757776698311151e+00 1.397094847123585453e+02 3.440660000000000000e+05
1.043033361905228329e+00 1.390145400220480667e+02 3.437180000000000000e+05
1.049301684494551079e+00 1.369262584073531173e+02 3.514980000000000000e+05
1.055593059295673708e+00 1.365808904379276214e+02 3.544580000000000000e+05
1.061871457102441241e+00 1.364326773584512296e+02 3.585660000000000000e+05
1.068178001041605985e+00 1.351414837576999730e+02 3.661220000000000000e+05
1.074470180493512173e+00 1.343056365025010450e+02 3.658100000000000000e+05
1.080737053769623701e+00 1.338429265279672506e+02 3.716220000000000000e+05
1.087020489212936480e+00 1.322643921594437586e+02 3.759860000000000000e+05
1.093314462971749057e+00 1.315802717420498880e+02 3.821700000000000000e+05
1.099587869600829659e+00 1.314394823638630498e+02 3.818180000000000000e+05
1.105847463881620474e+00 1.297397078329579188e+02 3.895740000000000000e+05
1.112134280670179054e+00 1.296869787629579776e+02 3.936980000000000000e+05
1.118428377412835406e+00 1.286751542014160350e+02 3.994580000000000000e+05
1.124715645780198781e+00 1.281171730322881785e+02 4.022220000000000000e+05
1.130996124361501431e+00 1.276343091680772375e+02 4.069220000000000000e+05
1.137284456696317392e+00 1.266460460070695291e+02 4.128420000000000000e+05
1.143571288435853983e+00 1.258856155925993363e+02 4.153460000000000000e+05
1.149847667202570811e+00 1.251535528474111061e+02 4.211820000000000000e+05
1.156130444085272213e+00 1.244854174222787719e+02 4.250180000000000000e+05
1.162419353814765133e+00 1.233684329560962567e+02 4.311380000000000000e+05
1.168705445387328012e+00 1.230069897863939445e+02 4.343820000000000000e+05
1.174988745725767281e+00 1.219047554570285570e+02 4.395140000000000000e+05
1.181273977502684147e+00 1.215714633352910283e+02 4.447380000000000000e+05
1.187562659051211167e+00 1.207850838320138962e+02 4.489100000000000000e+05
1.193823213156303353e+00 1.201830936271341272e+02 4.506180000000000000e+05
1.200093696126397269e+00 1.191042510467652420e+02 4.595540000000000000e+05
1.206384684590767753e+00 1.187669668018987608e+02 4.631060000000000000e+05
1.212657716259795793e+00 1.179757753542810548e+02 4.670940000000000000e+05
1.218950061014193453e+00 1.173568413541499496e+02 4.749380000000000000e+05
1.225240784026401242e+00 1.167781324387336213e+02 4.771860000000000000e+05
1.231532244371714047e+00 1.157802461216108298e+02 4.846700000000000000e+05
1.237823116543606217e+00 1.155937261923503030e+02 4.870100000000000000e+05
1.244104630523539479e+00 1.150903674645887662e+02 4.933140000000000000e+05
1.250385916236761652e+00 1.143513286074799993e+02 4.963220000000000000e+05
1.256652750742101254e+00 1.132715149663949177e+02 5.017020000000000000e+05
1.262935091931613352e+00 1.127358251871126953e+02 5.085620000000000000e+05
1.269233477511062080e+00 1.122238767284364087e+02 5.142420000000000000e+05
1.275514616938773216e+00 1.118288787590846738e+02 5.161580000000000000e+05
1.281786872211649220e+00 1.113426143793188743e+02 5.226020000000000000e+05
1.288079462048372426e+00 1.103526154796492307e+02 5.306580000000000000e+05
1.294361149637119013e+00 1.100211227033058918e+02 5.300420000000000000e+05
1.300627926004322754e+00 1.095790935121425633e+02 5.388780000000000000e+05
1.306914643728855463e+00 1.091165483385854174e+02 5.441300000000000000e+05
1.313214369136572968e+00 1.085525081222014734e+02 5.511060000000000000e+05
1.319506178663429896e+00 1.077369590663042658e+02 5.539820000000000000e+05
1.325784332573166857e+00 1.069193013483426711e+02 5.582420000000000000e+05
1.332057263563118710e+00 1.064644113425498091e+02 5.645460000000000000e+05
1.338340549575027794e+00 1.058362437801577585e+02 5.704940000000000000e+05
1.344633835480066875e+00 1.054555475728630398e+02 5.767620000000000000e+05
1.350907484373135237e+00 1.047351653870055941e+02 5.782340000000000000e+05
1.357175487163077676e+00 1.042562484983168787e+02 5.856660000000000000e+05
1.363467141694861828e+00 1.038697123385641845e+02 5.944460000000000000e+05
1.369755686854475130e+00 1.036111923350863293e+02 5.952500000000000000e+05
1.376032186684321701e+00 1.029219626315986176e+02 6.034020000000000000e+05
1.382313839440675540e+00 1.022217178513437972e+02 6.073820000000000000e+05
1.388610058625191268e+00 1.018204513026312412e+02 6.170100000000000000e+05
1.394895499348251855e+00 1.012485800807969980e+02 6.167780000000000000e+05
1.401166240321837453e+00 1.005790960595174397e+02 6.247460000000000000e+05
1.407434432864556273e+00 1.001973621730686688e+02 6.280620000000000000e+05
1.413722933193898301e+00 9.954891389337845453e+01 6.394100000000000000e+05
1.420027475896342928e+00 9.934490869542872815e+01 6.429540000000000000e+05
1.426307149789788564e+00 9.887502876460251855e+01 6.459740000000000000e+05
1.432584485912613337e+00 9.822170501570724355e+01 6.534900000000000000e+05
1.438876982104692948e+00 9.785619335434967070e+01 6.607460000000000000e+05
1.445167658311597991e+00 9.723656228439217841e+01 6.646460000000000000e+05
1.451434581318592487e+00 9.671727998199408205e+01 6.672900000000000000e+05
1.457714146029685631e+00 9.652707862473536693e+01 6.790340000000000000e+05
1.464013702919821469e+00 9.606128642289741038e+01 6.827220000000000000e+05
1.470311375243267715e+00 9.551423163392051663e+01 6.912380000000000000e+05
1.476585168270965198e+00 9.517426526857985891e+01 6.886020000000000000e+05
1.482847620858654736e+00 9.475214236532681866e+01 7.008260000000000000e+05
1.489134257848029552e+00 9.409328694098830681e+01 7.056620000000000000e+05
1.495410090151012339e+00 9.336665427876201306e+01 7.100820000000000000e+05
1.501688804650891385e+00 9.317379421409137308e+01 7.191620000000000000e+05
1.507973225127458239e+00 9.284684288055932200e+01 7.222500000000000000e+05
1.514255586288884459e+00 9.253847004612791238e+01 7.315100000000000000e+05
1.520548655276809047e+00 9.198972212408449423e+01 7.364420000000000000e+05
1.526828765310179747e+00 9.156846012151814307e+01 7.408980000000000000e+05
1.533114430439595610e+00 9.130955468057608471e+01 7.501580000000000000e+05
1.539410813276927970e+00 9.059800316001822296e+01 7.548660000000000000e+05
1.545694858079805112e+00 9.030336183417180962e+01 7.608260000000000000e+05
1.551969964575633298e+00 8.963372557769189086e+01 7.640340000000000000e+05
1.558245721095042446e+00 8.946356219573934254e+01 7.738460000000000000e+05
1.564534844516594525e+00 8.909877564088404256e+01 7.797140000000000000e+05
1.570816980798636520e+00 8.852655271512816171e+01 7.843140000000000000e+05
1.577093092211928615e+00 8.796067102612857980e+01 7.913420000000000000e+05
1.583381338673179872e+00 8.732742272532523486e+01 7.994580000000000000e+05
1.589671280639133322e+00 8.735057893129410900e+01 8.049620000000000000e+05
1.595952830483094553e+00 8.710230598446054273e+01 8.095500000000000000e+05
1.602217313416965272e+00 8.664547671926325734e+01 8.134580000000000000e+05
