# Real space DM power spectrum.
# The power spectum is corrected for shot-noise and window function.
# Ngrid=512	Interlacing was set to True.
# redshift=0.057540	model=tabulated	Hz_file=/g100/home/userexternal/mbaldi00/SOURCE/DAKAR2/DSC_m09_m02_Hz.dat	zDf_file=None	H0=67.66	Om=0.311049	Ob=0.04897468161869667	sigma8=0.7882104124	ns=0.9665	Tcmb=0.0	Neff=3.046	m_nu=[0]	Fid_model=w0waCDM	Fid_H0=67.659	Fid_Om=0.311438	Fid_w0=-0.9001	Fid_wa=-0.2025	
# n_dm=1.073742e+00[h/Mpc]^3
# k[h/Mpc]		Pk_dm[Mpc^3/h^3]		Nmodes
8.018239401280879974e-03 1.692219367742538452e+04 1.800000000000000000e+01
1.401654949351664563e-02 2.018483480645764212e+04 6.200000000000000000e+01
1.969250245970122562e-02 1.485971408558864823e+04 9.800000000000000000e+01
2.551337480545044084e-02 2.248161391552062560e+04 2.100000000000000000e+02
3.202906010406358223e-02 1.748425296313967192e+04 3.500000000000000000e+02
3.846520933840009981e-02 1.505043089964760657e+04 4.500000000000000000e+02
4.443307405343879801e-02 1.198505954121276045e+04 6.020000000000000000e+02
5.042305588722229004e-02 1.073829964855399339e+04 7.620000000000000000e+02
5.690925724269420977e-02 1.017452927287196871e+04 1.142000000000000000e+03
6.341842361688614094e-02 8.728215077425384152e+03 1.250000000000000000e+03
6.949987936003544642e-02 8.337768951773807203e+03 1.458000000000000000e+03
7.558128466088295805e-02 8.339069228693300829e+03 1.814000000000000000e+03
8.196268225887480552e-02 6.776697694872583270e+03 2.178000000000000000e+03
8.830226267620121250e-02 6.112093897601524986e+03 2.498000000000000000e+03
9.435210882776298713e-02 5.451672796418520193e+03 2.622000000000000000e+03
1.005600000334900268e-01 5.229479701990992908e+03 3.338000000000000000e+03
1.070138172820522676e-01 4.493061154588200225e+03 3.722000000000000000e+03
1.134272720352065417e-01 4.269542538336655525e+03 4.170000000000000000e+03
1.196088736356262089e-01 4.120565235479537478e+03 4.358000000000000000e+03
1.257803526943431782e-01 3.883622908653036575e+03 5.034000000000000000e+03
1.321489366516601371e-01 3.660379842983662456e+03 5.714000000000000000e+03
1.384562346816501366e-01 3.363425079966340491e+03 5.982000000000000000e+03
1.446496334058954558e-01 3.275084127289062053e+03 6.602000000000000000e+03
1.508534077925902661e-01 2.996639504914865938e+03 7.130000000000000000e+03
1.571727997187746806e-01 2.810531709538901850e+03 8.034000000000000000e+03
1.635416756874734368e-01 2.615494426902493615e+03 8.606000000000000000e+03
1.698255044437522454e-01 2.444775714707537645e+03 9.066000000000000000e+03
1.761012440422073944e-01 2.396565967126247870e+03 9.962000000000000000e+03
1.823997330750334323e-01 2.265412184534389326e+03 1.055000000000000000e+04
1.886505794152418258e-01 2.244493940208210006e+03 1.122600000000000000e+04
1.949080233860110145e-01 2.099499765849557207e+03 1.214600000000000000e+04
2.011423980633682551e-01 2.021955873998445213e+03 1.260600000000000000e+04
2.073952711124279202e-01 1.871635696697953790e+03 1.380200000000000000e+04
2.137387912274538171e-01 1.812043735036879525e+03 1.475400000000000000e+04
2.200329442788883927e-01 1.806587566460529843e+03 1.519400000000000000e+04
2.262928915227388205e-01 1.687374256615854847e+03 1.645400000000000000e+04
2.325983565681614684e-01 1.635771720447420194e+03 1.715400000000000000e+04
2.388889575828848644e-01 1.605271349055735982e+03 1.826600000000000000e+04
2.451217204984029174e-01 1.538081584092051116e+03 1.875000000000000000e+04
2.513735730109318833e-01 1.491092498716280943e+03 2.023400000000000000e+04
2.577068704519516196e-01 1.422531241527948623e+03 2.145000000000000000e+04
2.640202590165574015e-01 1.393706142137159532e+03 2.196200000000000000e+04
2.702896249217050517e-01 1.344208392709674172e+03 2.346200000000000000e+04
2.765613443273721161e-01 1.317588018578366928e+03 2.404200000000000000e+04
2.828696817722480827e-01 1.283131577294343060e+03 2.594600000000000000e+04
2.891484548613966754e-01 1.227373677808262300e+03 2.611800000000000000e+04
2.953521325173381618e-01 1.198338509462030970e+03 2.750600000000000000e+04
3.016073414663040242e-01 1.195272351821586426e+03 2.906600000000000000e+04
3.079380380657114613e-01 1.136638332597798353e+03 3.045000000000000000e+04
3.142758188292146815e-01 1.103156888628207298e+03 3.174200000000000000e+04
3.205460861690284657e-01 1.087648770448640335e+03 3.225000000000000000e+04
3.268125857401938394e-01 1.064003217571369987e+03 3.425000000000000000e+04
3.331235790942642661e-01 1.031014861212827327e+03 3.545400000000000000e+04
3.394044287142444771e-01 1.026442778539728351e+03 3.643400000000000000e+04
3.456389225992096970e-01 9.972145295563755099e+02 3.768200000000000000e+04
3.518805674449744791e-01 9.676597091350603250e+02 3.929400000000000000e+04
3.582029755837912721e-01 9.465396376918838541e+02 4.142600000000000000e+04
3.645115539318926068e-01 9.314858314214858410e+02 4.206600000000000000e+04
3.707638220461956791e-01 9.106565367033795155e+02 4.349000000000000000e+04
3.770538406945189158e-01 8.951758062162471106e+02 4.570200000000000000e+04
3.833585849945114754e-01 8.786239375360335089e+02 4.663400000000000000e+04
3.896511111060295685e-01 8.722399918382033093e+02 4.855400000000000000e+04
3.958767350353735170e-01 8.495216342496120205e+02 4.887000000000000000e+04
4.021123550664917334e-01 8.318834347672008107e+02 5.155400000000000000e+04
4.084534706459355680e-01 8.259714690689415875e+02 5.409000000000000000e+04
4.147693430455148822e-01 8.176323626630763783e+02 5.431400000000000000e+04
4.210541279197388409e-01 7.924362402438698609e+02 5.691000000000000000e+04
4.273285528543883660e-01 7.807142708285367689e+02 5.748200000000000000e+04
4.336210871857300031e-01 7.684434671195750752e+02 6.062600000000000000e+04
4.399178901492071248e-01 7.430738403179115039e+02 6.120600000000000000e+04
4.461481615369914944e-01 7.382607503037608012e+02 6.257000000000000000e+04
4.524185591367541615e-01 7.329855494777198146e+02 6.573000000000000000e+04
4.587151924004577719e-01 7.187532289054553303e+02 6.668600000000000000e+04
4.650253487526455620e-01 7.161892834685995695e+02 6.969800000000000000e+04
4.713138026405762626e-01 6.978133151313794542e+02 7.002600000000000000e+04
4.775801322871031096e-01 6.929758613255302180e+02 7.274600000000000000e+04
4.838809178367569630e-01 6.788037194758451278e+02 7.491000000000000000e+04
4.901499165155780435e-01 6.716791208896353282e+02 7.572200000000000000e+04
4.963993143780123241e-01 6.645807854148714569e+02 7.837800000000000000e+04
5.026659111298577010e-01 6.566712764507500424e+02 8.003000000000000000e+04
5.089643413427887841e-01 6.545297886700651588e+02 8.318600000000000000e+04
5.152747315442799403e-01 6.396021146965440494e+02 8.466600000000000000e+04
5.215661708673858810e-01 6.306027517904620936e+02 8.654600000000000000e+04
5.278286396879566800e-01 6.211236391881548116e+02 8.813400000000000000e+04
5.341160320652750260e-01 6.222174462427062736e+02 9.153800000000000000e+04
5.404304286902661403e-01 6.153084936121181272e+02 9.313800000000000000e+04
5.466976878455739319e-01 6.046706588390469506e+02 9.447800000000000000e+04
5.529595373159058580e-01 5.911776890831760056e+02 9.727400000000000000e+04
5.592440147746206014e-01 5.952731111699928306e+02 9.969000000000000000e+04
5.655545845518847869e-01 5.811068097969607607e+02 1.025900000000000000e+05
5.718545124332512497e-01 5.756110307066796850e+02 1.037700000000000000e+05
5.781226402320145397e-01 5.755814564673795530e+02 1.063460000000000000e+05
5.844054810026423352e-01 5.679818755165163111e+02 1.085460000000000000e+05
5.906692678833675991e-01 5.647760993497744266e+02 1.107260000000000000e+05
5.969160111309492756e-01 5.530255870245725873e+02 1.123220000000000000e+05
6.031708558297608214e-01 5.477797655261697400e+02 1.158900000000000000e+05
6.094688112237535149e-01 5.418179827821363688e+02 1.187660000000000000e+05
6.158118423264375974e-01 5.409671876217900035e+02 1.222980000000000000e+05
6.221022681713845870e-01 5.315174283468359135e+02 1.220900000000000000e+05
6.283660508217905338e-01 5.228193490731073325e+02 1.258100000000000000e+05
6.346461619227155015e-01 5.247146092453392612e+02 1.281900000000000000e+05
6.409396473976692876e-01 5.214705584275677666e+02 1.309940000000000000e+05
6.472371834330832296e-01 5.160068027899468461e+02 1.337220000000000000e+05
6.534767429514126702e-01 5.079420174310610037e+02 1.338860000000000000e+05
6.597637022409679197e-01 5.043413296617903256e+02 1.405380000000000000e+05
6.660751593608625898e-01 4.990512655870414847e+02 1.405940000000000000e+05
6.723401943305717943e-01 4.953006091216949471e+02 1.435940000000000000e+05
6.786079373829640993e-01 4.903201298209828565e+02 1.463100000000000000e+05
6.849135514418230875e-01 4.882541005916639847e+02 1.506500000000000000e+05
6.912250943479077980e-01 4.835043976355034374e+02 1.519140000000000000e+05
6.974710436131158486e-01 4.793730360219764179e+02 1.533980000000000000e+05
7.037307548900212373e-01 4.751418534100803868e+02 1.578660000000000000e+05
7.100217936516199924e-01 4.702909757236329824e+02 1.606580000000000000e+05
7.163250787242370077e-01 4.663515137101342134e+02 1.641020000000000000e+05
7.226009447591926760e-01 4.650355853129440789e+02 1.649940000000000000e+05
7.288716701068771453e-01 4.596903082761351698e+02 1.698500000000000000e+05
7.351879459163250807e-01 4.568583251425408207e+02 1.729860000000000000e+05
7.414685146977839647e-01 4.520931636066213741e+02 1.738940000000000000e+05
7.477104477723024445e-01 4.507258745879273647e+02 1.767780000000000000e+05
7.539885226758882286e-01 4.464468580834630984e+02 1.818020000000000000e+05
7.602914782916944114e-01 4.418883922223265017e+02 1.844300000000000000e+05
7.665892437025125794e-01 4.428344991961411097e+02 1.872420000000000000e+05
7.728738187058056264e-01 4.376023962164489376e+02 1.902500000000000000e+05
7.791494140893913123e-01 4.329387506455122434e+02 1.925700000000000000e+05
7.854515901778583720e-01 4.307593772347200343e+02 1.982540000000000000e+05
7.917409748104085043e-01 4.279938670009976818e+02 1.980740000000000000e+05
7.979940385111662371e-01 4.238491575045728723e+02 2.020500000000000000e+05
8.042571846768763466e-01 4.199763863527915078e+02 2.055020000000000000e+05
8.105619462845171652e-01 4.197866290644719811e+02 2.106660000000000000e+05
8.168641867275381330e-01 4.161367952640671888e+02 2.124260000000000000e+05
8.231256696255031535e-01 4.152862561237643035e+02 2.139180000000000000e+05
8.294110748726144511e-01 4.122679136037422722e+02 2.209940000000000000e+05
8.357113707437004990e-01 4.061566235436030183e+02 2.215220000000000000e+05
8.419948002460609926e-01 4.046732091821472181e+02 2.263140000000000000e+05
8.482593350903800955e-01 4.009511380270721475e+02 2.272940000000000000e+05
8.545301115901441369e-01 4.012124777018244686e+02 2.329620000000000000e+05
8.608435414229801408e-01 3.970778777382288354e+02 2.378180000000000000e+05
8.671393362117422177e-01 3.946477007393384611e+02 2.383980000000000000e+05
8.733948081113820372e-01 3.913953142130308720e+02 2.414180000000000000e+05
8.796646205952306508e-01 3.895893363724629239e+02 2.468180000000000000e+05
8.859565087287600837e-01 3.859854541334267424e+02 2.499060000000000000e+05
8.922534924202312201e-01 3.845981196755435008e+02 2.547020000000000000e+05
8.985217857854136403e-01 3.835735159195161827e+02 2.544180000000000000e+05
9.047744920414614311e-01 3.811437598132103517e+02 2.603540000000000000e+05
9.110610772062064378e-01 3.782732786315406202e+02 2.649740000000000000e+05
9.173652030728716156e-01 3.740568957327802764e+02 2.687220000000000000e+05
9.236564978724189912e-01 3.734842436680841615e+02 2.715620000000000000e+05
9.299448038968107788e-01 3.704233906546486992e+02 2.755860000000000000e+05
9.362445064485998003e-01 3.690969011307273036e+02 2.801900000000000000e+05
9.425390102875164100e-01 3.647779768731170975e+02 2.828340000000000000e+05
9.488116425969939094e-01 3.651600895655114982e+02 2.851700000000000000e+05
9.550714374598537892e-01 3.618423470748329009e+02 2.898860000000000000e+05
9.613552636148307018e-01 3.609582024768321844e+02 2.944740000000000000e+05
9.676548604748713700e-01 3.564873713732573037e+02 2.994980000000000000e+05
9.739319897320198871e-01 3.574040177063571946e+02 2.999580000000000000e+05
9.801989291478477861e-01 3.533366579915295915e+02 3.058580000000000000e+05
9.864886628427461668e-01 3.523501178650326437e+02 3.107940000000000000e+05
9.927793936164199806e-01 3.487903988913263333e+02 3.130820000000000000e+05
9.990361166530091763e-01 3.475149162640345821e+02 3.160460000000000000e+05
1.005310172388236056e+00 3.460978316005081865e+02 3.222180000000000000e+05
1.011625805491854102e+00 3.445069204358361503e+02 3.285620000000000000e+05
1.017917766942204150e+00 3.425763209511017635e+02 3.279900000000000000e+05
1.024197689983066040e+00 3.407199918413090245e+02 3.352820000000000000e+05
1.030472573734562358e+00 3.396463004274382911e+02 3.359700000000000000e+05
1.036757776698311151e+00 3.374988855831217052e+02 3.440660000000000000e+05
1.043033361905228329e+00 3.358938655156212576e+02 3.437180000000000000e+05
1.049301684494551079e+00 3.330038690907709906e+02 3.514980000000000000e+05
1.055593059295673708e+00 3.326951155365288173e+02 3.544580000000000000e+05
1.061871457102441241e+00 3.299753222271783102e+02 3.585660000000000000e+05
1.068178001041605985e+00 3.283723740073981503e+02 3.661220000000000000e+05
1.074470180493512173e+00 3.260597383586558635e+02 3.658100000000000000e+05
1.080737053769623701e+00 3.244073710441692242e+02 3.716220000000000000e+05
1.087020489212936480e+00 3.226787692905071481e+02 3.759860000000000000e+05
1.093314462971749057e+00 3.210222373594452847e+02 3.821700000000000000e+05
1.099587869600829659e+00 3.208594154209740168e+02 3.818180000000000000e+05
1.105847463881620474e+00 3.175212435617283404e+02 3.895740000000000000e+05
1.112134280670179054e+00 3.167550868051629323e+02 3.936980000000000000e+05
1.118428377412835406e+00 3.144057791982867798e+02 3.994580000000000000e+05
1.124715645780198781e+00 3.143237952458916311e+02 4.022220000000000000e+05
1.130996124361501431e+00 3.115066778284102043e+02 4.069220000000000000e+05
1.137284456696317392e+00 3.100089790419836504e+02 4.128420000000000000e+05
1.143571288435853983e+00 3.083385006570997575e+02 4.153460000000000000e+05
1.149847667202570811e+00 3.065028412785406431e+02 4.211820000000000000e+05
1.156130444085272213e+00 3.060638258661564350e+02 4.250180000000000000e+05
1.162419353814765133e+00 3.035614198883545782e+02 4.311380000000000000e+05
1.168705445387328012e+00 3.011184861191148912e+02 4.343820000000000000e+05
1.174988745725767281e+00 3.011653751414982025e+02 4.395140000000000000e+05
1.181273977502684147e+00 2.996837991374936792e+02 4.447380000000000000e+05
1.187562659051211167e+00 2.973383528614407396e+02 4.489100000000000000e+05
1.193823213156303353e+00 2.954806449899292602e+02 4.506180000000000000e+05
1.200093696126397269e+00 2.947453378396122048e+02 4.595540000000000000e+05
1.206384684590767753e+00 2.941158070242236704e+02 4.631060000000000000e+05
1.212657716259795793e+00 2.908950592671550908e+02 4.670940000000000000e+05
1.218950061014193453e+00 2.907875291491884582e+02 4.749380000000000000e+05
1.225240784026401242e+00 2.892665289968891216e+02 4.771860000000000000e+05
1.231532244371714047e+00 2.879250126637941776e+02 4.846700000000000000e+05
1.237823116543606217e+00 2.874693591362323559e+02 4.870100000000000000e+05
1.244104630523539479e+00 2.848956841594322213e+02 4.933140000000000000e+05
1.250385916236761652e+00 2.836372276810652693e+02 4.963220000000000000e+05
1.256652750742101254e+00 2.814663397827201265e+02 5.017020000000000000e+05
1.262935091931613352e+00 2.803929761342931783e+02 5.085620000000000000e+05
1.269233477511062080e+00 2.805773523294180336e+02 5.142420000000000000e+05
1.275514616938773216e+00 2.780122257187365449e+02 5.161580000000000000e+05
1.281786872211649220e+00 2.765131571633112912e+02 5.226020000000000000e+05
1.288079462048372426e+00 2.755992639801900737e+02 5.306580000000000000e+05
1.294361149637119013e+00 2.743393616353150719e+02 5.300420000000000000e+05
1.300627926004322754e+00 2.731172598503490008e+02 5.388780000000000000e+05
1.306914643728855463e+00 2.721549178458722622e+02 5.441300000000000000e+05
1.313214369136572968e+00 2.714622133331772034e+02 5.511060000000000000e+05
1.319506178663429896e+00 2.692326899745287392e+02 5.539820000000000000e+05
1.325784332573166857e+00 2.675248093538313015e+02 5.582420000000000000e+05
1.332057263563118710e+00 2.675383078895096673e+02 5.645460000000000000e+05
1.338340549575027794e+00 2.657359797984155989e+02 5.704940000000000000e+05
1.344633835480066875e+00 2.652639954248366507e+02 5.767620000000000000e+05
1.350907484373135237e+00 2.635987050612550888e+02 5.782340000000000000e+05
1.357175487163077676e+00 2.623890272493455882e+02 5.856660000000000000e+05
1.363467141694861828e+00 2.621398394821567308e+02 5.944460000000000000e+05
1.369755686854475130e+00 2.596260096387402427e+02 5.952500000000000000e+05
1.376032186684321701e+00 2.586145456856819465e+02 6.034020000000000000e+05
1.382313839440675540e+00 2.577272744862128206e+02 6.073820000000000000e+05
1.388610058625191268e+00 2.558464930199453988e+02 6.170100000000000000e+05
1.394895499348251855e+00 2.550755778012085671e+02 6.167780000000000000e+05
1.401166240321837453e+00 2.533439701043292587e+02 6.247460000000000000e+05
1.407434432864556273e+00 2.524108251751289629e+02 6.280620000000000000e+05
1.413722933193898301e+00 2.513750723832362723e+02 6.394100000000000000e+05
1.420027475896342928e+00 2.506829950904118789e+02 6.429540000000000000e+05
1.426307149789788564e+00 2.487560023022371638e+02 6.459740000000000000e+05
1.432584485912613337e+00 2.491558585605204712e+02 6.534900000000000000e+05
1.438876982104692948e+00 2.469362210805863924e+02 6.607460000000000000e+05
1.445167658311597991e+00 2.459132954626554977e+02 6.646460000000000000e+05
1.451434581318592487e+00 2.454034344275874560e+02 6.672900000000000000e+05
1.457714146029685631e+00 2.443497325713713337e+02 6.790340000000000000e+05
1.464013702919821469e+00 2.426567615943434646e+02 6.827220000000000000e+05
1.470311375243267715e+00 2.410181767295315751e+02 6.912380000000000000e+05
1.476585168270965198e+00 2.410709254583556742e+02 6.886020000000000000e+05
1.482847620858654736e+00 2.398668669902693864e+02 7.008260000000000000e+05
1.489134257848029552e+00 2.386071533529532473e+02 7.056620000000000000e+05
1.495410090151012339e+00 2.373648967352670240e+02 7.100820000000000000e+05
1.501688804650891385e+00 2.365363523025332029e+02 7.191620000000000000e+05
1.507973225127458239e+00 2.353372049435568840e+02 7.222500000000000000e+05
1.514255586288884459e+00 2.347571355462577856e+02 7.315100000000000000e+05
1.520548655276809047e+00 2.335917057154603356e+02 7.364420000000000000e+05
1.526828765310179747e+00 2.324687729850972175e+02 7.408980000000000000e+05
1.533114430439595610e+00 2.315190145543626841e+02 7.501580000000000000e+05
1.539410813276927970e+00 2.306332729959891310e+02 7.548660000000000000e+05
1.545694858079805112e+00 2.294026144885237954e+02 7.608260000000000000e+05
1.551969964575633298e+00 2.285452923404275793e+02 7.640340000000000000e+05
1.558245721095042446e+00 2.276960373910624469e+02 7.738460000000000000e+05
1.564534844516594525e+00 2.266016241212242619e+02 7.797140000000000000e+05
1.570816980798636520e+00 2.252724682540577135e+02 7.843140000000000000e+05
1.577093092211928615e+00 2.247826064219498505e+02 7.913420000000000000e+05
1.583381338673179872e+00 2.239025823960021171e+02 7.994580000000000000e+05
1.589671280639133322e+00 2.229804645656470257e+02 8.049620000000000000e+05
1.595952830483094553e+00 2.224529674630597640e+02 8.095500000000000000e+05
1.602217313416965272e+00 2.214672573151883057e+02 8.134580000000000000e+05
