# Real space DM power spectrum.
# The power spectum is corrected for shot-noise and window function.
# Ngrid=512	Interlacing was set to True.
# redshift=0.120200	model=tabulated	Hz_file=/g100/home/userexternal/mbaldi00/SOURCE/DAKAR2/DSC_m09_m02_Hz.dat	zDf_file=None	H0=67.66	Om=0.311049	Ob=0.04897468161869667	sigma8=0.7882104124	ns=0.9665	Tcmb=0.0	Neff=3.046	m_nu=[0]	Fid_model=w0waCDM	Fid_H0=67.659	Fid_Om=0.311438	Fid_w0=-0.9001	Fid_wa=-0.2025	
# n_dm=1.073742e+00[h/Mpc]^3
# k[h/Mpc]		Pk_dm[Mpc^3/h^3]		Nmodes
8.018239401280879974e-03 1.591374228853649402e+04 1.800000000000000000e+01
1.401654949351664563e-02 1.898003238710280493e+04 6.200000000000000000e+01
1.969250245970122562e-02 1.397958270803762753e+04 9.800000000000000000e+01
2.551337480545044084e-02 2.115891153456824395e+04 2.100000000000000000e+02
3.202906010406358223e-02 1.645334010599681278e+04 3.500000000000000000e+02
3.846520933840009981e-02 1.416416201075871868e+04 4.500000000000000000e+02
4.443307405343879801e-02 1.128309359436890554e+04 6.020000000000000000e+02
5.042305588722229004e-02 1.010656211574559347e+04 7.620000000000000000e+02
5.690925724269420977e-02 9.571787591611024254e+03 1.142000000000000000e+03
6.341842361688614094e-02 8.217728677425384376e+03 1.250000000000000000e+03
6.949987936003544642e-02 7.846612573172983502e+03 1.458000000000000000e+03
7.558128466088295805e-02 7.847949052287567611e+03 1.814000000000000000e+03
8.196268225887480552e-02 6.377253250428138927e+03 2.178000000000000000e+03
8.830226267620121250e-02 5.752943777505448452e+03 2.498000000000000000e+03
9.435210882776298713e-02 5.129940149584042047e+03 2.622000000000000000e+03
1.005600000334900268e-01 4.917196598336109673e+03 3.338000000000000000e+03
1.070138172820522676e-01 4.220326603271703789e+03 3.722000000000000000e+03
1.134272720352065417e-01 4.006603209799485285e+03 4.170000000000000000e+03
1.196088736356262089e-01 3.868777718269808702e+03 4.358000000000000000e+03
1.257803526943431782e-01 3.647954255494514200e+03 5.034000000000000000e+03
1.321489366516601371e-01 3.436684358209423863e+03 5.714000000000000000e+03
1.384562346816501366e-01 3.158032569100409546e+03 5.982000000000000000e+03
1.446496334058954558e-01 3.071384339346014713e+03 6.602000000000000000e+03
1.508534077925902661e-01 2.808702057509536189e+03 7.130000000000000000e+03
1.571727997187746806e-01 2.631872262190134279e+03 8.034000000000000000e+03
1.635416756874734368e-01 2.444627589812091628e+03 8.606000000000000000e+03
1.698255044437522454e-01 2.285291046717244171e+03 9.066000000000000000e+03
1.761012440422073944e-01 2.240523003865858300e+03 9.962000000000000000e+03
1.823997330750334323e-01 2.117116639510692494e+03 1.055000000000000000e+04
1.886505794152418258e-01 2.098087383999409212e+03 1.122600000000000000e+04
1.949080233860110145e-01 1.961772777540648804e+03 1.214600000000000000e+04
2.011423980633682551e-01 1.884930647915627333e+03 1.260600000000000000e+04
2.073952711124279202e-01 1.746214598306416292e+03 1.380200000000000000e+04
2.137387912274538171e-01 1.690178207044470810e+03 1.475400000000000000e+04
2.200329442788883927e-01 1.682744075608877893e+03 1.519400000000000000e+04
2.262928915227388205e-01 1.570762855132932827e+03 1.645400000000000000e+04
2.325983565681614684e-01 1.521027404252946553e+03 1.715400000000000000e+04
2.388889575828848644e-01 1.491653260804339880e+03 1.826600000000000000e+04
2.451217204984029174e-01 1.427765637425384512e+03 1.875000000000000000e+04
2.513735730109318833e-01 1.384705723980687480e+03 2.023400000000000000e+04
2.577068704519516196e-01 1.320035297472004459e+03 2.145000000000000000e+04
2.640202590165574015e-01 1.293746393480388633e+03 2.196200000000000000e+04
2.702896249217050517e-01 1.246795213952534823e+03 2.346200000000000000e+04
2.765613443273721161e-01 1.220508158333794881e+03 2.404200000000000000e+04
2.828696817722480827e-01 1.188222072939143800e+03 2.594600000000000000e+04
2.891484548613966754e-01 1.134702799486798313e+03 2.611800000000000000e+04
2.953521325173381618e-01 1.108549227123632136e+03 2.750600000000000000e+04
3.016073414663040242e-01 1.105162119935533838e+03 2.906600000000000000e+04
3.079380380657114613e-01 1.050821124059210433e+03 3.045000000000000000e+04
3.142758188292146815e-01 1.019151532948035879e+03 3.174200000000000000e+04
3.205460861690284657e-01 1.003993080526159702e+03 3.225000000000000000e+04
3.268125857401938394e-01 9.803951591772093934e+02 3.425000000000000000e+04
3.331235790942642661e-01 9.514087236825064338e+02 3.545400000000000000e+04
3.394044287142444771e-01 9.456808528659071271e+02 3.643400000000000000e+04
3.456389225992096970e-01 9.182354944733119737e+02 3.768200000000000000e+04
3.518805674449744791e-01 8.898733804334773367e+02 3.929400000000000000e+04
3.582029755837912721e-01 8.704540875542891172e+02 4.142600000000000000e+04
3.645115539318926068e-01 8.566830928677845804e+02 4.206600000000000000e+04
3.707638220461956791e-01 8.363406939809145797e+02 4.349000000000000000e+04
3.770538406945189158e-01 8.223107237253276480e+02 4.570200000000000000e+04
3.833585849945114754e-01 8.068562144155633860e+02 4.663400000000000000e+04
3.896511111060295685e-01 7.999363299359912389e+02 4.855400000000000000e+04
3.958767350353735170e-01 7.791252356410586799e+02 4.887000000000000000e+04
4.021123550664917334e-01 7.625588430769342949e+02 5.155400000000000000e+04
4.084534706459355680e-01 7.563186681815317343e+02 5.409000000000000000e+04
4.147693430455148822e-01 7.488843418949503530e+02 5.431400000000000000e+04
4.210541279197388409e-01 7.251871100382820714e+02 5.691000000000000000e+04
4.273285528543883660e-01 7.146018182346813319e+02 5.748200000000000000e+04
4.336210871857300031e-01 7.027850367431689165e+02 6.062600000000000000e+04
4.399178901492071248e-01 6.789812350177775215e+02 6.120600000000000000e+04
4.461481615369914944e-01 6.747528072000369548e+02 6.257000000000000000e+04
4.524185591367541615e-01 6.695215604316222198e+02 6.573000000000000000e+04
4.587151924004577719e-01 6.556431908165011464e+02 6.668600000000000000e+04
4.650253487526455620e-01 6.535438130103367484e+02 6.969800000000000000e+04
4.713138026405762626e-01 6.362598349954299692e+02 7.002600000000000000e+04
4.775801322871031096e-01 6.320295000135680539e+02 7.274600000000000000e+04
4.838809178367569630e-01 6.185989938050400951e+02 7.491000000000000000e+04
4.901499165155780435e-01 6.113312695386409814e+02 7.572200000000000000e+04
4.963993143780123241e-01 6.053933093374006376e+02 7.837800000000000000e+04
5.026659111298577010e-01 5.978109990547734469e+02 8.003000000000000000e+04
5.089643413427887841e-01 5.952066814164406878e+02 8.318600000000000000e+04
5.152747315442799403e-01 5.818808570488461100e+02 8.466600000000000000e+04
5.215661708673858810e-01 5.731274669708285501e+02 8.654600000000000000e+04
5.278286396879566800e-01 5.645860940863780115e+02 8.813400000000000000e+04
5.341160320652750260e-01 5.649082194734957056e+02 9.153800000000000000e+04
5.404304286902661403e-01 5.584893220602274369e+02 9.313800000000000000e+04
5.466976878455739319e-01 5.487667235313563197e+02 9.447800000000000000e+04
5.529595373159058580e-01 5.363746379081445639e+02 9.727400000000000000e+04
5.592440147746206014e-01 5.397247913786396794e+02 9.969000000000000000e+04
5.655545845518847869e-01 5.266227860129662304e+02 1.025900000000000000e+05
5.718545124332512497e-01 5.212773311788778301e+02 1.037700000000000000e+05
5.781226402320145397e-01 5.214195697955723290e+02 1.063460000000000000e+05
5.844054810026423352e-01 5.141694826139681709e+02 1.085460000000000000e+05
5.906692678833675991e-01 5.110683522984946876e+02 1.107260000000000000e+05
5.969160111309492756e-01 5.003060485548160159e+02 1.123220000000000000e+05
6.031708558297608214e-01 4.956629651119839082e+02 1.158900000000000000e+05
6.094688112237535149e-01 4.897801941894415449e+02 1.187660000000000000e+05
6.158118423264375974e-01 4.885809834320240270e+02 1.222980000000000000e+05
6.221022681713845870e-01 4.804163062238119437e+02 1.220900000000000000e+05
6.283660508217905338e-01 4.722492513066340507e+02 1.258100000000000000e+05
6.346461619227155015e-01 4.737005831902647515e+02 1.281900000000000000e+05
6.409396473976692876e-01 4.701686972736218308e+02 1.309940000000000000e+05
6.472371834330832296e-01 4.656208977032744656e+02 1.337220000000000000e+05
6.534767429514126702e-01 4.580104935973517399e+02 1.338860000000000000e+05
6.597637022409679197e-01 4.543777895516421950e+02 1.405380000000000000e+05
6.660751593608625898e-01 4.494802739373267286e+02 1.405940000000000000e+05
6.723401943305717943e-01 4.458672344681579034e+02 1.435940000000000000e+05
6.786079373829640993e-01 4.417062825104777630e+02 1.463100000000000000e+05
6.849135514418230875e-01 4.398570212687300227e+02 1.506500000000000000e+05
6.912250943479077980e-01 4.345225526442583828e+02 1.519140000000000000e+05
6.974710436131158486e-01 4.310307108286883704e+02 1.533980000000000000e+05
7.037307548900212373e-01 4.272881040276928388e+02 1.578660000000000000e+05
7.100217936516199924e-01 4.227011389274572934e+02 1.606580000000000000e+05
7.163250787242370077e-01 4.191575002307129125e+02 1.641020000000000000e+05
7.226009447591926760e-01 4.177612844292755767e+02 1.649940000000000000e+05
7.288716701068771453e-01 4.129749241136388491e+02 1.698500000000000000e+05
7.351879459163250807e-01 4.107890247367276402e+02 1.729860000000000000e+05
7.414685146977839647e-01 4.059236120407248904e+02 1.738940000000000000e+05
7.477104477723024445e-01 4.043234489467276944e+02 1.767780000000000000e+05
7.539885226758882286e-01 4.008455555675391793e+02 1.818020000000000000e+05
7.602914782916944114e-01 3.961632065150120638e+02 1.844300000000000000e+05
7.665892437025125794e-01 3.968531488580758833e+02 1.872420000000000000e+05
7.728738187058056264e-01 3.921305223662518529e+02 1.902500000000000000e+05
7.791494140893913123e-01 3.879284167409580846e+02 1.925700000000000000e+05
7.854515901778583720e-01 3.857617075786222927e+02 1.982540000000000000e+05
7.917409748104085043e-01 3.831691651219019832e+02 1.980740000000000000e+05
7.979940385111662371e-01 3.793720478782427108e+02 2.020500000000000000e+05
8.042571846768763466e-01 3.758595602391770854e+02 2.055020000000000000e+05
8.105619462845171652e-01 3.757080971703837236e+02 2.106660000000000000e+05
8.168641867275381330e-01 3.724663594417102104e+02 2.124260000000000000e+05
8.231256696255031535e-01 3.713537586247226159e+02 2.139180000000000000e+05
8.294110748726144511e-01 3.685190697437279823e+02 2.209940000000000000e+05
8.357113707437004990e-01 3.628642011205479889e+02 2.215220000000000000e+05
8.419948002460609926e-01 3.614374570855027287e+02 2.263140000000000000e+05
8.482593350903800955e-01 3.585250643075723360e+02 2.272940000000000000e+05
8.545301115901441369e-01 3.581788842402298769e+02 2.329620000000000000e+05
8.608435414229801408e-01 3.543892334808555233e+02 2.378180000000000000e+05
8.671393362117422177e-01 3.520829812366580995e+02 2.383980000000000000e+05
8.733948081113820372e-01 3.494244586844455966e+02 2.414180000000000000e+05
8.796646205952306508e-01 3.478565940279013375e+02 2.468180000000000000e+05
8.859565087287600837e-01 3.441450501415257577e+02 2.499060000000000000e+05
8.922534924202312201e-01 3.431729247418562636e+02 2.547020000000000000e+05
8.985217857854136403e-01 3.421014188194682220e+02 2.544180000000000000e+05
9.047744920414614311e-01 3.397656361815396053e+02 2.603540000000000000e+05
9.110610772062064378e-01 3.370057429487943637e+02 2.649740000000000000e+05
9.173652030728716156e-01 3.331142114717223990e+02 2.687220000000000000e+05
9.236564978724189912e-01 3.323085268888588075e+02 2.715620000000000000e+05
9.299448038968107788e-01 3.299164853691842723e+02 2.755860000000000000e+05
9.362445064485998003e-01 3.282035073622130881e+02 2.801900000000000000e+05
9.425390102875164100e-01 3.248426649940643642e+02 2.828340000000000000e+05
9.488116425969939094e-01 3.249894965858852629e+02 2.851700000000000000e+05
9.550714374598537892e-01 3.217923688075140376e+02 2.898860000000000000e+05
9.613552636148307018e-01 3.212313675100779164e+02 2.944740000000000000e+05
9.676548604748713700e-01 3.171443373630134488e+02 2.994980000000000000e+05
9.739319897320198871e-01 3.176687747723464099e+02 2.999580000000000000e+05
9.801989291478477861e-01 3.141734646142107295e+02 3.058580000000000000e+05
9.864886628427461668e-01 3.133521449311922424e+02 3.107940000000000000e+05
9.927793936164199806e-01 3.097236751576079996e+02 3.130820000000000000e+05
9.990361166530091763e-01 3.086847965979100650e+02 3.160460000000000000e+05
1.005310172388236056e+00 3.076795681887807064e+02 3.222180000000000000e+05
1.011625805491854102e+00 3.059472330708943559e+02 3.285620000000000000e+05
1.017917766942204150e+00 3.042639577692974626e+02 3.279900000000000000e+05
1.024197689983066040e+00 3.025295014481474709e+02 3.352820000000000000e+05
1.030472573734562358e+00 3.012969954299682627e+02 3.359700000000000000e+05
1.036757776698311151e+00 2.995326581732642808e+02 3.440660000000000000e+05
1.043033361905228329e+00 2.980446751909946670e+02 3.437180000000000000e+05
1.049301684494551079e+00 2.952975492824078856e+02 3.514980000000000000e+05
1.055593059295673708e+00 2.951545324491108886e+02 3.544580000000000000e+05
1.061871457102441241e+00 2.928259661811505339e+02 3.585660000000000000e+05
1.068178001041605985e+00 2.910293899747533146e+02 3.661220000000000000e+05
1.074470180493512173e+00 2.889188400781277437e+02 3.658100000000000000e+05
1.080737053769623701e+00 2.876372982282433668e+02 3.716220000000000000e+05
1.087020489212936480e+00 2.860082762402340109e+02 3.759860000000000000e+05
1.093314462971749057e+00 2.841911726500227360e+02 3.821700000000000000e+05
1.099587869600829659e+00 2.843217980221086236e+02 3.818180000000000000e+05
1.105847463881620474e+00 2.808755947247935865e+02 3.895740000000000000e+05
1.112134280670179054e+00 2.806074812801157918e+02 3.936980000000000000e+05
1.118428377412835406e+00 2.784608337972684353e+02 3.994580000000000000e+05
1.124715645780198781e+00 2.779372425461387479e+02 4.022220000000000000e+05
1.130996124361501431e+00 2.757561801900421301e+02 4.069220000000000000e+05
1.137284456696317392e+00 2.742820907893349158e+02 4.128420000000000000e+05
1.143571288435853983e+00 2.728800250728880883e+02 4.153460000000000000e+05
1.149847667202570811e+00 2.713477206893416565e+02 4.211820000000000000e+05
1.156130444085272213e+00 2.705795875515439093e+02 4.250180000000000000e+05
1.162419353814765133e+00 2.682133874718197717e+02 4.311380000000000000e+05
1.168705445387328012e+00 2.663597898563784270e+02 4.343820000000000000e+05
1.174988745725767281e+00 2.662486261869711939e+02 4.395140000000000000e+05
1.181273977502684147e+00 2.647742928663857356e+02 4.447380000000000000e+05
1.187562659051211167e+00 2.625761421733295151e+02 4.489100000000000000e+05
1.193823213156303353e+00 2.611946821566646690e+02 4.506180000000000000e+05
1.200093696126397269e+00 2.602637143524921157e+02 4.595540000000000000e+05
1.206384684590767753e+00 2.597142488496372721e+02 4.631060000000000000e+05
1.212657716259795793e+00 2.568722715627529851e+02 4.670940000000000000e+05
1.218950061014193453e+00 2.569333587100995828e+02 4.749380000000000000e+05
1.225240784026401242e+00 2.552749030900100706e+02 4.771860000000000000e+05
1.231532244371714047e+00 2.542502236320818838e+02 4.846700000000000000e+05
1.237823116543606217e+00 2.536817983058592745e+02 4.870100000000000000e+05
1.244104630523539479e+00 2.515284738228109234e+02 4.933140000000000000e+05
1.250385916236761652e+00 2.503534159620602964e+02 4.963220000000000000e+05
1.256652750742101254e+00 2.481557928843621710e+02 5.017020000000000000e+05
1.262935091931613352e+00 2.475399670616530727e+02 5.085620000000000000e+05
1.269233477511062080e+00 2.474643977282769640e+02 5.142420000000000000e+05
1.275514616938773216e+00 2.451988313704943607e+02 5.161580000000000000e+05
1.281786872211649220e+00 2.438444570817960937e+02 5.226020000000000000e+05
1.288079462048372426e+00 2.426209615707286105e+02 5.306580000000000000e+05
1.294361149637119013e+00 2.417800248280431958e+02 5.300420000000000000e+05
1.300627926004322754e+00 2.408593016483069675e+02 5.388780000000000000e+05
1.306914643728855463e+00 2.400359168718403282e+02 5.441300000000000000e+05
1.313214369136572968e+00 2.392588549955797248e+02 5.511060000000000000e+05
1.319506178663429896e+00 2.371100289494412721e+02 5.539820000000000000e+05
1.325784332573166857e+00 2.358995428923325619e+02 5.582420000000000000e+05
1.332057263563118710e+00 2.356140643380541633e+02 5.645460000000000000e+05
1.338340549575027794e+00 2.341627818331434128e+02 5.704940000000000000e+05
1.344633835480066875e+00 2.335163560172473751e+02 5.767620000000000000e+05
1.350907484373135237e+00 2.319431469308096609e+02 5.782340000000000000e+05
1.357175487163077676e+00 2.308379110841593160e+02 5.856660000000000000e+05
1.363467141694861828e+00 2.306779674197658494e+02 5.944460000000000000e+05
1.369755686854475130e+00 2.285918693615457755e+02 5.952500000000000000e+05
1.376032186684321701e+00 2.278592482222993567e+02 6.034020000000000000e+05
1.382313839440675540e+00 2.265577238574486785e+02 6.073820000000000000e+05
1.388610058625191268e+00 2.251068939858940894e+02 6.170100000000000000e+05
1.394895499348251855e+00 2.243587364093301346e+02 6.167780000000000000e+05
1.401166240321837453e+00 2.225987264373029859e+02 6.247460000000000000e+05
1.407434432864556273e+00 2.222388485231423658e+02 6.280620000000000000e+05
1.413722933193898301e+00 2.208064669501026174e+02 6.394100000000000000e+05
1.420027475896342928e+00 2.202926405704928925e+02 6.429540000000000000e+05
1.426307149789788564e+00 2.187469678828952055e+02 6.459740000000000000e+05
1.432584485912613337e+00 2.189099848669673918e+02 6.534900000000000000e+05
1.438876982104692948e+00 2.168827966179335647e+02 6.607460000000000000e+05
1.445167658311597991e+00 2.161173680065359974e+02 6.646460000000000000e+05
1.451434581318592487e+00 2.156553608763578609e+02 6.672900000000000000e+05
1.457714146029685631e+00 2.147960784097240321e+02 6.790340000000000000e+05
1.464013702919821469e+00 2.128073294682365031e+02 6.827220000000000000e+05
1.470311375243267715e+00 2.116651608363081039e+02 6.912380000000000000e+05
1.476585168270965198e+00 2.117430756989881502e+02 6.886020000000000000e+05
1.482847620858654736e+00 2.107515088271875356e+02 7.008260000000000000e+05
1.489134257848029552e+00 2.094654736252649343e+02 7.056620000000000000e+05
1.495410090151012339e+00 2.084837928627565304e+02 7.100820000000000000e+05
1.501688804650891385e+00 2.076528462218448396e+02 7.191620000000000000e+05
1.507973225127458239e+00 2.066407037320650204e+02 7.222500000000000000e+05
1.514255586288884459e+00 2.060056707679225667e+02 7.315100000000000000e+05
1.520548655276809047e+00 2.050890184705720856e+02 7.364420000000000000e+05
1.526828765310179747e+00 2.041550023985927282e+02 7.408980000000000000e+05
1.533114430439595610e+00 2.031834159204748858e+02 7.501580000000000000e+05
1.539410813276927970e+00 2.024558958191126976e+02 7.548660000000000000e+05
1.545694858079805112e+00 2.013586096832200667e+02 7.608260000000000000e+05
1.551969964575633298e+00 2.004029845373717080e+02 7.640340000000000000e+05
1.558245721095042446e+00 1.995992636143678567e+02 7.738460000000000000e+05
1.564534844516594525e+00 1.989084750947863540e+02 7.797140000000000000e+05
1.570816980798636520e+00 1.973625444225310730e+02 7.843140000000000000e+05
1.577093092211928615e+00 1.970102602050170901e+02 7.913420000000000000e+05
1.583381338673179872e+00 1.962915559255683888e+02 7.994580000000000000e+05
1.589671280639133322e+00 1.956696797087221000e+02 8.049620000000000000e+05
1.595952830483094553e+00 1.949073137047990087e+02 8.095500000000000000e+05
1.602217313416965272e+00 1.941742145274844518e+02 8.134580000000000000e+05
