# Real space DM power spectrum.
# The power spectum is corrected for shot-noise and window function.
# Ngrid=512	Interlacing was set to True.
# redshift=2.161320	model=tabulated	Hz_file=/g100/home/userexternal/mbaldi00/SOURCE/DAKAR2/DSC_m09_m02_Hz.dat	zDf_file=None	H0=67.66	Om=0.311049	Ob=0.04897468161869667	sigma8=0.7882104124	ns=0.9665	Tcmb=0.0	Neff=3.046	m_nu=[0]	Fid_model=w0waCDM	Fid_H0=67.659	Fid_Om=0.311438	Fid_w0=-0.9001	Fid_wa=-0.2025	
# n_dm=1.073742e+00[h/Mpc]^3
# k[h/Mpc]		Pk_dm[Mpc^3/h^3]		Nmodes
8.018239401280879974e-03 2.907755092355939723e+03 1.800000000000000000e+01
1.401654949351664563e-02 3.462522558473771369e+03 6.200000000000000000e+01
1.969250245970122562e-02 2.573615552425384521e+03 9.800000000000000000e+01
2.551337480545044084e-02 3.925306475044432318e+03 2.100000000000000000e+02
3.202906010406358223e-02 3.046320463139670210e+03 3.500000000000000000e+02
3.846520933840009981e-02 2.629842010758718061e+03 4.500000000000000000e+02
4.443307405343879801e-02 2.107589649186181759e+03 6.020000000000000000e+02
5.042305588722229004e-02 1.876732719420135254e+03 7.620000000000000000e+02
5.690925724269420977e-02 1.761828090735366914e+03 1.142000000000000000e+03
6.341842361688614094e-02 1.534701277425384660e+03 1.250000000000000000e+03
6.949987936003544642e-02 1.449846969606454422e+03 1.458000000000000000e+03
7.558128466088295805e-02 1.449060684040599654e+03 1.814000000000000000e+03
8.196268225887480552e-02 1.182226850060829975e+03 2.178000000000000000e+03
8.830226267620121250e-02 1.074010230667978476e+03 2.498000000000000000e+03
9.435210882776298713e-02 9.516267437869406649e+02 2.622000000000000000e+03
1.005600000334900268e-01 8.990148278148393501e+02 3.338000000000000000e+03
1.070138172820522676e-01 7.684294377692857552e+02 3.722000000000000000e+03
1.134272720352065417e-01 7.100970946915715558e+02 4.170000000000000000e+03
1.196088736356262089e-01 6.928932529187301270e+02 4.358000000000000000e+03
1.257803526943431782e-01 6.604871319347209919e+02 5.034000000000000000e+03
1.321489366516601371e-01 6.121306305230393718e+02 5.714000000000000000e+03
1.384562346816501366e-01 5.699521194180290422e+02 5.982000000000000000e+03
1.446496334058954558e-01 5.425834078101164550e+02 6.602000000000000000e+03
1.508534077925902661e-01 4.900881023903214100e+02 7.130000000000000000e+03
1.571727997187746806e-01 4.549858108582946556e+02 8.034000000000000000e+03
1.635416756874734368e-01 4.125312035699348598e+02 8.606000000000000000e+03
1.698255044437522454e-01 3.826910577474670276e+02 9.066000000000000000e+03
1.761012440422073944e-01 3.759292726873800916e+02 9.962000000000000000e+03
1.823997330750334323e-01 3.542471371410243250e+02 1.055000000000000000e+04
1.886505794152418258e-01 3.514229665755715928e+02 1.122600000000000000e+04
1.949080233860110145e-01 3.291939655860958851e+02 1.214600000000000000e+04
2.011423980633682551e-01 3.050484489627477274e+02 1.260600000000000000e+04
2.073952711124279202e-01 2.889361966255004859e+02 1.380200000000000000e+04
2.137387912274538171e-01 2.752348526998863463e+02 1.475400000000000000e+04
2.200329442788883927e-01 2.650561231276353737e+02 1.519400000000000000e+04
2.262928915227388205e-01 2.455486367058026644e+02 1.645400000000000000e+04
2.325983565681614684e-01 2.319521885598138056e+02 1.715400000000000000e+04
2.388889575828848644e-01 2.253895194269174169e+02 1.826600000000000000e+04
2.451217204984029174e-01 2.146396374253845067e+02 1.875000000000000000e+04
2.513735730109318833e-01 2.060875688951878146e+02 2.023400000000000000e+04
2.577068704519516196e-01 1.959161599428670399e+02 2.145000000000000000e+04
2.640202590165574015e-01 1.952640603595435209e+02 2.196200000000000000e+04
2.702896249217050517e-01 1.858026941332525723e+02 2.346200000000000000e+04
2.765613443273721161e-01 1.754208735821102607e+02 2.404200000000000000e+04
2.828696817722480827e-01 1.700289410498353107e+02 2.594600000000000000e+04
2.891484548613966754e-01 1.583450672714676841e+02 2.611800000000000000e+04
2.953521325173381618e-01 1.551274282433878682e+02 2.750600000000000000e+04
3.016073414663040242e-01 1.511183918683763352e+02 2.906600000000000000e+04
3.079380380657114613e-01 1.460441782464025948e+02 3.045000000000000000e+04
3.142758188292146815e-01 1.392276466144715243e+02 3.174200000000000000e+04
3.205460861690284657e-01 1.359133750998031189e+02 3.225000000000000000e+04
3.268125857401938394e-01 1.293736117319538721e+02 3.425000000000000000e+04
3.331235790942642661e-01 1.281336489377667647e+02 3.545400000000000000e+04
3.394044287142444771e-01 1.237677359970483479e+02 3.643400000000000000e+04
3.456389225992096970e-01 1.175592166748935767e+02 3.768200000000000000e+04
3.518805674449744791e-01 1.142573194572468935e+02 3.929400000000000000e+04
3.582029755837912721e-01 1.108023953802920687e+02 4.142600000000000000e+04
3.645115539318926068e-01 1.077851943273956437e+02 4.206600000000000000e+04
3.707638220461956791e-01 1.042053180324206210e+02 4.349000000000000000e+04
3.770538406945189158e-01 1.007335170385305645e+02 4.570200000000000000e+04
3.833585849945114754e-01 9.862701469004122146e+01 4.663400000000000000e+04
3.896511111060295685e-01 9.505872973827327144e+01 4.855400000000000000e+04
3.958767350353735170e-01 9.310382168566690098e+01 4.887000000000000000e+04
4.021123550664917334e-01 9.021394258424706436e+01 5.155400000000000000e+04
4.084534706459355680e-01 8.836802111183303055e+01 5.409000000000000000e+04
4.147693430455148822e-01 8.632696258206603090e+01 5.431400000000000000e+04
4.210541279197388409e-01 8.305243247722074784e+01 5.691000000000000000e+04
4.273285528543883660e-01 8.143411356191421646e+01 5.748200000000000000e+04
4.336210871857300031e-01 7.945879057815724877e+01 6.062600000000000000e+04
4.399178901492071248e-01 7.670135232653801438e+01 6.120600000000000000e+04
4.461481615369914944e-01 7.477823472121319526e+01 6.257000000000000000e+04
4.524185591367541615e-01 7.357670268021489335e+01 6.573000000000000000e+04
4.587151924004577719e-01 7.091554183470582018e+01 6.668600000000000000e+04
4.650253487526455620e-01 6.989784038558424584e+01 6.969800000000000000e+04
4.713138026405762626e-01 6.752396546125690691e+01 7.002600000000000000e+04
4.775801322871031096e-01 6.633847232819705653e+01 7.274600000000000000e+04
4.838809178367569630e-01 6.425746396923715054e+01 7.491000000000000000e+04
4.901499165155780435e-01 6.383759530922277747e+01 7.572200000000000000e+04
4.963993143780123241e-01 6.184562376236684145e+01 7.837800000000000000e+04
5.026659111298577010e-01 6.080748787146723799e+01 8.003000000000000000e+04
5.089643413427887841e-01 5.911235063962730862e+01 8.318600000000000000e+04
5.152747315442799403e-01 5.776407463323654667e+01 8.466600000000000000e+04
5.215661708673858810e-01 5.653720861111234086e+01 8.654600000000000000e+04
5.278286396879566800e-01 5.594718628689086160e+01 8.813400000000000000e+04
5.341160320652750260e-01 5.446592228544263747e+01 9.153800000000000000e+04
5.404304286902661403e-01 5.323818396406905151e+01 9.313800000000000000e+04
5.466976878455739319e-01 5.193631327711720047e+01 9.447800000000000000e+04
5.529595373159058580e-01 5.110560918515589179e+01 9.727400000000000000e+04
5.592440147746206014e-01 5.037580451937589743e+01 9.969000000000000000e+04
5.655545845518847869e-01 4.890935877834290579e+01 1.025900000000000000e+05
5.718545124332512497e-01 4.833728588640408930e+01 1.037700000000000000e+05
5.781226402320145397e-01 4.701284551821358804e+01 1.063460000000000000e+05
5.844054810026423352e-01 4.643511193241379686e+01 1.085460000000000000e+05
5.906692678833675991e-01 4.539564218524218830e+01 1.107260000000000000e+05
5.969160111309492756e-01 4.457761156117270218e+01 1.123220000000000000e+05
6.031708558297608214e-01 4.379610861012867673e+01 1.158900000000000000e+05
6.094688112237535149e-01 4.287988602043697028e+01 1.187660000000000000e+05
6.158118423264375974e-01 4.215404268074438221e+01 1.222980000000000000e+05
6.221022681713845870e-01 4.153286777676465391e+01 1.220900000000000000e+05
6.283660508217905338e-01 4.092167003328532360e+01 1.258100000000000000e+05
6.346461619227155015e-01 4.018257866573087966e+01 1.281900000000000000e+05
6.409396473976692876e-01 3.938616524925431861e+01 1.309940000000000000e+05
6.472371834330832296e-01 3.883079585017625135e+01 1.337220000000000000e+05
6.534767429514126702e-01 3.808786539126594306e+01 1.338860000000000000e+05
6.597637022409679197e-01 3.730371705879328204e+01 1.405380000000000000e+05
6.660751593608625898e-01 3.682944246514439612e+01 1.405940000000000000e+05
6.723401943305717943e-01 3.607356272699879440e+01 1.435940000000000000e+05
6.786079373829640993e-01 3.569005668859277591e+01 1.463100000000000000e+05
6.849135514418230875e-01 3.510227516849769813e+01 1.506500000000000000e+05
6.912250943479077980e-01 3.441063076740698534e+01 1.519140000000000000e+05
6.974710436131158486e-01 3.385734481348606550e+01 1.533980000000000000e+05
7.037307548900212373e-01 3.362802522668435756e+01 1.578660000000000000e+05
7.100217936516199924e-01 3.302124436882960623e+01 1.606580000000000000e+05
7.163250787242370077e-01 3.231018270868393216e+01 1.641020000000000000e+05
7.226009447591926760e-01 3.198907453073380935e+01 1.649940000000000000e+05
7.288716701068771453e-01 3.144423821431593069e+01 1.698500000000000000e+05
7.351879459163250807e-01 3.098312714963966386e+01 1.729860000000000000e+05
7.414685146977839647e-01 3.065164751060885351e+01 1.738940000000000000e+05
7.477104477723024445e-01 3.024405841170634801e+01 1.767780000000000000e+05
7.539885226758882286e-01 2.979011338318476732e+01 1.818020000000000000e+05
7.602914782916944114e-01 2.928804249614307764e+01 1.844300000000000000e+05
7.665892437025125794e-01 2.899573972978203784e+01 1.872420000000000000e+05
7.728738187058056264e-01 2.856991527032539224e+01 1.902500000000000000e+05
7.791494140893913123e-01 2.814958826300200911e+01 1.925700000000000000e+05
7.854515901778583720e-01 2.759238438716083053e+01 1.982540000000000000e+05
7.917409748104085043e-01 2.746219449476263463e+01 1.980740000000000000e+05
7.979940385111662371e-01 2.702029088739887541e+01 2.020500000000000000e+05
8.042571846768763466e-01 2.661392029406706428e+01 2.055020000000000000e+05
8.105619462845171652e-01 2.619299506563021751e+01 2.106660000000000000e+05
8.168641867275381330e-01 2.605814199186885105e+01 2.124260000000000000e+05
8.231256696255031535e-01 2.547575396873290643e+01 2.139180000000000000e+05
8.294110748726144511e-01 2.520387566606073548e+01 2.209940000000000000e+05
8.357113707437004990e-01 2.504933171705758355e+01 2.215220000000000000e+05
8.419948002460609926e-01 2.441674250310839156e+01 2.263140000000000000e+05
8.482593350903800955e-01 2.432395913101687057e+01 2.272940000000000000e+05
8.545301115901441369e-01 2.391693379337586833e+01 2.329620000000000000e+05
8.608435414229801408e-01 2.374706594097207457e+01 2.378180000000000000e+05
8.671393362117422177e-01 2.335731868915351228e+01 2.383980000000000000e+05
8.733948081113820372e-01 2.313045823708870330e+01 2.414180000000000000e+05
8.796646205952306508e-01 2.298190295998896460e+01 2.468180000000000000e+05
8.859565087287600837e-01 2.261730570961939435e+01 2.499060000000000000e+05
8.922534924202312201e-01 2.237804680607253971e+01 2.547020000000000000e+05
8.985217857854136403e-01 2.198648394850788179e+01 2.544180000000000000e+05
9.047744920414614311e-01 2.172097391401154454e+01 2.603540000000000000e+05
9.110610772062064378e-01 2.163213836872235873e+01 2.649740000000000000e+05
9.173652030728716156e-01 2.119543109646467371e+01 2.687220000000000000e+05
9.236564978724189912e-01 2.105698028071774175e+01 2.715620000000000000e+05
9.299448038968107788e-01 2.083505888162685693e+01 2.755860000000000000e+05
9.362445064485998003e-01 2.056441960033723149e+01 2.801900000000000000e+05
9.425390102875164100e-01 2.032735919631729260e+01 2.828340000000000000e+05
9.488116425969939094e-01 2.004154448713715908e+01 2.851700000000000000e+05
9.550714374598537892e-01 1.993146141633268797e+01 2.898860000000000000e+05
9.613552636148307018e-01 1.970842660527816292e+01 2.944740000000000000e+05
9.676548604748713700e-01 1.951817959234389832e+01 2.994980000000000000e+05
9.739319897320198871e-01 1.932465992960177914e+01 2.999580000000000000e+05
9.801989291478477861e-01 1.908759143123037205e+01 3.058580000000000000e+05
9.864886628427461668e-01 1.890669553384221402e+01 3.107940000000000000e+05
9.927793936164199806e-01 1.871024576850229693e+01 3.130820000000000000e+05
9.990361166530091763e-01 1.845346793056414825e+01 3.160460000000000000e+05
1.005310172388236056e+00 1.829932872357394658e+01 3.222180000000000000e+05
1.011625805491854102e+00 1.811451200150714058e+01 3.285620000000000000e+05
1.017917766942204150e+00 1.794310957270608853e+01 3.279900000000000000e+05
1.024197689983066040e+00 1.779315413454278172e+01 3.352820000000000000e+05
1.030472573734562358e+00 1.752780919310187713e+01 3.359700000000000000e+05
1.036757776698311151e+00 1.746207142537289769e+01 3.440660000000000000e+05
1.043033361905228329e+00 1.719532339679131283e+01 3.437180000000000000e+05
1.049301684494551079e+00 1.702231869788109364e+01 3.514980000000000000e+05
1.055593059295673708e+00 1.687253853163688433e+01 3.544580000000000000e+05
1.061871457102441241e+00 1.672321103983765056e+01 3.585660000000000000e+05
1.068178001041605985e+00 1.660460534012332445e+01 3.661220000000000000e+05
1.074470180493512173e+00 1.645520048380282674e+01 3.658100000000000000e+05
1.080737053769623701e+00 1.628042753705713608e+01 3.716220000000000000e+05
1.087020489212936480e+00 1.600921776465247248e+01 3.759860000000000000e+05
1.093314462971749057e+00 1.593874048632598672e+01 3.821700000000000000e+05
1.099587869600829659e+00 1.583686017213820918e+01 3.818180000000000000e+05
1.105847463881620474e+00 1.561640776673173647e+01 3.895740000000000000e+05
1.112134280670179054e+00 1.550408857809548024e+01 3.936980000000000000e+05
1.118428377412835406e+00 1.532387571907246837e+01 3.994580000000000000e+05
1.124715645780198781e+00 1.517632195999476252e+01 4.022220000000000000e+05
1.130996124361501431e+00 1.508465960378726223e+01 4.069220000000000000e+05
1.137284456696317392e+00 1.494374585349987861e+01 4.128420000000000000e+05
1.143571288435853983e+00 1.482293652502674774e+01 4.153460000000000000e+05
1.149847667202570811e+00 1.468620856394220020e+01 4.211820000000000000e+05
1.156130444085272213e+00 1.451819721042891942e+01 4.250180000000000000e+05
1.162419353814765133e+00 1.444054559752430045e+01 4.311380000000000000e+05
1.168705445387328012e+00 1.430995583931511561e+01 4.343820000000000000e+05
1.174988745725767281e+00 1.418597630551120581e+01 4.395140000000000000e+05
1.181273977502684147e+00 1.406233998626306025e+01 4.447380000000000000e+05
1.187562659051211167e+00 1.396594636570663361e+01 4.489100000000000000e+05
1.193823213156303353e+00 1.384150829321492360e+01 4.506180000000000000e+05
1.200093696126397269e+00 1.365766370338449498e+01 4.595540000000000000e+05
1.206384684590767753e+00 1.357687857155839950e+01 4.631060000000000000e+05
1.212657716259795793e+00 1.343582301064144957e+01 4.670940000000000000e+05
1.218950061014193453e+00 1.329516172438775889e+01 4.749380000000000000e+05
1.225240784026401242e+00 1.328181129771103564e+01 4.771860000000000000e+05
1.231532244371714047e+00 1.316872281709434667e+01 4.846700000000000000e+05
1.237823116543606217e+00 1.308149133064314107e+01 4.870100000000000000e+05
1.244104630523539479e+00 1.289717509623918978e+01 4.933140000000000000e+05
1.250385916236761652e+00 1.284790844879271177e+01 4.963220000000000000e+05
1.256652750742101254e+00 1.278204512174610663e+01 5.017020000000000000e+05
1.262935091931613352e+00 1.265094566406535215e+01 5.085620000000000000e+05
1.269233477511062080e+00 1.251450157043685252e+01 5.142420000000000000e+05
1.275514616938773216e+00 1.242541024750487999e+01 5.161580000000000000e+05
1.281786872211649220e+00 1.235673124071626461e+01 5.226020000000000000e+05
1.288079462048372426e+00 1.224601009539043872e+01 5.306580000000000000e+05
1.294361149637119013e+00 1.216063994910905777e+01 5.300420000000000000e+05
1.300627926004322754e+00 1.206010869554214615e+01 5.388780000000000000e+05
1.306914643728855463e+00 1.192404470893808366e+01 5.441300000000000000e+05
1.313214369136572968e+00 1.188724499677732105e+01 5.511060000000000000e+05
1.319506178663429896e+00 1.180618514224174831e+01 5.539820000000000000e+05
1.325784332573166857e+00 1.168302478728133309e+01 5.582420000000000000e+05
1.332057263563118710e+00 1.160581877436228382e+01 5.645460000000000000e+05
1.338340549575027794e+00 1.148565201232145760e+01 5.704940000000000000e+05
1.344633835480066875e+00 1.138355947378576793e+01 5.767620000000000000e+05
1.350907484373135237e+00 1.132465856796693515e+01 5.782340000000000000e+05
1.357175487163077676e+00 1.123491210521910233e+01 5.856660000000000000e+05
1.363467141694861828e+00 1.116425633414999474e+01 5.944460000000000000e+05
1.369755686854475130e+00 1.108886474163819535e+01 5.952500000000000000e+05
1.376032186684321701e+00 1.102264509536241377e+01 6.034020000000000000e+05
1.382313839440675540e+00 1.093368412627457076e+01 6.073820000000000000e+05
1.388610058625191268e+00 1.087254932373300953e+01 6.170100000000000000e+05
1.394895499348251855e+00 1.078798404786457077e+01 6.167780000000000000e+05
1.401166240321837453e+00 1.068867659304626017e+01 6.247460000000000000e+05
1.407434432864556273e+00 1.061461158475095345e+01 6.280620000000000000e+05
1.413722933193898301e+00 1.057359915009949347e+01 6.394100000000000000e+05
1.420027475896342928e+00 1.048492648830348628e+01 6.429540000000000000e+05
1.426307149789788564e+00 1.042476451248090719e+01 6.459740000000000000e+05
1.432584485912613337e+00 1.031070408225761703e+01 6.534900000000000000e+05
1.438876982104692948e+00 1.021203584147784760e+01 6.607460000000000000e+05
1.445167658311597991e+00 1.021070566297265181e+01 6.646460000000000000e+05
1.451434581318592487e+00 1.014781618064834845e+01 6.672900000000000000e+05
1.457714146029685631e+00 1.007031504588658777e+01 6.790340000000000000e+05
1.464013702919821469e+00 9.996188183789845638e+00 6.827220000000000000e+05
1.470311375243267715e+00 9.925905326628377878e+00 6.912380000000000000e+05
1.476585168270965198e+00 9.851533124322369162e+00 6.886020000000000000e+05
1.482847620858654736e+00 9.807734623604908109e+00 7.008260000000000000e+05
1.489134257848029552e+00 9.730098899121239597e+00 7.056620000000000000e+05
1.495410090151012339e+00 9.644113079294914570e+00 7.100820000000000000e+05
1.501688804650891385e+00 9.603143929454535765e+00 7.191620000000000000e+05
1.507973225127458239e+00 9.548468356502555210e+00 7.222500000000000000e+05
1.514255586288884459e+00 9.464628266794756328e+00 7.315100000000000000e+05
1.520548655276809047e+00 9.410420563337002164e+00 7.364420000000000000e+05
1.526828765310179747e+00 9.337588935470931162e+00 7.408980000000000000e+05
1.533114430439595610e+00 9.317295716464533584e+00 7.501580000000000000e+05
1.539410813276927970e+00 9.235779268625574190e+00 7.548660000000000000e+05
1.545694858079805112e+00 9.182582575839422390e+00 7.608260000000000000e+05
1.551969964575633298e+00 9.124974003809041889e+00 7.640340000000000000e+05
1.558245721095042446e+00 9.037230600047180928e+00 7.738460000000000000e+05
1.564534844516594525e+00 8.994988226524425201e+00 7.797140000000000000e+05
1.570816980798636520e+00 8.927834599679510319e+00 7.843140000000000000e+05
1.577093092211928615e+00 8.861021948991254504e+00 7.913420000000000000e+05
1.583381338673179872e+00 8.830285915136329322e+00 7.994580000000000000e+05
1.589671280639133322e+00 8.769937857553989247e+00 8.049620000000000000e+05
1.595952830483094553e+00 8.748133913556962682e+00 8.095500000000000000e+05
1.602217313416965272e+00 8.658701126669653192e+00 8.134580000000000000e+05
