# Real space DM power spectrum.
# The power spectum is corrected for shot-noise and window function.
# Ngrid=512	Interlacing was set to True.
# redshift=1.609499	model=tabulated	Hz_file=/g100/home/userexternal/mbaldi00/SOURCE/DAKAR2/DSC_m09_m02_Hz.dat	zDf_file=None	H0=67.66	Om=0.311049	Ob=0.04897468161869667	sigma8=0.7882104124	ns=0.9665	Tcmb=0.0	Neff=3.046	m_nu=[0]	Fid_model=w0waCDM	Fid_H0=67.659	Fid_Om=0.311438	Fid_w0=-0.9001	Fid_wa=-0.2025	
# n_dm=1.073742e+00[h/Mpc]^3
# k[h/Mpc]		Pk_dm[Mpc^3/h^3]		Nmodes
8.018239401280879974e-03 4.206809996869828865e+03 1.800000000000000000e+01
1.401654949351664563e-02 5.010225431457642117e+03 6.200000000000000000e+01
1.969250245970122562e-02 3.718618422323343566e+03 9.800000000000000000e+01
2.551337480545044084e-02 5.664682963139670392e+03 2.100000000000000000e+02
3.202906010406358223e-02 4.397090105996812781e+03 3.500000000000000000e+02
3.846520933840009981e-02 3.793659788536495853e+03 4.500000000000000000e+02
4.443307405343879801e-02 3.037670421611431266e+03 6.020000000000000000e+02
5.042305588722229004e-02 2.707849025194413571e+03 7.620000000000000000e+02
5.690925724269420977e-02 2.546020297390358337e+03 1.142000000000000000e+03
6.341842361688614094e-02 2.213341077425384810e+03 1.250000000000000000e+03
6.949987936003544642e-02 2.095219569057757326e+03 1.458000000000000000e+03
7.558128466088295805e-02 2.094646957469486097e+03 1.814000000000000000e+03
8.196268225887480552e-02 1.707046753642096974e+03 2.178000000000000000e+03
8.830226267620121250e-02 1.548401843958610925e+03 2.498000000000000000e+03
9.435210882776298713e-02 1.373581835320121399e+03 2.622000000000000000e+03
1.005600000334900268e-01 1.300601331709386841e+03 3.338000000000000000e+03
1.070138172820522676e-01 1.110343328150800971e+03 3.722000000000000000e+03
1.134272720352065417e-01 1.031382706202362897e+03 4.170000000000000000e+03
1.196088736356262089e-01 1.004804450715884741e+03 4.358000000000000000e+03
1.257803526943431782e-01 9.563388403177166310e+02 5.034000000000000000e+03
1.321489366516601371e-01 8.892989014365850835e+02 5.714000000000000000e+03
1.384562346816501366e-01 8.254009241656051472e+02 5.982000000000000000e+03
1.446496334058954558e-01 7.880472445262630572e+02 6.602000000000000000e+03
1.508534077925902661e-01 7.131627166960718114e+02 7.130000000000000000e+03
1.571727997187746806e-01 6.623952270893128116e+02 8.034000000000000000e+03
1.635416756874734368e-01 6.018682939719799379e+02 8.606000000000000000e+03
1.698255044437522454e-01 5.595786597770279513e+02 9.066000000000000000e+03
1.761012440422073944e-01 5.496916447010320326e+02 9.962000000000000000e+03
1.823997330750334323e-01 5.183603361931569680e+02 1.055000000000000000e+04
1.886505794152418258e-01 5.144190693726498012e+02 1.122600000000000000e+04
1.949080233860110145e-01 4.813439532363511262e+02 1.214600000000000000e+04
2.011423980633682551e-01 4.476083014139614420e+02 1.260600000000000000e+04
2.073952711124279202e-01 4.227787194482797872e+02 1.380200000000000000e+04
2.137387912274538171e-01 4.043277935972701016e+02 1.475400000000000000e+04
2.200329442788883927e-01 3.914098647361650478e+02 1.519400000000000000e+04
2.262928915227388205e-01 3.628624357820151545e+02 1.645400000000000000e+04
2.325983565681614684e-01 3.439083941095398131e+02 1.715400000000000000e+04
2.388889575828848644e-01 3.344756083352717724e+02 1.826600000000000000e+04
2.451217204984029174e-01 3.184903840920512152e+02 1.875000000000000000e+04
2.513735730109318833e-01 3.066799258191771287e+02 2.023400000000000000e+04
2.577068704519516196e-01 2.914198895465966643e+02 2.145000000000000000e+04
2.640202590165574015e-01 2.898865446505917021e+02 2.196200000000000000e+04
2.702896249217050517e-01 2.761931339934520224e+02 2.346200000000000000e+04
2.765613443273721161e-01 2.619964288603732712e+02 2.404200000000000000e+04
2.828696817722480827e-01 2.546876167609275683e+02 2.594600000000000000e+04
2.891484548613966754e-01 2.374721922427518734e+02 2.611800000000000000e+04
2.953521325173381618e-01 2.332276609198947881e+02 2.750600000000000000e+04
3.016073414663040242e-01 2.278813279448918649e+02 2.906600000000000000e+04
3.079380380657114613e-01 2.198002045189805926e+02 3.045000000000000000e+04
3.142758188292146815e-01 2.095048818233430552e+02 3.174200000000000000e+04
3.205460861690284657e-01 2.051000882780977008e+02 3.225000000000000000e+04
3.268125857401938394e-01 1.956408964034867211e+02 3.425000000000000000e+04
3.331235790942642661e-01 1.934630052868388077e+02 3.545400000000000000e+04
3.394044287142444771e-01 1.875174340812554021e+02 3.643400000000000000e+04
3.456389225992096970e-01 1.787183112027848608e+02 3.768200000000000000e+04
3.518805674449744791e-01 1.739649593004799613e+02 3.929400000000000000e+04
3.582029755837912721e-01 1.692088550915844962e+02 4.142600000000000000e+04
3.645115539318926068e-01 1.646365113054777112e+02 4.206600000000000000e+04
3.707638220461956791e-01 1.591857503157041265e+02 4.349000000000000000e+04
3.770538406945189158e-01 1.543504484638511087e+02 4.570200000000000000e+04
3.833585849945114754e-01 1.515843741273616274e+02 4.663400000000000000e+04
3.896511111060295685e-01 1.464823817545849920e+02 4.855400000000000000e+04
3.958767350353735170e-01 1.434827965168516641e+02 4.887000000000000000e+04
4.021123550664917334e-01 1.392369475887084036e+02 5.155400000000000000e+04
4.084534706459355680e-01 1.362967602503059368e+02 5.409000000000000000e+04
4.147693430455148822e-01 1.339307940067447475e+02 5.431400000000000000e+04
4.210541279197388409e-01 1.290341755803660817e+02 5.691000000000000000e+04
4.273285528543883660e-01 1.264090100512500072e+02 5.748200000000000000e+04
4.336210871857300031e-01 1.237126668028793119e+02 6.062600000000000000e+04
4.399178901492071248e-01 1.195508442064190717e+02 6.120600000000000000e+04
4.461481615369914944e-01 1.167441369107609006e+02 6.257000000000000000e+04
4.524185591367541615e-01 1.150317840737946824e+02 6.573000000000000000e+04
4.587151924004577719e-01 1.112182290554118111e+02 6.668600000000000000e+04
4.650253487526455620e-01 1.096032480012977430e+02 6.969800000000000000e+04
4.713138026405762626e-01 1.062122955100959132e+02 7.002600000000000000e+04
4.775801322871031096e-01 1.047438142026643817e+02 7.274600000000000000e+04
4.838809178367569630e-01 1.014483063133834548e+02 7.491000000000000000e+04
4.901499165155780435e-01 1.009403791765268608e+02 7.572200000000000000e+04
4.963993143780123241e-01 9.793204469681273849e+01 7.837800000000000000e+04
5.026659111298577010e-01 9.645136516748122801e+01 8.003000000000000000e+04
5.089643413427887841e-01 9.411760993806694842e+01 8.318600000000000000e+04
5.152747315442799403e-01 9.202645858901573206e+01 8.466600000000000000e+04
5.215661708673858810e-01 9.034383167861402342e+01 8.654600000000000000e+04
5.278286396879566800e-01 8.929169011061382832e+01 8.813400000000000000e+04
5.341160320652750260e-01 8.724160560821569277e+01 9.153800000000000000e+04
5.404304286902661403e-01 8.527657860428034553e+01 9.313800000000000000e+04
5.466976878455739319e-01 8.354532278197548578e+01 9.447800000000000000e+04
5.529595373159058580e-01 8.222645853852884557e+01 9.727400000000000000e+04
5.592440147746206014e-01 8.115088727592119255e+01 9.969000000000000000e+04
5.655545845518847869e-01 7.890844250970073404e+01 1.025900000000000000e+05
5.718545124332512497e-01 7.798657277086009287e+01 1.037700000000000000e+05
5.781226402320145397e-01 7.629609547589888052e+01 1.063460000000000000e+05
5.844054810026423352e-01 7.532955299887409240e+01 1.085460000000000000e+05
5.906692678833675991e-01 7.391352867983243868e+01 1.107260000000000000e+05
5.969160111309492756e-01 7.257376992729867027e+01 1.123220000000000000e+05
6.031708558297608214e-01 7.147181833486764901e+01 1.158900000000000000e+05
6.094688112237535149e-01 7.015128524243652919e+01 1.187660000000000000e+05
6.158118423264375974e-01 6.892599316235487095e+01 1.222980000000000000e+05
6.221022681713845870e-01 6.800644464628713592e+01 1.220900000000000000e+05
6.283660508217905338e-01 6.701155160072829631e+01 1.258100000000000000e+05
6.346461619227155015e-01 6.578441188205040646e+01 1.281900000000000000e+05
6.409396473976692876e-01 6.470484396736354427e+01 1.309940000000000000e+05
6.472371834330832296e-01 6.405244225091809085e+01 1.337220000000000000e+05
6.534767429514126702e-01 6.292131324989193786e+01 1.338860000000000000e+05
6.597637022409679197e-01 6.153339871073083600e+01 1.405380000000000000e+05
6.660751593608625898e-01 6.100580845515819561e+01 1.405940000000000000e+05
6.723401943305717943e-01 5.972355854855122459e+01 1.435940000000000000e+05
6.786079373829640993e-01 5.937141818131370741e+01 1.463100000000000000e+05
6.849135514418230875e-01 5.849814971214190251e+01 1.506500000000000000e+05
6.912250943479077980e-01 5.751331057308651395e+01 1.519140000000000000e+05
6.974710436131158486e-01 5.670735589576874958e+01 1.533980000000000000e+05
7.037307548900212373e-01 5.619657070196085868e+01 1.578660000000000000e+05
7.100217936516199924e-01 5.526047615311672700e+01 1.606580000000000000e+05
7.163250787242370077e-01 5.417139402847284657e+01 1.641020000000000000e+05
7.226009447591926760e-01 5.380821340851118606e+01 1.649940000000000000e+05
7.288716701068771453e-01 5.293868625670626926e+01 1.698500000000000000e+05
7.351879459163250807e-01 5.222984653733577431e+01 1.729860000000000000e+05
7.414685146977839647e-01 5.176602753522155353e+01 1.738940000000000000e+05
7.477104477723024445e-01 5.102473530589001172e+01 1.767780000000000000e+05
7.539885226758882286e-01 5.056734630691498467e+01 1.818020000000000000e+05
7.602914782916944114e-01 4.980699548643750063e+01 1.844300000000000000e+05
7.665892437025125794e-01 4.937290404120789589e+01 1.872420000000000000e+05
7.728738187058056264e-01 4.882419385114010879e+01 1.902500000000000000e+05
7.791494140893913123e-01 4.798616197645685588e+01 1.925700000000000000e+05
7.854515901778583720e-01 4.724235866258528205e+01 1.982540000000000000e+05
7.917409748104085043e-01 4.678630316122062283e+01 1.980740000000000000e+05
7.979940385111662371e-01 4.620636116703263241e+01 2.020500000000000000e+05
8.042571846768763466e-01 4.564430199351524209e+01 2.055020000000000000e+05
8.105619462845171652e-01 4.510646710193412900e+01 2.106660000000000000e+05
8.168641867275381330e-01 4.487235964884116157e+01 2.124260000000000000e+05
8.231256696255031535e-01 4.402730175807274549e+01 2.139180000000000000e+05
8.294110748726144511e-01 4.348402806838839751e+01 2.209940000000000000e+05
8.357113707437004990e-01 4.329763888293727092e+01 2.215220000000000000e+05
8.419948002460609926e-01 4.231441564750069517e+01 2.263140000000000000e+05
8.482593350903800955e-01 4.225499558600468220e+01 2.272940000000000000e+05
8.545301115901441369e-01 4.158136189753019352e+01 2.329620000000000000e+05
8.608435414229801408e-01 4.131755682055226231e+01 2.378180000000000000e+05
8.671393362117422177e-01 4.065108164018498371e+01 2.383980000000000000e+05
8.733948081113820372e-01 4.032589519705026504e+01 2.414180000000000000e+05
8.796646205952306508e-01 4.008847743997016266e+01 2.468180000000000000e+05
8.859565087287600837e-01 3.960962082010093610e+01 2.499060000000000000e+05
8.922534924202312201e-01 3.926147528327334157e+01 2.547020000000000000e+05
8.985217857854136403e-01 3.859094786222468088e+01 2.544180000000000000e+05
9.047744920414614311e-01 3.821156749044978085e+01 2.603540000000000000e+05
9.110610772062064378e-01 3.802119352130336694e+01 2.649740000000000000e+05
9.173652030728716156e-01 3.734869543656336077e+01 2.687220000000000000e+05
9.236564978724189912e-01 3.708754236230500823e+01 2.715620000000000000e+05
9.299448038968107788e-01 3.683063195137640378e+01 2.755860000000000000e+05
9.362445064485998003e-01 3.638445600420603654e+01 2.801900000000000000e+05
9.425390102875164100e-01 3.612683521405207898e+01 2.828340000000000000e+05
9.488116425969939094e-01 3.558702437632606319e+01 2.851700000000000000e+05
9.550714374598537892e-01 3.534736283965082038e+01 2.898860000000000000e+05
9.613552636148307018e-01 3.501727051000320046e+01 2.944740000000000000e+05
9.676548604748713700e-01 3.474874540580508864e+01 2.994980000000000000e+05
9.739319897320198871e-01 3.446349269952290229e+01 2.999580000000000000e+05
9.801989291478477861e-01 3.406423745651007806e+01 3.058580000000000000e+05
9.864886628427461668e-01 3.384753737763585235e+01 3.107940000000000000e+05
9.927793936164199806e-01 3.343096589933064422e+01 3.130820000000000000e+05
9.990361166530091763e-01 3.305254369801571812e+01 3.160460000000000000e+05
1.005310172388236056e+00 3.294707341815959722e+01 3.222180000000000000e+05
1.011625805491854102e+00 3.249705623973310509e+01 3.285620000000000000e+05
1.017917766942204150e+00 3.231223058249297253e+01 3.279900000000000000e+05
1.024197689983066040e+00 3.206783932491983791e+01 3.352820000000000000e+05
1.030472573734562358e+00 3.170692488795558006e+01 3.359700000000000000e+05
1.036757776698311151e+00 3.155340419292330978e+01 3.440660000000000000e+05
1.043033361905228329e+00 3.115224593212550985e+01 3.437180000000000000e+05
1.049301684494551079e+00 3.089204484141533769e+01 3.514980000000000000e+05
1.055593059295673708e+00 3.063869136215559053e+01 3.544580000000000000e+05
1.061871457102441241e+00 3.042730317350341807e+01 3.585660000000000000e+05
1.068178001041605985e+00 3.020957308311609424e+01 3.661220000000000000e+05
1.074470180493512173e+00 3.000500229348544678e+01 3.658100000000000000e+05
1.080737053769623701e+00 2.971753029200705853e+01 3.716220000000000000e+05
1.087020489212936480e+00 2.924879583404867489e+01 3.759860000000000000e+05
1.093314462971749057e+00 2.921247730501923812e+01 3.821700000000000000e+05
1.099587869600829659e+00 2.898408738510354965e+01 3.818180000000000000e+05
1.105847463881620474e+00 2.871968596291526055e+01 3.895740000000000000e+05
1.112134280670179054e+00 2.843360688908512302e+01 3.936980000000000000e+05
1.118428377412835406e+00 2.824617543518780494e+01 3.994580000000000000e+05
1.124715645780198781e+00 2.796404863829679499e+01 4.022220000000000000e+05
1.130996124361501431e+00 2.789458509319309698e+01 4.069220000000000000e+05
1.137284456696317392e+00 2.768682189711947217e+01 4.128420000000000000e+05
1.143571288435853983e+00 2.736216285680796290e+01 4.153460000000000000e+05
1.149847667202570811e+00 2.727418478324881690e+01 4.211820000000000000e+05
1.156130444085272213e+00 2.689488243317242677e+01 4.250180000000000000e+05
1.162419353814765133e+00 2.673943017740359451e+01 4.311380000000000000e+05
1.168705445387328012e+00 2.655765256708007627e+01 4.343820000000000000e+05
1.174988745725767281e+00 2.642458645217320168e+01 4.395140000000000000e+05
1.181273977502684147e+00 2.620223920782721905e+01 4.447380000000000000e+05
1.187562659051211167e+00 2.597952369746578327e+01 4.489100000000000000e+05
1.193823213156303353e+00 2.580754493622519163e+01 4.506180000000000000e+05
1.200093696126397269e+00 2.557515762140065974e+01 4.595540000000000000e+05
1.206384684590767753e+00 2.540203954982255752e+01 4.631060000000000000e+05
1.212657716259795793e+00 2.521675254516769016e+01 4.670940000000000000e+05
1.218950061014193453e+00 2.499979264463419071e+01 4.749380000000000000e+05
1.225240784026401242e+00 2.491895174189841811e+01 4.771860000000000000e+05
1.231532244371714047e+00 2.475976001766380463e+01 4.846700000000000000e+05
1.237823116543606217e+00 2.459747765535926689e+01 4.870100000000000000e+05
1.244104630523539479e+00 2.435400887756305366e+01 4.933140000000000000e+05
1.250385916236761652e+00 2.422355873227802903e+01 4.963220000000000000e+05
1.256652750742101254e+00 2.410290491500983734e+01 5.017020000000000000e+05
1.262935091931613352e+00 2.390757022508249463e+01 5.085620000000000000e+05
1.269233477511062080e+00 2.367018799822766084e+01 5.142420000000000000e+05
1.275514616938773216e+00 2.359851906302260716e+01 5.161580000000000000e+05
1.281786872211649220e+00 2.344987573691031102e+01 5.226020000000000000e+05
1.288079462048372426e+00 2.331038300600330260e+01 5.306580000000000000e+05
1.294361149637119013e+00 2.313137434374193546e+01 5.300420000000000000e+05
1.300627926004322754e+00 2.298933107982949764e+01 5.388780000000000000e+05
1.306914643728855463e+00 2.273755618597482098e+01 5.441300000000000000e+05
1.313214369136572968e+00 2.271774675143069189e+01 5.511060000000000000e+05
1.319506178663429896e+00 2.256625315889210981e+01 5.539820000000000000e+05
1.325784332573166857e+00 2.232542808190982697e+01 5.582420000000000000e+05
1.332057263563118710e+00 2.224667000703420072e+01 5.645460000000000000e+05
1.338340549575027794e+00 2.204847563535693311e+01 5.704940000000000000e+05
1.344633835480066875e+00 2.189354279446223472e+01 5.767620000000000000e+05
1.350907484373135237e+00 2.184606685596106956e+01 5.782340000000000000e+05
1.357175487163077676e+00 2.167813230239633171e+01 5.856660000000000000e+05
1.363467141694861828e+00 2.154222927029558221e+01 5.944460000000000000e+05
1.369755686854475130e+00 2.140921837456553689e+01 5.952500000000000000e+05
1.376032186684321701e+00 2.129765578475356591e+01 6.034020000000000000e+05
1.382313839440675540e+00 2.112704267163811522e+01 6.073820000000000000e+05
1.388610058625191268e+00 2.102185322480430330e+01 6.170100000000000000e+05
1.394895499348251855e+00 2.088371946644305410e+01 6.167780000000000000e+05
1.401166240321837453e+00 2.074292263863918961e+01 6.247460000000000000e+05
1.407434432864556273e+00 2.061255048250308519e+01 6.280620000000000000e+05
1.413722933193898301e+00 2.059253692085690801e+01 6.394100000000000000e+05
1.420027475896342928e+00 2.036238272934094695e+01 6.429540000000000000e+05
1.426307149789788564e+00 2.026139570816370394e+01 6.459740000000000000e+05
1.432584485912613337e+00 2.017280449695409317e+01 6.534900000000000000e+05
1.438876982104692948e+00 1.998992098947723051e+01 6.607460000000000000e+05
1.445167658311597991e+00 1.999257525972039318e+01 6.646460000000000000e+05
1.451434581318592487e+00 1.981449708400371179e+01 6.672900000000000000e+05
1.457714146029685631e+00 1.968468487125615596e+01 6.790340000000000000e+05
1.464013702919821469e+00 1.959746513106853172e+01 6.827220000000000000e+05
1.470311375243267715e+00 1.947195820566570035e+01 6.912380000000000000e+05
1.476585168270965198e+00 1.937819584095694125e+01 6.886020000000000000e+05
1.482847620858654736e+00 1.932634908710940280e+01 7.008260000000000000e+05
1.489134257848029552e+00 1.914191645483488102e+01 7.056620000000000000e+05
1.495410090151012339e+00 1.901784385968365854e+01 7.100820000000000000e+05
1.501688804650891385e+00 1.895424423786905166e+01 7.191620000000000000e+05
1.507973225127458239e+00 1.884365561853093851e+01 7.222500000000000000e+05
1.514255586288884459e+00 1.868009353726269239e+01 7.315100000000000000e+05
1.520548655276809047e+00 1.860238680100405517e+01 7.364420000000000000e+05
1.526828765310179747e+00 1.849569841882761523e+01 7.408980000000000000e+05
1.533114430439595610e+00 1.845489339588673516e+01 7.501580000000000000e+05
1.539410813276927970e+00 1.831512778876027525e+01 7.548660000000000000e+05
1.545694858079805112e+00 1.819191979617626487e+01 7.608260000000000000e+05
1.551969964575633298e+00 1.815719835508136981e+01 7.640340000000000000e+05
1.558245721095042446e+00 1.806035018714849016e+01 7.738460000000000000e+05
1.564534844516594525e+00 1.789862404683802666e+01 7.797140000000000000e+05
1.570816980798636520e+00 1.779891684480072556e+01 7.843140000000000000e+05
1.577093092211928615e+00 1.768114712874918482e+01 7.913420000000000000e+05
1.583381338673179872e+00 1.768397679070452710e+01 7.994580000000000000e+05
1.589671280639133322e+00 1.751020261539348866e+01 8.049620000000000000e+05
1.595952830483094553e+00 1.745127763537772481e+01 8.095500000000000000e+05
1.602217313416965272e+00 1.740141248976399879e+01 8.134580000000000000e+05
