# Real space DM power spectrum.
# The power spectum is corrected for shot-noise and window function.
# Ngrid=512	Interlacing was set to True.
# redshift=0.188900	model=tabulated	Hz_file=/g100/home/userexternal/mbaldi00/SOURCE/DAKAR2/DSC_m09_m02_Hz.dat	zDf_file=None	H0=67.66	Om=0.311049	Ob=0.04897468161869667	sigma8=0.7882104124	ns=0.9665	Tcmb=0.0	Neff=3.046	m_nu=[0]	Fid_model=w0waCDM	Fid_H0=67.659	Fid_Om=0.311438	Fid_w0=-0.9001	Fid_wa=-0.2025	
# n_dm=1.073742e+00[h/Mpc]^3
# k[h/Mpc]		Pk_dm[Mpc^3/h^3]		Nmodes
8.018239401280879974e-03 1.486661208020316190e+04 1.800000000000000000e+01
1.401654949351664563e-02 1.772922391936086933e+04 6.200000000000000000e+01
1.969250245970122562e-02 1.306515286109885346e+04 9.800000000000000000e+01
2.551337480545044084e-02 1.978372820123490965e+04 2.100000000000000000e+02
3.202906010406358223e-02 1.538183582028252749e+04 3.500000000000000000e+02
3.846520933840009981e-02 1.324299312186982934e+04 4.500000000000000000e+02
4.443307405343879801e-02 1.055313429204332533e+04 6.020000000000000000e+02
5.042305588722229004e-02 9.449915790286277115e+03 7.620000000000000000e+02
5.690925724269420977e-02 8.945718414728362404e+03 1.142000000000000000e+03
6.341842361688614094e-02 7.686887877425385341e+03 1.250000000000000000e+03
6.949987936003544642e-02 7.336150296081076704e+03 1.458000000000000000e+03
7.558128466088295805e-02 7.337500871471691426e+03 1.814000000000000000e+03
8.196268225887480552e-02 5.962359770171022319e+03 2.178000000000000000e+03
8.830226267620121250e-02 5.379889734270860572e+03 2.498000000000000000e+03
9.435210882776298713e-02 4.795885611063828946e+03 2.622000000000000000e+03
1.005600000334900268e-01 4.593332607922688112e+03 3.338000000000000000e+03
1.070138172820522676e-01 3.938283346957894082e+03 3.722000000000000000e+03
1.134272720352065417e-01 3.734850212197566634e+03 4.170000000000000000e+03
1.196088736356262089e-01 3.608400710468064517e+03 4.358000000000000000e+03
1.257803526943431782e-01 3.404213294032456361e+03 5.034000000000000000e+03
1.321489366516601371e-01 3.205318939938510084e+03 5.714000000000000000e+03
1.384562346816501366e-01 2.945854033493588759e+03 5.982000000000000000e+03
1.446496334058954558e-01 2.861327386907359596e+03 6.602000000000000000e+03
1.508534077925902661e-01 2.614995746149087154e+03 7.130000000000000000e+03
1.571727997187746806e-01 2.448107761318837220e+03 8.034000000000000000e+03
1.635416756874734368e-01 2.269448644889944262e+03 8.606000000000000000e+03
1.698255044437522454e-01 2.121665633083888679e+03 9.066000000000000000e+03
1.761012440422073944e-01 2.080396523239478029e+03 9.962000000000000000e+03
1.823997330750334323e-01 1.965190383586521875e+03 1.055000000000000000e+04
1.886505794152418258e-01 1.947995098234221132e+03 1.122600000000000000e+04
1.949080233860110145e-01 1.820787597234375198e+03 1.214600000000000000e+04
2.011423980633682551e-01 1.745063759132508267e+03 1.260600000000000000e+04
2.073952711124279202e-01 1.618279226621153384e+03 1.380200000000000000e+04
2.137387912274538171e-01 1.565848262622619131e+03 1.475400000000000000e+04
2.200329442788883927e-01 1.556502532894648539e+03 1.519400000000000000e+04
2.262928915227388205e-01 1.452034886249986357e+03 1.645400000000000000e+04
2.325983565681614684e-01 1.404302675326748613e+03 1.715400000000000000e+04
2.388889575828848644e-01 1.376152987071722009e+03 1.826600000000000000e+04
2.451217204984029174e-01 1.315942810758717769e+03 1.875000000000000000e+04
2.513735730109318833e-01 1.276657488337710220e+03 2.023400000000000000e+04
2.577068704519516196e-01 1.216197162273869480e+03 2.145000000000000000e+04
2.640202590165574015e-01 1.192516177653050590e+03 2.196200000000000000e+04
2.702896249217050517e-01 1.148294063155501362e+03 2.346200000000000000e+04
2.765613443273721161e-01 1.122319405318238751e+03 2.404200000000000000e+04
2.828696817722480827e-01 1.092404143393163622e+03 2.594600000000000000e+04
2.891484548613966754e-01 1.041314944367723228e+03 2.611800000000000000e+04
2.953521325173381618e-01 1.018062933224119320e+03 2.750600000000000000e+04
3.016073414663040242e-01 1.014256112917024325e+03 2.906600000000000000e+04
3.079380380657114613e-01 9.644840468835126330e+02 3.045000000000000000e+04
3.142758188292146815e-01 9.345206338238471062e+02 3.174200000000000000e+04
3.205460861690284657e-01 9.199530805261597379e+02 3.225000000000000000e+04
3.268125857401938394e-01 8.964947796151656121e+02 3.425000000000000000e+04
3.331235790942642661e-01 8.714748375201552335e+02 3.545400000000000000e+04
3.394044287142444771e-01 8.646652081384547728e+02 3.643400000000000000e+04
3.456389225992096970e-01 8.389696380962618605e+02 3.768200000000000000e+04
3.518805674449744791e-01 8.122239174111330158e+02 3.929400000000000000e+04
3.582029755837912721e-01 7.944692471159171419e+02 4.142600000000000000e+04
3.645115539318926068e-01 7.818842529495608460e+02 4.206600000000000000e+04
3.707638220461956791e-01 7.621652973380081448e+02 4.349000000000000000e+04
3.770538406945189158e-01 7.494771497023090205e+02 4.570200000000000000e+04
3.833585849945114754e-01 7.353258288599602110e+02 4.663400000000000000e+04
3.896511111060295685e-01 7.278435672387881823e+02 4.855400000000000000e+04
3.958767350353735170e-01 7.090248877793849260e+02 4.887000000000000000e+04
4.021123550664917334e-01 6.935716063930688051e+02 5.155400000000000000e+04
4.084534706459355680e-01 6.869817112578858769e+02 5.409000000000000000e+04
4.147693430455148822e-01 6.804448235387253590e+02 5.431400000000000000e+04
4.210541279197388409e-01 6.585291588873419641e+02 5.691000000000000000e+04
4.273285528543883660e-01 6.489824591309619564e+02 5.748200000000000000e+04
4.336210871857300031e-01 6.376292949822083074e+02 6.062600000000000000e+04
4.399178901492071248e-01 6.156372491340405304e+02 6.120600000000000000e+04
4.461481615369914944e-01 6.117853147915344607e+02 6.257000000000000000e+04
4.524185591367541615e-01 6.066232795857374640e+02 6.573000000000000000e+04
4.587151924004577719e-01 5.931965003567344183e+02 6.668600000000000000e+04
4.650253487526455620e-01 5.914840695456749700e+02 6.969800000000000000e+04
4.713138026405762626e-01 5.754889784564301181e+02 7.002600000000000000e+04
4.775801322871031096e-01 5.717483024219479830e+02 7.274600000000000000e+04
4.838809178367569630e-01 5.591211136822261096e+02 7.491000000000000000e+04
4.901499165155780435e-01 5.519611525316944380e+02 7.572200000000000000e+04
4.963993143780123241e-01 5.469123580500496473e+02 7.837800000000000000e+04
5.026659111298577010e-01 5.397633169355682412e+02 8.003000000000000000e+04
5.089643413427887841e-01 5.367038564218503325e+02 8.318600000000000000e+04
5.152747315442799403e-01 5.249616687087803939e+02 8.466600000000000000e+04
5.215661708673858810e-01 5.166422683481308695e+02 8.654600000000000000e+04
5.278286396879566800e-01 5.089858943904603734e+02 8.813400000000000000e+04
5.341160320652750260e-01 5.085364831454133423e+02 9.153800000000000000e+04
5.404304286902661403e-01 5.026371886667682247e+02 9.313800000000000000e+04
5.466976878455739319e-01 4.938026895763615016e+02 9.447800000000000000e+04
5.529595373159058580e-01 4.826552061997743976e+02 9.727400000000000000e+04
5.592440147746206014e-01 4.850851685478642707e+02 9.969000000000000000e+04
5.655545845518847869e-01 4.731759393417506772e+02 1.025900000000000000e+05
5.718545124332512497e-01 4.680882399193616266e+02 1.037700000000000000e+05
5.781226402320145397e-01 4.683534272044076943e+02 1.063460000000000000e+05
5.844054810026423352e-01 4.614539518712415429e+02 1.085460000000000000e+05
5.906692678833675991e-01 4.584964540993364039e+02 1.107260000000000000e+05
5.969160111309492756e-01 4.487534408733288842e+02 1.123220000000000000e+05
6.031708558297608214e-01 4.446424801693659106e+02 1.158900000000000000e+05
6.094688112237535149e-01 4.389657186661436299e+02 1.187660000000000000e+05
6.158118423264375974e-01 4.374576617096736868e+02 1.222980000000000000e+05
6.221022681713845870e-01 4.305190501012793902e+02 1.220900000000000000e+05
6.283660508217905338e-01 4.229610866138432925e+02 1.258100000000000000e+05
6.346461619227155015e-01 4.238413117962402339e+02 1.281900000000000000e+05
6.409396473976692876e-01 4.201133970308626431e+02 1.309940000000000000e+05
6.472371834330832296e-01 4.164679086663172143e+02 1.337220000000000000e+05
6.534767429514126702e-01 4.093876054686452335e+02 1.338860000000000000e+05
6.597637022409679197e-01 4.056717314036679909e+02 1.405380000000000000e+05
6.660751593608625898e-01 4.012101628372797677e+02 1.405940000000000000e+05
6.723401943305717943e-01 3.978193773153520851e+02 1.435940000000000000e+05
6.786079373829640993e-01 3.944377157686283226e+02 1.463100000000000000e+05
6.849135514418230875e-01 3.927325605983018590e+02 1.506500000000000000e+05
6.912250943479077980e-01 3.871040395381588723e+02 1.519140000000000000e+05
6.974710436131158486e-01 3.841625899926930856e+02 1.533980000000000000e+05
7.037307548900212373e-01 3.808852307047480394e+02 1.578660000000000000e+05
7.100217936516199924e-01 3.765459521331488872e+02 1.606580000000000000e+05
7.163250787242370077e-01 3.735078676851010187e+02 1.641020000000000000e+05
7.226009447591926760e-01 3.719979475806629239e+02 1.649940000000000000e+05
7.288716701068771453e-01 3.677467816349811756e+02 1.698500000000000000e+05
7.351879459163250807e-01 3.659623682442947370e+02 1.729860000000000000e+05
7.414685146977839647e-01 3.611857602459533609e+02 1.738940000000000000e+05
7.477104477723024445e-01 3.593249310316024889e+02 1.767780000000000000e+05
7.539885226758882286e-01 3.567486589437396560e+02 1.818020000000000000e+05
7.602914782916944114e-01 3.519507465030833941e+02 1.844300000000000000e+05
7.665892437025125794e-01 3.523135049747591552e+02 1.872420000000000000e+05
7.728738187058056264e-01 3.481668535094844401e+02 1.902500000000000000e+05
7.791494140893913123e-01 3.443862035197917635e+02 1.925700000000000000e+05
7.854515901778583720e-01 3.423690900274001478e+02 1.982540000000000000e+05
7.917409748104085043e-01 3.399064653228369934e+02 1.980740000000000000e+05
7.979940385111662371e-01 3.366282517881660397e+02 2.020500000000000000e+05
8.042571846768763466e-01 3.334461919994519121e+02 2.055020000000000000e+05
8.105619462845171652e-01 3.334400899931458184e+02 2.106660000000000000e+05
8.168641867275381330e-01 3.302566111058191609e+02 2.124260000000000000e+05
8.231256696255031535e-01 3.290515306682158894e+02 2.139180000000000000e+05
8.294110748726144511e-01 3.264046955978235474e+02 2.209940000000000000e+05
8.357113707437004990e-01 3.213063242505305652e+02 2.215220000000000000e+05
8.419948002460609926e-01 3.198832978200574075e+02 2.263140000000000000e+05
8.482593350903800955e-01 3.177230017806248270e+02 2.272940000000000000e+05
8.545301115901441369e-01 3.168276939173446181e+02 2.329620000000000000e+05
8.608435414229801408e-01 3.135451258018741214e+02 2.378180000000000000e+05
8.671393362117422177e-01 3.113092834707372276e+02 2.383980000000000000e+05
8.733948081113820372e-01 3.091598553822891517e+02 2.414180000000000000e+05
8.796646205952306508e-01 3.077930978485302944e+02 2.468180000000000000e+05
8.859565087287600837e-01 3.039912963300926663e+02 2.499060000000000000e+05
8.922534924202312201e-01 3.034877397020842977e+02 2.547020000000000000e+05
8.985217857854136403e-01 3.023211831443194910e+02 2.544180000000000000e+05
9.047744920414614311e-01 3.001937302380933943e+02 2.603540000000000000e+05
9.110610772062064378e-01 2.975372064131342427e+02 2.649740000000000000e+05
9.173652030728716156e-01 2.940718405456352116e+02 2.687220000000000000e+05
9.236564978724189912e-01 2.930605024966390033e+02 2.715620000000000000e+05
9.299448038968107788e-01 2.913719148902774805e+02 2.755860000000000000e+05
9.362445064485998003e-01 2.892237293544326917e+02 2.801900000000000000e+05
9.425390102875164100e-01 2.869717725271049744e+02 2.828340000000000000e+05
9.488116425969939094e-01 2.866520557611140703e+02 2.851700000000000000e+05
9.550714374598537892e-01 2.837205198737952401e+02 2.898860000000000000e+05
9.613552636148307018e-01 2.832625145722973343e+02 2.944740000000000000e+05
9.676548604748713700e-01 2.798453370357992753e+02 2.994980000000000000e+05
9.739319897320198871e-01 2.799122888643192937e+02 2.999580000000000000e+05
9.801989291478477861e-01 2.768753981912300901e+02 3.058580000000000000e+05
9.864886628427461668e-01 2.762068461158997934e+02 3.107940000000000000e+05
9.927793936164199806e-01 2.728766638315017872e+02 3.130820000000000000e+05
9.990361166530091763e-01 2.718962025324891556e+02 3.160460000000000000e+05
1.005310172388236056e+00 2.711963177186021312e+02 3.222180000000000000e+05
1.011625805491854102e+00 2.693530316720716087e+02 3.285620000000000000e+05
1.017917766942204150e+00 2.679553873860540989e+02 3.279900000000000000e+05
1.024197689983066040e+00 2.662089593373273146e+02 3.352820000000000000e+05
1.030472573734562358e+00 2.649803242986172336e+02 3.359700000000000000e+05
1.036757776698311151e+00 2.635986687642555921e+02 3.440660000000000000e+05
1.043033361905228329e+00 2.621013961075599923e+02 3.437180000000000000e+05
1.049301684494551079e+00 2.595335676950304560e+02 3.514980000000000000e+05
1.055593059295673708e+00 2.594668966784412873e+02 3.544580000000000000e+05
1.061871457102441241e+00 2.576775137344601490e+02 3.585660000000000000e+05
1.068178001041605985e+00 2.557087263708179989e+02 3.661220000000000000e+05
1.074470180493512173e+00 2.537886905469503631e+02 3.658100000000000000e+05
1.080737053769623701e+00 2.528594863656518044e+02 3.716220000000000000e+05
1.087020489212936480e+00 2.513124524595613138e+02 3.759860000000000000e+05
1.093314462971749057e+00 2.494720895194787715e+02 3.821700000000000000e+05
1.099587869600829659e+00 2.498766540006114383e+02 3.818180000000000000e+05
1.105847463881620474e+00 2.462505530125643531e+02 3.895740000000000000e+05
1.112134280670179054e+00 2.463962838648380966e+02 3.936980000000000000e+05
1.118428377412835406e+00 2.445505253292943166e+02 3.994580000000000000e+05
1.124715645780198781e+00 2.436907418574643316e+02 4.022220000000000000e+05
1.130996124361501431e+00 2.420254308080967007e+02 4.069220000000000000e+05
1.137284456696317392e+00 2.406772153163936991e+02 4.128420000000000000e+05
1.143571288435853983e+00 2.393635833592324502e+02 4.153460000000000000e+05
1.149847667202570811e+00 2.381972631674152865e+02 4.211820000000000000e+05
1.156130444085272213e+00 2.370887706920226492e+02 4.250180000000000000e+05
1.162419353814765133e+00 2.349302716249215450e+02 4.311380000000000000e+05
1.168705445387328012e+00 2.337378119659501863e+02 4.343820000000000000e+05
1.174988745725767281e+00 2.333578422756509383e+02 4.395140000000000000e+05
1.181273977502684147e+00 2.319894352648315703e+02 4.447380000000000000e+05
1.187562659051211167e+00 2.300055690072160530e+02 4.489100000000000000e+05
1.193823213156303353e+00 2.290554067615406666e+02 4.506180000000000000e+05
1.200093696126397269e+00 2.279838081825969311e+02 4.595540000000000000e+05
1.206384684590767753e+00 2.274331209869017698e+02 4.631060000000000000e+05
1.212657716259795793e+00 2.249944225644785547e+02 4.670940000000000000e+05
1.218950061014193453e+00 2.251024081439203997e+02 4.749380000000000000e+05
1.225240784026401242e+00 2.234140354199610670e+02 4.771860000000000000e+05
1.231532244371714047e+00 2.226918106913180679e+02 4.846700000000000000e+05
1.237823116543606217e+00 2.218824184163292728e+02 4.870100000000000000e+05
1.244104630523539479e+00 2.203420246241261111e+02 4.933140000000000000e+05
1.250385916236761652e+00 2.193146790130634542e+02 4.963220000000000000e+05
1.256652750742101254e+00 2.170630725045350857e+02 5.017020000000000000e+05
1.262935091931613352e+00 2.167783765377837994e+02 5.085620000000000000e+05
1.269233477511062080e+00 2.163111897055950124e+02 5.142420000000000000e+05
1.275514616938773216e+00 2.145782849486622865e+02 5.161580000000000000e+05
1.281786872211649220e+00 2.133559706236501086e+02 5.226020000000000000e+05
1.288079462048372426e+00 2.119399278352530303e+02 5.306580000000000000e+05
1.294361149637119013e+00 2.113713100469503559e+02 5.300420000000000000e+05
1.300627926004322754e+00 2.105788300016633912e+02 5.388780000000000000e+05
1.306914643728855463e+00 2.100463040954817302e+02 5.441300000000000000e+05
1.313214369136572968e+00 2.092245603226855906e+02 5.511060000000000000e+05
1.319506178663429896e+00 2.071732584406521767e+02 5.539820000000000000e+05
1.325784332573166857e+00 2.063031026388224234e+02 5.582420000000000000e+05
1.332057263563118710e+00 2.057470915847267179e+02 5.645460000000000000e+05
1.338340549575027794e+00 2.046304256646297972e+02 5.704940000000000000e+05
1.344633835480066875e+00 2.039013813829961634e+02 5.767620000000000000e+05
1.350907484373135237e+00 2.024558459419366443e+02 5.782340000000000000e+05
1.357175487163077676e+00 2.015331537651413214e+02 5.856660000000000000e+05
1.363467141694861828e+00 2.012681707351216573e+02 5.944460000000000000e+05
1.369755686854475130e+00 1.996848487819573847e+02 5.952500000000000000e+05
1.376032186684321701e+00 1.991283524016027116e+02 6.034020000000000000e+05
1.382313839440675540e+00 1.974970272941656049e+02 6.073820000000000000e+05
1.388610058625191268e+00 1.964302631371234042e+02 6.170100000000000000e+05
1.394895499348251855e+00 1.957119688527700703e+02 6.167780000000000000e+05
1.401166240321837453e+00 1.941344609598129125e+02 6.247460000000000000e+05
1.407434432864556273e+00 1.940354545906962187e+02 6.280620000000000000e+05
1.413722933193898301e+00 1.925021363953724745e+02 6.394100000000000000e+05
1.420027475896342928e+00 1.919979383056341362e+02 6.429540000000000000e+05
1.426307149789788564e+00 1.907178150067732645e+02 6.459740000000000000e+05
1.432584485912613337e+00 1.907464812173323594e+02 6.534900000000000000e+05
1.438876982104692948e+00 1.889523180376621667e+02 6.607460000000000000e+05
1.445167658311597991e+00 1.883496239743745093e+02 6.646460000000000000e+05
1.451434581318592487e+00 1.879417251257846431e+02 6.672900000000000000e+05
1.457714146029685631e+00 1.872717188047558068e+02 6.790340000000000000e+05
1.464013702919821469e+00 1.852716473018496117e+02 6.827220000000000000e+05
1.470311375243267715e+00 1.844659038510150708e+02 6.912380000000000000e+05
1.476585168270965198e+00 1.845344413935403054e+02 6.886020000000000000e+05
1.482847620858654736e+00 1.837269635049534884e+02 7.008260000000000000e+05
1.489134257848029552e+00 1.824455689116768440e+02 7.056620000000000000e+05
1.495410090151012339e+00 1.816255764877463150e+02 7.100820000000000000e+05
1.501688804650891385e+00 1.808761922829548610e+02 7.191620000000000000e+05
1.507973225127458239e+00 1.798996362346610738e+02 7.222500000000000000e+05
1.514255586288884459e+00 1.793005703591790052e+02 7.315100000000000000e+05
1.520548655276809047e+00 1.786480387328602149e+02 7.364420000000000000e+05
1.526828765310179747e+00 1.777483661274730764e+02 7.408980000000000000e+05
1.533114430439595610e+00 1.767875153235339667e+02 7.501580000000000000e+05
1.539410813276927970e+00 1.761841601733159450e+02 7.548660000000000000e+05
1.545694858079805112e+00 1.752359903195285256e+02 7.608260000000000000e+05
1.551969964575633298e+00 1.742869635226001037e+02 7.640340000000000000e+05
1.558245721095042446e+00 1.735340051520898328e+02 7.738460000000000000e+05
1.564534844516594525e+00 1.731982274911778745e+02 7.797140000000000000e+05
1.570816980798636520e+00 1.716469050230048481e+02 7.843140000000000000e+05
1.577093092211928615e+00 1.712492011433218977e+02 7.913420000000000000e+05
1.583381338673179872e+00 1.705980886014563112e+02 7.994580000000000000e+05
1.589671280639133322e+00 1.702008302475053085e+02 8.049620000000000000e+05
1.595952830483094553e+00 1.692073865847940510e+02 8.095500000000000000e+05
1.602217313416965272e+00 1.687783760207637727e+02 8.134580000000000000e+05
