# Real space DM power spectrum.
# The power spectum is corrected for shot-noise and window function.
# Ngrid=512	Interlacing was set to True.
# redshift=0.677100	model=tabulated	Hz_file=/g100/home/userexternal/mbaldi00/SOURCE/DAKAR2/DSC_m09_m02_Hz.dat	zDf_file=None	H0=67.66	Om=0.311049	Ob=0.04897468161869667	sigma8=0.7882104124	ns=0.9665	Tcmb=0.0	Neff=3.046	m_nu=[0]	Fid_model=w0waCDM	Fid_H0=67.659	Fid_Om=0.311438	Fid_w0=-0.9001	Fid_wa=-0.2025	
# n_dm=1.073742e+00[h/Mpc]^3
# k[h/Mpc]		Pk_dm[Mpc^3/h^3]		Nmodes
8.018239401280879974e-03 9.189646802425384521e+03 1.800000000000000000e+01
1.401654949351664563e-02 1.095205557258667432e+04 6.200000000000000000e+01
1.969250245970122562e-02 8.096978753955995671e+03 9.800000000000000000e+01
2.551337480545044084e-02 1.229426867742538525e+04 2.100000000000000000e+02
3.202906010406358223e-02 9.551043677425384885e+03 3.500000000000000000e+02
3.846520933840009981e-02 8.229449232980939996e+03 4.500000000000000000e+02
4.443307405343879801e-02 6.572591102674554350e+03 6.020000000000000000e+02
5.042305588722229004e-02 5.874345580312523452e+03 7.620000000000000000e+02
5.690925724269420977e-02 5.544765700192459917e+03 1.142000000000000000e+03
6.341842361688614094e-02 4.790355077425384479e+03 1.250000000000000000e+03
6.949987936003544642e-02 4.556751119126344747e+03 1.458000000000000000e+03
7.558128466088295805e-02 4.557449879189442072e+03 1.814000000000000000e+03
8.196268225887480552e-02 3.705804444183878331e+03 2.178000000000000000e+03
8.830226267620121250e-02 3.350092096160372421e+03 2.498000000000000000e+03
9.435210882776298713e-02 2.980590797944072619e+03 2.622000000000000000e+03
1.005600000334900268e-01 2.840293962026942609e+03 3.338000000000000000e+03
1.070138172820522676e-01 2.424988344271166625e+03 3.722000000000000000e+03
1.134272720352065417e-01 2.281347094691571783e+03 4.170000000000000000e+03
1.196088736356262089e-01 2.212265556727817057e+03 4.358000000000000000e+03
1.257803526943431782e-01 2.095136019499282156e+03 5.034000000000000000e+03
1.321489366516601371e-01 1.963822615122269326e+03 5.714000000000000000e+03
1.384562346816501366e-01 1.809948817846648126e+03 5.982000000000000000e+03
1.446496334058954558e-01 1.743989307537471859e+03 6.602000000000000000e+03
1.508534077925902661e-01 1.587159000006029828e+03 7.130000000000000000e+03
1.571727997187746806e-01 1.478915453626529597e+03 8.034000000000000000e+03
1.635416756874734368e-01 1.356136537058198883e+03 8.606000000000000000e+03
1.698255044437522454e-01 1.266534263130215777e+03 9.066000000000000000e+03
1.761012440422073944e-01 1.243187127535804166e+03 9.962000000000000000e+03
1.823997330750334323e-01 1.173357776951450887e+03 1.055000000000000000e+04
1.886505794152418258e-01 1.164220913306374996e+03 1.122600000000000000e+04
1.949080233860110145e-01 1.087398333279163580e+03 1.214600000000000000e+04
2.011423980633682551e-01 1.026295315534221572e+03 1.260600000000000000e+04
2.073952711124279202e-01 9.596088889889260827e+02 1.380200000000000000e+04
2.137387912274538171e-01 9.253632416113679255e+02 1.475400000000000000e+04
2.200329442788883927e-01 9.095631489272931276e+02 1.519400000000000000e+04
2.262928915227388205e-01 8.456997701687904510e+02 1.645400000000000000e+04
2.325983565681614684e-01 8.104900368750754751e+02 1.715400000000000000e+04
2.388889575828848644e-01 7.908725206313409899e+02 1.826600000000000000e+04
2.451217204984029174e-01 7.537079840920512197e+02 1.875000000000000000e+04
2.513735730109318833e-01 7.304369189989735105e+02 2.023400000000000000e+04
2.577068704519516196e-01 6.943442485209556025e+02 2.145000000000000000e+04
2.640202590165574015e-01 6.843455192430695888e+02 2.196200000000000000e+04
2.702896249217050517e-01 6.558005843386911238e+02 2.346200000000000000e+04
2.765613443273721161e-01 6.327280235696321142e+02 2.404200000000000000e+04
2.828696817722480827e-01 6.160473639281209444e+02 2.594600000000000000e+04
2.891484548613966754e-01 5.805088719272606568e+02 2.611800000000000000e+04
2.953521325173381618e-01 5.701650563972451664e+02 2.750600000000000000e+04
3.016073414663040242e-01 5.636095499224601326e+02 2.906600000000000000e+04
3.079380380657114613e-01 5.387480534516571424e+02 3.045000000000000000e+04
3.142758188292146815e-01 5.173559939145786757e+02 3.174200000000000000e+04
3.205460861690284657e-01 5.083307549447643510e+02 3.225000000000000000e+04
3.268125857401938394e-01 4.892825752356035309e+02 3.425000000000000000e+04
3.331235790942642661e-01 4.803878515665251712e+02 3.545400000000000000e+04
3.394044287142444771e-01 4.711688036810797371e+02 3.643400000000000000e+04
3.456389225992096970e-01 4.538872114734711545e+02 3.768200000000000000e+04
3.518805674449744791e-01 4.401105667723586521e+02 3.929400000000000000e+04
3.582029755837912721e-01 4.297707968672809216e+02 4.142600000000000000e+04
3.645115539318926068e-01 4.213129602190896321e+02 4.206600000000000000e+04
3.707638220461956791e-01 4.080333129737864510e+02 4.349000000000000000e+04
3.770538406945189158e-01 3.998836089382286332e+02 4.570200000000000000e+04
3.833585849945114754e-01 3.934441545450826538e+02 4.663400000000000000e+04
3.896511111060295685e-01 3.845453425817053130e+02 4.855400000000000000e+04
3.958767350353735170e-01 3.756066761976373982e+02 4.887000000000000000e+04
4.021123550664917334e-01 3.661570507814771531e+02 5.155400000000000000e+04
4.084534706459355680e-01 3.594648319826039824e+02 5.409000000000000000e+04
4.147693430455148822e-01 3.564139291100329956e+02 5.431400000000000000e+04
4.210541279197388409e-01 3.447274368701218350e+02 5.691000000000000000e+04
4.273285528543883660e-01 3.387904338012934886e+02 5.748200000000000000e+04
4.336210871857300031e-01 3.316133612244146320e+02 6.062600000000000000e+04
4.399178901492071248e-01 3.203365269826174995e+02 6.120600000000000000e+04
4.461481615369914944e-01 3.163802644479192736e+02 6.257000000000000000e+04
4.524185591367541615e-01 3.124741848040548575e+02 6.573000000000000000e+04
4.587151924004577719e-01 3.035301835885971968e+02 6.668600000000000000e+04
4.650253487526455620e-01 3.016080042353360113e+02 6.969800000000000000e+04
4.713138026405762626e-01 2.935831434808496283e+02 7.002600000000000000e+04
4.775801322871031096e-01 2.910147088222998377e+02 7.274600000000000000e+04
4.838809178367569630e-01 2.833661543977513588e+02 7.491000000000000000e+04
4.901499165155780435e-01 2.800391747709380184e+02 7.572200000000000000e+04
4.963993143780123241e-01 2.756751486290386310e+02 7.837800000000000000e+04
5.026659111298577010e-01 2.716530332919345483e+02 8.003000000000000000e+04
5.089643413427887841e-01 2.676080470308469899e+02 8.318600000000000000e+04
5.152747315442799403e-01 2.623191439644911043e+02 8.466600000000000000e+04
5.215661708673858810e-01 2.580526628204345343e+02 8.654600000000000000e+04
5.278286396879566800e-01 2.543861485489009624e+02 8.813400000000000000e+04
5.341160320652750260e-01 2.512154798462370593e+02 9.153800000000000000e+04
5.404304286902661403e-01 2.474801313969106218e+02 9.313800000000000000e+04
5.466976878455739319e-01 2.431871812040419911e+02 9.447800000000000000e+04
5.529595373159058580e-01 2.382266024618793949e+02 9.727400000000000000e+04
5.592440147746206014e-01 2.369624481145208676e+02 9.969000000000000000e+04
5.655545845518847869e-01 2.313413940644331888e+02 1.025900000000000000e+05
5.718545124332512497e-01 2.282122063836576444e+02 1.037700000000000000e+05
5.781226402320145397e-01 2.280850579192441785e+02 1.063460000000000000e+05
5.844054810026423352e-01 2.235988489655610181e+02 1.085460000000000000e+05
5.906692678833675991e-01 2.212524824937514722e+02 1.107260000000000000e+05
5.969160111309492756e-01 2.167381277556849284e+02 1.123220000000000000e+05
6.031708558297608214e-01 2.147897059869515317e+02 1.158900000000000000e+05
6.094688112237535149e-01 2.113444129052356288e+02 1.187660000000000000e+05
6.158118423264375974e-01 2.089910800811924503e+02 1.222980000000000000e+05
6.221022681713845870e-01 2.064046754596215578e+02 1.220900000000000000e+05
6.283660508217905338e-01 2.030120205618601688e+02 1.258100000000000000e+05
6.346461619227155015e-01 2.008336044867777446e+02 1.281900000000000000e+05
6.409396473976692876e-01 1.979467634445915110e+02 1.309940000000000000e+05
6.472371834330832296e-01 1.973206180185554217e+02 1.337220000000000000e+05
6.534767429514126702e-01 1.938737055836684249e+02 1.338860000000000000e+05
6.597637022409679197e-01 1.899875605744260554e+02 1.405380000000000000e+05
6.660751593608625898e-01 1.886042906094464229e+02 1.405940000000000000e+05
6.723401943305717943e-01 1.860105412915627880e+02 1.435940000000000000e+05
6.786079373829640993e-01 1.854741862764541622e+02 1.463100000000000000e+05
6.849135514418230875e-01 1.840618802133035388e+02 1.506500000000000000e+05
6.912250943479077980e-01 1.809565481943722602e+02 1.519140000000000000e+05
6.974710436131158486e-01 1.791185737734464283e+02 1.533980000000000000e+05
7.037307548900212373e-01 1.775186413188131382e+02 1.578660000000000000e+05
7.100217936516199924e-01 1.749739793711326286e+02 1.606580000000000000e+05
7.163250787242370077e-01 1.734878557413099713e+02 1.641020000000000000e+05
7.226009447591926760e-01 1.719325876281797889e+02 1.649940000000000000e+05
7.288716701068771453e-01 1.697399167542040459e+02 1.698500000000000000e+05
7.351879459163250807e-01 1.682651441914811983e+02 1.729860000000000000e+05
7.414685146977839647e-01 1.663177256961701858e+02 1.738940000000000000e+05
7.477104477723024445e-01 1.636831656535577224e+02 1.767780000000000000e+05
7.539885226758882286e-01 1.641464763494887791e+02 1.818020000000000000e+05
7.602914782916944114e-01 1.616145539096875154e+02 1.844300000000000000e+05
7.665892437025125794e-01 1.598802154350191245e+02 1.872420000000000000e+05
7.728738187058056264e-01 1.587102963478549782e+02 1.902500000000000000e+05
7.791494140893913123e-01 1.571064195451331784e+02 1.925700000000000000e+05
7.854515901778583720e-01 1.561572910220837116e+02 1.982540000000000000e+05
7.917409748104085043e-01 1.540639115298101558e+02 1.980740000000000000e+05
7.979940385111662371e-01 1.529624957871761524e+02 2.020500000000000000e+05
8.042571846768763466e-01 1.512995559569802992e+02 2.055020000000000000e+05
8.105619462845171652e-01 1.513174123897356651e+02 2.106660000000000000e+05
8.168641867275381330e-01 1.488360787792677513e+02 2.124260000000000000e+05
8.231256696255031535e-01 1.481751855266195719e+02 2.139180000000000000e+05
8.294110748726144511e-01 1.464259631435488132e+02 2.209940000000000000e+05
8.357113707437004990e-01 1.447831888508862903e+02 2.215220000000000000e+05
8.419948002460609926e-01 1.428208712799405760e+02 2.263140000000000000e+05
8.482593350903800955e-01 1.427829329710654349e+02 2.272940000000000000e+05
8.545301115901441369e-01 1.420799238947658125e+02 2.329620000000000000e+05
8.608435414229801408e-01 1.403794781217153513e+02 2.378180000000000000e+05
8.671393362117422177e-01 1.387385572062551660e+02 2.383980000000000000e+05
8.733948081113820372e-01 1.375163739517413148e+02 2.414180000000000000e+05
8.796646205952306508e-01 1.368308665688019232e+02 2.468180000000000000e+05
8.859565087287600837e-01 1.359040635305600517e+02 2.499060000000000000e+05
8.922534924202312201e-01 1.353394880197261330e+02 2.547020000000000000e+05
8.985217857854136403e-01 1.338255263904734420e+02 2.544180000000000000e+05
9.047744920414614311e-01 1.333293993655121881e+02 2.603540000000000000e+05
9.110610772062064378e-01 1.318963963713943315e+02 2.649740000000000000e+05
9.173652030728716156e-01 1.305039599850558716e+02 2.687220000000000000e+05
9.236564978724189912e-01 1.293028633571422858e+02 2.715620000000000000e+05
9.299448038968107788e-01 1.290533355720247641e+02 2.755860000000000000e+05
9.362445064485998003e-01 1.269681741954334200e+02 2.801900000000000000e+05
9.425390102875164100e-01 1.264568980777813323e+02 2.828340000000000000e+05
9.488116425969939094e-01 1.256898367338671818e+02 2.851700000000000000e+05
9.550714374598537892e-01 1.249280014355126411e+02 2.898860000000000000e+05
9.613552636148307018e-01 1.243649548556500122e+02 2.944740000000000000e+05
9.676548604748713700e-01 1.228031397590227982e+02 2.994980000000000000e+05
9.739319897320198871e-01 1.220756183971205644e+02 2.999580000000000000e+05
9.801989291478477861e-01 1.211892693340480207e+02 3.058580000000000000e+05
9.864886628427461668e-01 1.206659154673029661e+02 3.107940000000000000e+05
9.927793936164199806e-01 1.198307908653140004e+02 3.130820000000000000e+05
9.990361166530091763e-01 1.187776564980511580e+02 3.160460000000000000e+05
1.005310172388236056e+00 1.179520917597792504e+02 3.222180000000000000e+05
1.011625805491854102e+00 1.171543355355737788e+02 3.285620000000000000e+05
1.017917766942204150e+00 1.165248315764257256e+02 3.279900000000000000e+05
1.024197689983066040e+00 1.153434789357549022e+02 3.352820000000000000e+05
1.030472573734562358e+00 1.151239085472108741e+02 3.359700000000000000e+05
1.036757776698311151e+00 1.141678386328272836e+02 3.440660000000000000e+05
1.043033361905228329e+00 1.136017190467136260e+02 3.437180000000000000e+05
1.049301684494551079e+00 1.118811998294949319e+02 3.514980000000000000e+05
1.055593059295673708e+00 1.115386682282440916e+02 3.544580000000000000e+05
1.061871457102441241e+00 1.112814025582749764e+02 3.585660000000000000e+05
1.068178001041605985e+00 1.103354573512015975e+02 3.661220000000000000e+05
1.074470180493512173e+00 1.098273335583497214e+02 3.658100000000000000e+05
1.080737053769623701e+00 1.092925500701687440e+02 3.716220000000000000e+05
1.087020489212936480e+00 1.079617851474805548e+02 3.759860000000000000e+05
1.093314462971749057e+00 1.073938416193296206e+02 3.821700000000000000e+05
1.099587869600829659e+00 1.070185278776942539e+02 3.818180000000000000e+05
1.105847463881620474e+00 1.061631139124190781e+02 3.895740000000000000e+05
1.112134280670179054e+00 1.058623720847427023e+02 3.936980000000000000e+05
1.118428377412835406e+00 1.048583123807490409e+02 3.994580000000000000e+05
1.124715645780198781e+00 1.045667058773339448e+02 4.022220000000000000e+05
1.130996124361501431e+00 1.041673646430822657e+02 4.069220000000000000e+05
1.137284456696317392e+00 1.032733659018476828e+02 4.128420000000000000e+05
1.143571288435853983e+00 1.027482024478958778e+02 4.153460000000000000e+05
1.149847667202570811e+00 1.020757100146214782e+02 4.211820000000000000e+05
1.156130444085272213e+00 1.014936382505730990e+02 4.250180000000000000e+05
1.162419353814765133e+00 1.006245133758226586e+02 4.311380000000000000e+05
1.168705445387328012e+00 1.000863346947925407e+02 4.343820000000000000e+05
1.174988745725767281e+00 9.923787340093933551e+01 4.395140000000000000e+05
1.181273977502684147e+00 9.905704810654961534e+01 4.447380000000000000e+05
1.187562659051211167e+00 9.833656631179826491e+01 4.489100000000000000e+05
1.193823213156303353e+00 9.781217191517410470e+01 4.506180000000000000e+05
1.200093696126397269e+00 9.683473756195171234e+01 4.595540000000000000e+05
1.206384684590767753e+00 9.675206740521635140e+01 4.631060000000000000e+05
1.212657716259795793e+00 9.596346091650192989e+01 4.670940000000000000e+05
1.218950061014193453e+00 9.550294884607521340e+01 4.749380000000000000e+05
1.225240784026401242e+00 9.492487605652625859e+01 4.771860000000000000e+05
1.231532244371714047e+00 9.413548989572517200e+01 4.846700000000000000e+05
1.237823116543606217e+00 9.408909179059263295e+01 4.870100000000000000e+05
1.244104630523539479e+00 9.353903099329461668e+01 4.933140000000000000e+05
1.250385916236761652e+00 9.300978017722707136e+01 4.963220000000000000e+05
1.256652750742101254e+00 9.213763868126949319e+01 5.017020000000000000e+05
1.262935091931613352e+00 9.174138203170588213e+01 5.085620000000000000e+05
1.269233477511062080e+00 9.126989008401606895e+01 5.142420000000000000e+05
1.275514616938773216e+00 9.090796694526021327e+01 5.161580000000000000e+05
1.281786872211649220e+00 9.057196290840984432e+01 5.226020000000000000e+05
1.288079462048372426e+00 8.970693408032988714e+01 5.306580000000000000e+05
1.294361149637119013e+00 8.951640798258564757e+01 5.300420000000000000e+05
1.300627926004322754e+00 8.912228510652941793e+01 5.388780000000000000e+05
1.306914643728855463e+00 8.862528338351953039e+01 5.441300000000000000e+05
1.313214369136572968e+00 8.813486070047135001e+01 5.511060000000000000e+05
1.319506178663429896e+00 8.763895588208528409e+01 5.539820000000000000e+05
1.325784332573166857e+00 8.688105986884094989e+01 5.582420000000000000e+05
1.332057263563118710e+00 8.645462648887978219e+01 5.645460000000000000e+05
1.338340549575027794e+00 8.596692350685076178e+01 5.704940000000000000e+05
1.344633835480066875e+00 8.572566245560496156e+01 5.767620000000000000e+05
1.350907484373135237e+00 8.515201392929124324e+01 5.782340000000000000e+05
1.357175487163077676e+00 8.467765592166055910e+01 5.856660000000000000e+05
1.363467141694861828e+00 8.438438987024915150e+01 5.944460000000000000e+05
1.369755686854475130e+00 8.422784080211698665e+01 5.952500000000000000e+05
1.376032186684321701e+00 8.351238825166616664e+01 6.034020000000000000e+05
1.382313839440675540e+00 8.302313112997241262e+01 6.073820000000000000e+05
1.388610058625191268e+00 8.276807937997196518e+01 6.170100000000000000e+05
1.394895499348251855e+00 8.223759719878759711e+01 6.167780000000000000e+05
1.401166240321837453e+00 8.167664290255444826e+01 6.247460000000000000e+05
1.407434432864556273e+00 8.131713060357392919e+01 6.280620000000000000e+05
1.413722933193898301e+00 8.101376430234921600e+01 6.394100000000000000e+05
1.420027475896342928e+00 8.052621871138632059e+01 6.429540000000000000e+05
1.426307149789788564e+00 8.032160091766129995e+01 6.459740000000000000e+05
1.432584485912613337e+00 7.988260877858043330e+01 6.534900000000000000e+05
1.438876982104692948e+00 7.958554169698057024e+01 6.607460000000000000e+05
1.445167658311597991e+00 7.899358181057604611e+01 6.646460000000000000e+05
1.451434581318592487e+00 7.851033547510802180e+01 6.672900000000000000e+05
1.457714146029685631e+00 7.836886563392783955e+01 6.790340000000000000e+05
1.464013702919821469e+00 7.798430633436943538e+01 6.827220000000000000e+05
1.470311375243267715e+00 7.751133827446979296e+01 6.912380000000000000e+05
1.476585168270965198e+00 7.732590003002407286e+01 6.886020000000000000e+05
1.482847620858654736e+00 7.689369533282517466e+01 7.008260000000000000e+05
1.489134257848029552e+00 7.644348859560483334e+01 7.056620000000000000e+05
1.495410090151012339e+00 7.579200797030749470e+01 7.100820000000000000e+05
1.501688804650891385e+00 7.565935935796716194e+01 7.191620000000000000e+05
1.507973225127458239e+00 7.541454104601449160e+01 7.222500000000000000e+05
1.514255586288884459e+00 7.525242337554242056e+01 7.315100000000000000e+05
1.520548655276809047e+00 7.464212380676961800e+01 7.364420000000000000e+05
1.526828765310179747e+00 7.441424996033535422e+01 7.408980000000000000e+05
1.533114430439595610e+00 7.406376912606624785e+01 7.501580000000000000e+05
1.539410813276927970e+00 7.354158255026761992e+01 7.548660000000000000e+05
1.545694858079805112e+00 7.319102865943803238e+01 7.608260000000000000e+05
1.551969964575633298e+00 7.279219234749531608e+01 7.640340000000000000e+05
1.558245721095042446e+00 7.267081014946657547e+01 7.738460000000000000e+05
1.564534844516594525e+00 7.232371196368958977e+01 7.797140000000000000e+05
1.570816980798636520e+00 7.188153044088596744e+01 7.843140000000000000e+05
1.577093092211928615e+00 7.140852037571447397e+01 7.913420000000000000e+05
1.583381338673179872e+00 7.091437288405776940e+01 7.994580000000000000e+05
1.589671280639133322e+00 7.083457941827361992e+01 8.049620000000000000e+05
1.595952830483094553e+00 7.071107628895069297e+01 8.095500000000000000e+05
1.602217313416965272e+00 7.040178620297353973e+01 8.134580000000000000e+05
