# Real space DM power spectrum.
# The power spectum is corrected for shot-noise and window function.
# Ngrid=512	Interlacing was set to True.
# redshift=0.823800	model=tabulated	Hz_file=/g100/home/userexternal/mbaldi00/SOURCE/DAKAR2/DSC_m09_m02_Hz.dat	zDf_file=None	H0=67.66	Om=0.311049	Ob=0.04897468161869667	sigma8=0.7882104124	ns=0.9665	Tcmb=0.0	Neff=3.046	m_nu=[0]	Fid_model=w0waCDM	Fid_H0=67.659	Fid_Om=0.311438	Fid_w0=-0.9001	Fid_wa=-0.2025	
# n_dm=1.073742e+00[h/Mpc]^3
# k[h/Mpc]		Pk_dm[Mpc^3/h^3]		Nmodes
8.018239401280879974e-03 8.011849059369828865e+03 1.800000000000000000e+01
1.401654949351664563e-02 9.546938637102803114e+03 6.200000000000000000e+01
1.969250245970122562e-02 7.063729391711098287e+03 9.800000000000000000e+01
2.551337480545044084e-02 1.073247343933014781e+04 2.100000000000000000e+02
3.202906010406358223e-02 8.336170820282526620e+03 3.500000000000000000e+02
3.846520933840009981e-02 7.184361455203162222e+03 4.500000000000000000e+02
4.443307405343879801e-02 5.741008876760933163e+03 6.020000000000000000e+02
5.042305588722229004e-02 5.128559819157668244e+03 7.620000000000000000e+02
5.690925724269420977e-02 4.837212285131164208e+03 1.142000000000000000e+03
6.341842361688614094e-02 4.184547877425384286e+03 1.250000000000000000e+03
6.949987936003544642e-02 3.976928073858854532e+03 1.458000000000000000e+03
7.558128466088295805e-02 3.977343760115571968e+03 1.814000000000000000e+03
8.196268225887480552e-02 3.235204811493336820e+03 2.178000000000000000e+03
8.830226267620121250e-02 2.926378124983430553e+03 2.498000000000000000e+03
9.435210882776298713e-02 2.602196061101967189e+03 2.622000000000000000e+03
1.005600000334900268e-01 2.476541415591951591e+03 3.338000000000000000e+03
1.070138172820522676e-01 2.113476253997120239e+03 3.722000000000000000e+03
1.134272720352065417e-01 1.983627430422986436e+03 4.170000000000000000e+03
1.196088736356262089e-01 1.925395891743879247e+03 4.358000000000000000e+03
1.257803526943431782e-01 1.825322749733687942e+03 5.034000000000000000e+03
1.321489366516601371e-01 1.708512674625244472e+03 5.714000000000000000e+03
1.384562346816501366e-01 1.576450322360188920e+03 5.982000000000000000e+03
1.446496334058954558e-01 1.516050349645923689e+03 6.602000000000000000e+03
1.508534077925902661e-01 1.378172043484290725e+03 7.130000000000000000e+03
1.571727997187746806e-01 1.283037559675820148e+03 8.034000000000000000e+03
1.635416756874734368e-01 1.173897169175326326e+03 8.606000000000000000e+03
1.698255044437522454e-01 1.095626034583999171e+03 9.066000000000000000e+03
1.761012440422073944e-01 1.075675684050560221e+03 9.962000000000000000e+03
1.823997330750334323e-01 1.015145359889839483e+03 1.055000000000000000e+04
1.886505794152418258e-01 1.007384016816084682e+03 1.122600000000000000e+04
1.949080233860110145e-01 9.410713943692343264e+02 1.214600000000000000e+04
2.011423980633682551e-01 8.850849395227985497e+02 1.260600000000000000e+04
2.073952711124279202e-01 8.294186267080972357e+02 1.380200000000000000e+04
2.137387912274538171e-01 7.987791966066234863e+02 1.475400000000000000e+04
2.200329442788883927e-01 7.827496041069692865e+02 1.519400000000000000e+04
2.262928915227388205e-01 7.272716068042590223e+02 1.645400000000000000e+04
2.325983565681614684e-01 6.953405090681500269e+02 1.715400000000000000e+04
2.388889575828848644e-01 6.779420487163075677e+02 1.826600000000000000e+04
2.451217204984029174e-01 6.458539574253844648e+02 1.875000000000000000e+04
2.513735730109318833e-01 6.253026400625299175e+02 2.023400000000000000e+04
2.577068704519516196e-01 5.942803324370395330e+02 2.145000000000000000e+04
2.640202590165574015e-01 5.868182903932380441e+02 2.196200000000000000e+04
2.702896249217050517e-01 5.616512790791225598e+02 2.346200000000000000e+04
2.765613443273721161e-01 5.399045895791155090e+02 2.404200000000000000e+04
2.828696817722480827e-01 5.257680915932716061e+02 2.594600000000000000e+04
2.891484548613966754e-01 4.940943302318781889e+02 2.611800000000000000e+04
2.953521325173381618e-01 4.856594939745010606e+02 2.750600000000000000e+04
3.016073414663040242e-01 4.788731912903814418e+02 2.906600000000000000e+04
3.079380380657114613e-01 4.586606971298180042e+02 3.045000000000000000e+04
3.142758188292146815e-01 4.394246096287743626e+02 3.174200000000000000e+04
3.205460861690284657e-01 4.316354681230589563e+02 3.225000000000000000e+04
3.268125857401938394e-01 4.144572029728298048e+02 3.425000000000000000e+04
3.331235790942642661e-01 4.076881279810340857e+02 3.545400000000000000e+04
3.394044287142444771e-01 3.988071360080271006e+02 3.643400000000000000e+04
3.456389225992096970e-01 3.833232552078801518e+02 3.768200000000000000e+04
3.518805674449744791e-01 3.722523186937715423e+02 3.929400000000000000e+04
3.582029755837912721e-01 3.632819734230671429e+02 4.142600000000000000e+04
3.645115539318926068e-01 3.554719722478064341e+02 4.206600000000000000e+04
3.707638220461956791e-01 3.440063872437335704e+02 4.349000000000000000e+04
3.770538406945189158e-01 3.365014155987686308e+02 4.570200000000000000e+04
3.833585849945114754e-01 3.312864584435258166e+02 4.663400000000000000e+04
3.896511111060295685e-01 3.228127355874308932e+02 4.855400000000000000e+04
3.958767350353735170e-01 3.155442452584109105e+02 4.887000000000000000e+04
4.021123550664917334e-01 3.073620979165199856e+02 5.155400000000000000e+04
4.084534706459355680e-01 3.012738354952680311e+02 5.409000000000000000e+04
4.147693430455148822e-01 2.985411338822832477e+02 5.431400000000000000e+04
4.210541279197388409e-01 2.886149434594734089e+02 5.691000000000000000e+04
4.273285528543883660e-01 2.833171552097343806e+02 5.748200000000000000e+04
4.336210871857300031e-01 2.773456542999927592e+02 6.062600000000000000e+04
4.399178901492071248e-01 2.680069841273418660e+02 6.120600000000000000e+04
4.461481615369914944e-01 2.640480125700225358e+02 6.257000000000000000e+04
4.524185591367541615e-01 2.606555631700977642e+02 6.573000000000000000e+04
4.587151924004577719e-01 2.529327268510510862e+02 6.668600000000000000e+04
4.650253487526455620e-01 2.508356147837018284e+02 6.969800000000000000e+04
4.713138026405762626e-01 2.441230572271724384e+02 7.002600000000000000e+04
4.775801322871031096e-01 2.417915487860091730e+02 7.274600000000000000e+04
4.838809178367569630e-01 2.351588656512555815e+02 7.491000000000000000e+04
4.901499165155780435e-01 2.328351389557191737e+02 7.572200000000000000e+04
4.963993143780123241e-01 2.284031590401233700e+02 7.837800000000000000e+04
5.026659111298577010e-01 2.250680026784146150e+02 8.003000000000000000e+04
5.089643413427887841e-01 2.212763566021690735e+02 8.318600000000000000e+04
5.152747315442799403e-01 2.168479512779345271e+02 8.466600000000000000e+04
5.215661708673858810e-01 2.134169315330267125e+02 8.654600000000000000e+04
5.278286396879566800e-01 2.104090001158331518e+02 8.813400000000000000e+04
5.341160320652750260e-01 2.072540867635828477e+02 9.153800000000000000e+04
5.404304286902661403e-01 2.037966724435296157e+02 9.313800000000000000e+04
5.466976878455739319e-01 2.003410371281724736e+02 9.447800000000000000e+04
5.529595373159058580e-01 1.964399585488091020e+02 9.727400000000000000e+04
5.592440147746206014e-01 1.949199965145609781e+02 9.969000000000000000e+04
5.655545845518847869e-01 1.903061469643259613e+02 1.025900000000000000e+05
5.718545124332512497e-01 1.876931353612041278e+02 1.037700000000000000e+05
5.781226402320145397e-01 1.870581081515049107e+02 1.063460000000000000e+05
5.844054810026423352e-01 1.834125500692405808e+02 1.085460000000000000e+05
5.906692678833675991e-01 1.812610441685162073e+02 1.107260000000000000e+05
5.969160111309492756e-01 1.776310783797835029e+02 1.123220000000000000e+05
6.031708558297608214e-01 1.760136424784520841e+02 1.158900000000000000e+05
6.094688112237535149e-01 1.731293850353065409e+02 1.187660000000000000e+05
6.158118423264375974e-01 1.707894905212650656e+02 1.222980000000000000e+05
6.221022681713845870e-01 1.687228014322647027e+02 1.220900000000000000e+05
6.283660508217905338e-01 1.660826667744028953e+02 1.258100000000000000e+05
6.346461619227155015e-01 1.637371383037681483e+02 1.281900000000000000e+05
6.409396473976692876e-01 1.613561409733332823e+02 1.309940000000000000e+05
6.472371834330832296e-01 1.608360305909070291e+02 1.337220000000000000e+05
6.534767429514126702e-01 1.581005552916289503e+02 1.338860000000000000e+05
6.597637022409679197e-01 1.546226201312719013e+02 1.405380000000000000e+05
6.660751593608625898e-01 1.536500393611712525e+02 1.405940000000000000e+05
6.723401943305717943e-01 1.512591867781430039e+02 1.435940000000000000e+05
6.786079373829640993e-01 1.509053939861117328e+02 1.463100000000000000e+05
6.849135514418230875e-01 1.495323481854243539e+02 1.506500000000000000e+05
6.912250943479077980e-01 1.471368212435974669e+02 1.519140000000000000e+05
6.974710436131158486e-01 1.454955930305423522e+02 1.533980000000000000e+05
7.037307548900212373e-01 1.441050627141737550e+02 1.578660000000000000e+05
7.100217936516199924e-01 1.419707302332123504e+02 1.606580000000000000e+05
7.163250787242370077e-01 1.404665762931618644e+02 1.641020000000000000e+05
7.226009447591926760e-01 1.392754122157405448e+02 1.649940000000000000e+05
7.288716701068771453e-01 1.373397283526732906e+02 1.698500000000000000e+05
7.351879459163250807e-01 1.360155517389127908e+02 1.729860000000000000e+05
7.414685146977839647e-01 1.347221674825457853e+02 1.738940000000000000e+05
7.477104477723024445e-01 1.322717456804841447e+02 1.767780000000000000e+05
7.539885226758882286e-01 1.327194403432842194e+02 1.818020000000000000e+05
7.602914782916944114e-01 1.308435838939633982e+02 1.844300000000000000e+05
7.665892437025125794e-01 1.292854236682146620e+02 1.872420000000000000e+05
7.728738187058056264e-01 1.284251136934528574e+02 1.902500000000000000e+05
7.791494140893913123e-01 1.268670468494900376e+02 1.925700000000000000e+05
7.854515901778583720e-01 1.259836350050550493e+02 1.982540000000000000e+05
7.917409748104085043e-01 1.241744055875865342e+02 1.980740000000000000e+05
7.979940385111662371e-01 1.232390312981882801e+02 2.020500000000000000e+05
8.042571846768763466e-01 1.219308198862851356e+02 2.055020000000000000e+05
8.105619462845171652e-01 1.217372808070407899e+02 2.106660000000000000e+05
8.168641867275381330e-01 1.198647475862876206e+02 2.124260000000000000e+05
8.231256696255031535e-01 1.192065152884909480e+02 2.139180000000000000e+05
8.294110748726144511e-01 1.176326565379396101e+02 2.209940000000000000e+05
8.357113707437004990e-01 1.166230783426749014e+02 2.215220000000000000e+05
8.419948002460609926e-01 1.147802639821154287e+02 2.263140000000000000e+05
8.482593350903800955e-01 1.147482642160609032e+02 2.272940000000000000e+05
8.545301115901441369e-01 1.140912132896027202e+02 2.329620000000000000e+05
8.608435414229801408e-01 1.127549164821422210e+02 2.378180000000000000e+05
8.671393362117422177e-01 1.112141903910973184e+02 2.383980000000000000e+05
8.733948081113820372e-01 1.103068121129388999e+02 2.414180000000000000e+05
8.796646205952306508e-01 1.096517386283761937e+02 2.468180000000000000e+05
8.859565087287600837e-01 1.092002308894870168e+02 2.499060000000000000e+05
8.922534924202312201e-01 1.084368881186652800e+02 2.547020000000000000e+05
8.985217857854136403e-01 1.071423750411192515e+02 2.544180000000000000e+05
9.047744920414614311e-01 1.066432643339782089e+02 2.603540000000000000e+05
9.110610772062064378e-01 1.056206032747131331e+02 2.649740000000000000e+05
9.173652030728716156e-01 1.043469203679050565e+02 2.687220000000000000e+05
9.236564978724189912e-01 1.033353936817090499e+02 2.715620000000000000e+05
9.299448038968107788e-01 1.031256977384628328e+02 2.755860000000000000e+05
9.362445064485998003e-01 1.015546904879492160e+02 2.801900000000000000e+05
9.425390102875164100e-01 1.010539337948450509e+02 2.828340000000000000e+05
9.488116425969939094e-01 1.003518628937016643e+02 2.851700000000000000e+05
9.550714374598537892e-01 9.960899327368350953e+01 2.898860000000000000e+05
9.613552636148307018e-01 9.930159442315003560e+01 2.944740000000000000e+05
9.676548604748713700e-01 9.793554798879395662e+01 2.994980000000000000e+05
9.739319897320198871e-01 9.750541190154451954e+01 2.999580000000000000e+05
9.801989291478477861e-01 9.671735753183915563e+01 3.058580000000000000e+05
9.864886628427461668e-01 9.615459285489731656e+01 3.107940000000000000e+05
9.927793936164199806e-01 9.542476943961720792e+01 3.130820000000000000e+05
9.990361166530091763e-01 9.450961956671837072e+01 3.160460000000000000e+05
1.005310172388236056e+00 9.400915871444968275e+01 3.222180000000000000e+05
1.011625805491854102e+00 9.315179111473386797e+01 3.285620000000000000e+05
1.017917766942204150e+00 9.268043388137404293e+01 3.279900000000000000e+05
1.024197689983066040e+00 9.183553636800596109e+01 3.352820000000000000e+05
1.030472573734562358e+00 9.158579502517021353e+01 3.359700000000000000e+05
1.036757776698311151e+00 9.084039564223826346e+01 3.440660000000000000e+05
1.043033361905228329e+00 9.028081062760261943e+01 3.437180000000000000e+05
1.049301684494551079e+00 8.897124301608489816e+01 3.514980000000000000e+05
1.055593059295673708e+00 8.866790215722862456e+01 3.544580000000000000e+05
1.061871457102441241e+00 8.831023964823889116e+01 3.585660000000000000e+05
1.068178001041605985e+00 8.760589725921039417e+01 3.661220000000000000e+05
1.074470180493512173e+00 8.736406027440449407e+01 3.658100000000000000e+05
1.080737053769623701e+00 8.679304250603098581e+01 3.716220000000000000e+05
1.087020489212936480e+00 8.577060781640972209e+01 3.759860000000000000e+05
1.093314462971749057e+00 8.523291323667268671e+01 3.821700000000000000e+05
1.099587869600829659e+00 8.480470349015882903e+01 3.818180000000000000e+05
1.105847463881620474e+00 8.439342188985082771e+01 3.895740000000000000e+05
1.112134280670179054e+00 8.398942886430469912e+01 3.936980000000000000e+05
1.118428377412835406e+00 8.312692635268101071e+01 3.994580000000000000e+05
1.124715645780198781e+00 8.288772262927690804e+01 4.022220000000000000e+05
1.130996124361501431e+00 8.255156603794418402e+01 4.069220000000000000e+05
1.137284456696317392e+00 8.182867761916325833e+01 4.128420000000000000e+05
1.143571288435853983e+00 8.140885645684264205e+01 4.153460000000000000e+05
1.149847667202570811e+00 8.089868915428081664e+01 4.211820000000000000e+05
1.156130444085272213e+00 8.035483471754626805e+01 4.250180000000000000e+05
1.162419353814765133e+00 7.964374155798243748e+01 4.311380000000000000e+05
1.168705445387328012e+00 7.908111808821124100e+01 4.343820000000000000e+05
1.174988745725767281e+00 7.860313594092669121e+01 4.395140000000000000e+05
1.181273977502684147e+00 7.839935751118784424e+01 4.447380000000000000e+05
1.187562659051211167e+00 7.767670130544955498e+01 4.489100000000000000e+05
1.193823213156303353e+00 7.730414959915476913e+01 4.506180000000000000e+05
1.200093696126397269e+00 7.652587288010801103e+01 4.595540000000000000e+05
1.206384684590767753e+00 7.652597661822589714e+01 4.631060000000000000e+05
1.212657716259795793e+00 7.578565516434069593e+01 4.670940000000000000e+05
1.218950061014193453e+00 7.546846855601630466e+01 4.749380000000000000e+05
1.225240784026401242e+00 7.492915111908048686e+01 4.771860000000000000e+05
1.231532244371714047e+00 7.432769490119281386e+01 4.846700000000000000e+05
1.237823116543606217e+00 7.435658527121931627e+01 4.870100000000000000e+05
1.244104630523539479e+00 7.384574031028135721e+01 4.933140000000000000e+05
1.250385916236761652e+00 7.347883051148588152e+01 4.963220000000000000e+05
1.256652750742101254e+00 7.271736927831713615e+01 5.017020000000000000e+05
1.262935091931613352e+00 7.243349036854583289e+01 5.085620000000000000e+05
1.269233477511062080e+00 7.205535684869106205e+01 5.142420000000000000e+05
1.275514616938773216e+00 7.171617683448017999e+01 5.161580000000000000e+05
1.281786872211649220e+00 7.141630717039123510e+01 5.226020000000000000e+05
1.288079462048372426e+00 7.075832311055275170e+01 5.306580000000000000e+05
1.294361149637119013e+00 7.061277393094445642e+01 5.300420000000000000e+05
1.300627926004322754e+00 7.027912580145479637e+01 5.388780000000000000e+05
1.306914643728855463e+00 6.982692269765401250e+01 5.441300000000000000e+05
1.313214369136572968e+00 6.949528138179218217e+01 5.511060000000000000e+05
1.319506178663429896e+00 6.915132270988834762e+01 5.539820000000000000e+05
1.325784332573166857e+00 6.846624335557250163e+01 5.582420000000000000e+05
1.332057263563118710e+00 6.817583255534735542e+01 5.645460000000000000e+05
1.338340549575027794e+00 6.776749634372546893e+01 5.704940000000000000e+05
1.344633835480066875e+00 6.759183949223358923e+01 5.767620000000000000e+05
1.350907484373135237e+00 6.715350813405954966e+01 5.782340000000000000e+05
1.357175487163077676e+00 6.675579602199077556e+01 5.856660000000000000e+05
1.363467141694861828e+00 6.658710634912192461e+01 5.944460000000000000e+05
1.369755686854475130e+00 6.631590464084021619e+01 5.952500000000000000e+05
1.376032186684321701e+00 6.571348138692259511e+01 6.034020000000000000e+05
1.382313839440675540e+00 6.536317413421026856e+01 6.073820000000000000e+05
1.388610058625191268e+00 6.521851616381664485e+01 6.170100000000000000e+05
1.394895499348251855e+00 6.474303027195168170e+01 6.167780000000000000e+05
1.401166240321837453e+00 6.434766120439230974e+01 6.247460000000000000e+05
1.407434432864556273e+00 6.402785024590224339e+01 6.280620000000000000e+05
1.413722933193898301e+00 6.393227980883176542e+01 6.394100000000000000e+05
1.420027475896342928e+00 6.328002069410980823e+01 6.429540000000000000e+05
1.426307149789788564e+00 6.322790364811174868e+01 6.459740000000000000e+05
1.432584485912613337e+00 6.300287687755670163e+01 6.534900000000000000e+05
1.438876982104692948e+00 6.272081001491211794e+01 6.607460000000000000e+05
1.445167658311597991e+00 6.222920498441595072e+01 6.646460000000000000e+05
1.451434581318592487e+00 6.183135032622223548e+01 6.672900000000000000e+05
1.457714146029685631e+00 6.170472805024277818e+01 6.790340000000000000e+05
1.464013702919821469e+00 6.131639172197962040e+01 6.827220000000000000e+05
1.470311375243267715e+00 6.094878239646539697e+01 6.912380000000000000e+05
1.476585168270965198e+00 6.086182353881434182e+01 6.886020000000000000e+05
1.482847620858654736e+00 6.045802085727774511e+01 7.008260000000000000e+05
1.489134257848029552e+00 6.013019412884878534e+01 7.056620000000000000e+05
1.495410090151012339e+00 5.968431899917458594e+01 7.100820000000000000e+05
1.501688804650891385e+00 5.954193379877466441e+01 7.191620000000000000e+05
1.507973225127458239e+00 5.938455143023048777e+01 7.222500000000000000e+05
1.514255586288884459e+00 5.919921836125689651e+01 7.315100000000000000e+05
1.520548655276809047e+00 5.868347940571698729e+01 7.364420000000000000e+05
1.526828765310179747e+00 5.856901350403502704e+01 7.408980000000000000e+05
1.533114430439595610e+00 5.821833389775434142e+01 7.501580000000000000e+05
1.539410813276927970e+00 5.775267167072078678e+01 7.548660000000000000e+05
1.545694858079805112e+00 5.749170713257118592e+01 7.608260000000000000e+05
1.551969964575633298e+00 5.726431793352944766e+01 7.640340000000000000e+05
1.558245721095042446e+00 5.714678598962081679e+01 7.738460000000000000e+05
1.564534844516594525e+00 5.686356119045735369e+01 7.797140000000000000e+05
1.570816980798636520e+00 5.650765212174337648e+01 7.843140000000000000e+05
1.577093092211928615e+00 5.614548113351577285e+01 7.913420000000000000e+05
1.583381338673179872e+00 5.585543045055907641e+01 7.994580000000000000e+05
1.589671280639133322e+00 5.562824172779879461e+01 8.049620000000000000e+05
1.595952830483094553e+00 5.551672881195730724e+01 8.095500000000000000e+05
1.602217313416965272e+00 5.536440750610165651e+01 8.134580000000000000e+05
