# Real space DM power spectrum.
# The power spectum is corrected for shot-noise and window function.
# Ngrid=512	Interlacing was set to True.
# redshift=0.000031	model=tabulated	Hz_file=/g100/home/userexternal/mbaldi00/SOURCE/DAKAR2/DSC_m09_m02_Hz.dat	zDf_file=None	H0=67.66	Om=0.311049	Ob=0.04897468161869667	sigma8=0.7882104124	ns=0.9665	Tcmb=0.0	Neff=3.046	m_nu=[0]	Fid_model=w0waCDM	Fid_H0=67.659	Fid_Om=0.311438	Fid_w0=-0.9001	Fid_wa=-0.2025	
# n_dm=1.073742e+00[h/Mpc]^3
# k[h/Mpc]		Pk_dm[Mpc^3/h^3]		Nmodes
8.018239401280879974e-03 1.788600791353649402e+04 1.800000000000000000e+01
1.401654949351664563e-02 2.133647593548989971e+04 6.200000000000000000e+01
1.969250245970122562e-02 1.570042582028252582e+04 9.800000000000000000e+01
2.551337480545044084e-02 2.374429962980634082e+04 2.100000000000000000e+02
3.202906010406358223e-02 1.846868010599681293e+04 3.500000000000000000e+02
3.846520933840009981e-02 1.589675645520316175e+04 4.500000000000000000e+02
4.443307405343879801e-02 1.265508362759149713e+04 6.020000000000000000e+02
5.042305588722229004e-02 1.134154636771409787e+04 7.620000000000000000e+02
5.690925724269420977e-02 1.075048636569158407e+04 1.142000000000000000e+03
6.341842361688614094e-02 9.215528677425385467e+03 1.250000000000000000e+03
6.949987936003544642e-02 8.806892408563930076e+03 1.458000000000000000e+03
7.558128466088295805e-02 8.808106714911602467e+03 1.814000000000000000e+03
8.196268225887480552e-02 7.158489705891867743e+03 2.178000000000000000e+03
8.830226267620121250e-02 6.455356107369339043e+03 2.498000000000000000e+03
9.435210882776298713e-02 5.759307045083661251e+03 2.622000000000000000e+03
1.005600000334900268e-01 5.528422182518254886e+03 3.338000000000000000e+03
1.070138172820522676e-01 4.754834394781644733e+03 3.722000000000000000e+03
1.134272720352065417e-01 4.522071555123226062e+03 4.170000000000000000e+03
1.196088736356262089e-01 4.362243987200510674e+03 4.358000000000000000e+03
1.257803526943431782e-01 4.109836257878304423e+03 5.034000000000000000e+03
1.321489366516601371e-01 3.875095978790452591e+03 5.714000000000000000e+03
1.384562346816501366e-01 3.560826952249857641e+03 5.982000000000000000e+03
1.446496334058954558e-01 3.471156226652891291e+03 6.602000000000000000e+03
1.508534077925902661e-01 3.177658298743757769e+03 7.130000000000000000e+03
1.571727997187746806e-01 2.982959640830911212e+03 8.034000000000000000e+03
1.635416756874734368e-01 2.780885781771189613e+03 8.606000000000000000e+03
1.698255044437522454e-01 2.599061618082785571e+03 9.066000000000000000e+03
1.761012440422073944e-01 2.547488271884328697e+03 9.962000000000000000e+03
1.823997330750334323e-01 2.409095028136284782e+03 1.055000000000000000e+04
1.886505794152418258e-01 2.386261622374609487e+03 1.122600000000000000e+04
1.949080233860110145e-01 2.233075593282456794e+03 1.214600000000000000e+04
2.011423980633682551e-01 2.155158793243249420e+03 1.260600000000000000e+04
2.073952711124279202e-01 1.993686703798374083e+03 1.380200000000000000e+04
2.137387912274538171e-01 1.930651570200225024e+03 1.475400000000000000e+04
2.200329442788883927e-01 1.927164899618355321e+03 1.519400000000000000e+04
2.262928915227388205e-01 1.801040112942584074e+03 1.645400000000000000e+04
2.325983565681614684e-01 1.747722635685848445e+03 1.715400000000000000e+04
2.388889575828848644e-01 1.716189448256436663e+03 1.826600000000000000e+04
2.451217204984029174e-01 1.646052997425384547e+03 1.875000000000000000e+04
2.513735730109318833e-01 1.595064427153564793e+03 2.023400000000000000e+04
2.577068704519516196e-01 1.522974877891585038e+03 2.145000000000000000e+04
2.640202590165574015e-01 1.491651320171946736e+03 2.196200000000000000e+04
2.702896249217050517e-01 1.439831954213382232e+03 2.346200000000000000e+04
2.765613443273721161e-01 1.412830926822273341e+03 2.404200000000000000e+04
2.828696817722480827e-01 1.376441374565598835e+03 2.594600000000000000e+04
2.891484548613966754e-01 1.318592530706646585e+03 2.611800000000000000e+04
2.953521325173381618e-01 1.286782630744660310e+03 2.750600000000000000e+04
3.016073414663040242e-01 1.283928513660160661e+03 2.906600000000000000e+04
3.079380380657114613e-01 1.221325623238192293e+03 3.045000000000000000e+04
3.142758188292146815e-01 1.185947008973491165e+03 3.174200000000000000e+04
3.205460861690284657e-01 1.170316677425384569e+03 3.225000000000000000e+04
3.268125857401938394e-01 1.146631889104216725e+03 3.425000000000000000e+04
3.331235790942642661e-01 1.109733087647080310e+03 3.545400000000000000e+04
3.394044287142444771e-01 1.106315205393765609e+03 3.643400000000000000e+04
3.456389225992096970e-01 1.075330234667569130e+03 3.768200000000000000e+04
3.518805674449744791e-01 1.044969527427929506e+03 3.929400000000000000e+04
3.582029755837912721e-01 1.022134481509776037e+03 4.142600000000000000e+04
3.645115539318926068e-01 1.005735819535402129e+03 4.206600000000000000e+04
3.707638220461956791e-01 9.845409239188313677e+02 4.349000000000000000e+04
3.770538406945189158e-01 9.675476061374760093e+02 4.570200000000000000e+04
3.833585849945114754e-01 9.500742956438517695e+02 4.663400000000000000e+04
3.896511111060295685e-01 9.441943519321192753e+02 4.855400000000000000e+04
3.958767350353735170e-01 9.197121805970643891e+02 4.887000000000000000e+04
4.021123550664917334e-01 9.010652635292755122e+02 5.155400000000000000e+04
4.084534706459355680e-01 8.953686219622675253e+02 5.409000000000000000e+04
4.147693430455148822e-01 8.861726285245485997e+02 5.431400000000000000e+04
4.210541279197388409e-01 8.597868640358220773e+02 5.691000000000000000e+04
4.273285528543883660e-01 8.468489216757585609e+02 5.748200000000000000e+04
4.336210871857300031e-01 8.341313897930155008e+02 6.062600000000000000e+04
4.399178901492071248e-01 8.074874598976912239e+02 6.120600000000000000e+04
4.461481615369914944e-01 8.019122126659151490e+02 6.257000000000000000e+04
4.524185591367541615e-01 7.965534180308919758e+02 6.573000000000000000e+04
4.587151924004577719e-01 7.820647485647541544e+02 6.668600000000000000e+04
4.650253487526455620e-01 7.790287910584873998e+02 6.969800000000000000e+04
4.713138026405762626e-01 7.597259190213632110e+02 7.002600000000000000e+04
4.775801322871031096e-01 7.541631156075526405e+02 7.274600000000000000e+04
4.838809178367569630e-01 7.393386547314852351e+02 7.491000000000000000e+04
4.901499165155780435e-01 7.325599217137023516e+02 7.572200000000000000e+04
4.963993143780123241e-01 7.240787057496592070e+02 7.837800000000000000e+04
5.026659111298577010e-01 7.159433994046422640e+02 8.003000000000000000e+04
5.089643413427887841e-01 7.142828721216075110e+02 8.318600000000000000e+04
5.152747315442799403e-01 6.977578797025677204e+02 8.466600000000000000e+04
5.215661708673858810e-01 6.886974066560826486e+02 8.654600000000000000e+04
5.278286396879566800e-01 6.782449771508025833e+02 8.813400000000000000e+04
5.341160320652750260e-01 6.800712337407944688e+02 9.153800000000000000e+04
5.404304286902661403e-01 6.727688212979177251e+02 9.313800000000000000e+04
5.466976878455739319e-01 6.611301520543987635e+02 9.447800000000000000e+04
5.529595373159058580e-01 6.467631898336334189e+02 9.727400000000000000e+04
5.592440147746206014e-01 6.513653972568621384e+02 9.969000000000000000e+04
5.655545845518847869e-01 6.362889133158222421e+02 1.025900000000000000e+05
5.718545124332512497e-01 6.307845105178005269e+02 1.037700000000000000e+05
5.781226402320145397e-01 6.305146368408773014e+02 1.063460000000000000e+05
5.844054810026423352e-01 6.225790785456468939e+02 1.085460000000000000e+05
5.906692678833675991e-01 6.193400500027375983e+02 1.107260000000000000e+05
5.969160111309492756e-01 6.065977456399818948e+02 1.123220000000000000e+05
6.031708558297608214e-01 6.007127191891260054e+02 1.158900000000000000e+05
6.094688112237535149e-01 5.948249713142079145e+02 1.187660000000000000e+05
6.158118423264375974e-01 5.943337512614243678e+02 1.222980000000000000e+05
6.221022681713845870e-01 5.835750579643312221e+02 1.220900000000000000e+05
6.283660508217905338e-01 5.744017670049091748e+02 1.258100000000000000e+05
6.346461619227155015e-01 5.766134469081835050e+02 1.281900000000000000e+05
6.409396473976692876e-01 5.737322498027452866e+02 1.309940000000000000e+05
6.472371834330832296e-01 5.673542848796553244e+02 1.337220000000000000e+05
6.534767429514126702e-01 5.589375808208104672e+02 1.338860000000000000e+05
6.597637022409679197e-01 5.552991062062125138e+02 1.405380000000000000e+05
6.660751593608625898e-01 5.496597979568439314e+02 1.405940000000000000e+05
6.723401943305717943e-01 5.458094604664586313e+02 1.435940000000000000e+05
6.786079373829640993e-01 5.400562790930763413e+02 1.463100000000000000e+05
6.849135514418230875e-01 5.377176784210698770e+02 1.506500000000000000e+05
6.912250943479077980e-01 5.337002189554607412e+02 1.519140000000000000e+05
6.974710436131158486e-01 5.289302401576235297e+02 1.533980000000000000e+05
7.037307548900212373e-01 5.242278884017822520e+02 1.578660000000000000e+05
7.100217936516199924e-01 5.190742046944903905e+02 1.606580000000000000e+05
7.163250787242370077e-01 5.148972718361777652e+02 1.641020000000000000e+05
7.226009447591926760e-01 5.136249885639714421e+02 1.649940000000000000e+05
7.288716701068771453e-01 5.077509735690406387e+02 1.698500000000000000e+05
7.351879459163250807e-01 5.040338422364096687e+02 1.729860000000000000e+05
7.414685146977839647e-01 4.995618514279378246e+02 1.738940000000000000e+05
7.477104477723024445e-01 4.983580912664733660e+02 1.767780000000000000e+05
7.539885226758882286e-01 4.934028211641772828e+02 1.818020000000000000e+05
7.602914782916944114e-01 4.888974905252056260e+02 1.844300000000000000e+05
7.665892437025125794e-01 4.900219464569052548e+02 1.872420000000000000e+05
7.728738187058056264e-01 4.843901807105356738e+02 1.902500000000000000e+05
7.791494140893913123e-01 4.791930166267138702e+02 1.925700000000000000e+05
7.854515901778583720e-01 4.770543725437680109e+02 1.982540000000000000e+05
7.917409748104085043e-01 4.741127518622111552e+02 1.980740000000000000e+05
7.979940385111662371e-01 4.699291970987326863e+02 2.020500000000000000e+05
8.042571846768763466e-01 4.656896154211217436e+02 2.055020000000000000e+05
8.105619462845171652e-01 4.654599128406864565e+02 2.106660000000000000e+05
8.168641867275381330e-01 4.610828564806790837e+02 2.124260000000000000e+05
8.231256696255031535e-01 4.606651396211792076e+02 2.139180000000000000e+05
8.294110748726144511e-01 4.574123066641873265e+02 2.209940000000000000e+05
8.357113707437004990e-01 4.510352721654103334e+02 2.215220000000000000e+05
8.419948002460609926e-01 4.494001284182527911e+02 2.263140000000000000e+05
8.482593350903800955e-01 4.449349123457959081e+02 2.272940000000000000e+05
8.545301115901441369e-01 4.457332836701798442e+02 2.329620000000000000e+05
8.608435414229801408e-01 4.413815721600135475e+02 2.378180000000000000e+05
8.671393362117422177e-01 4.387696816284399119e+02 2.383980000000000000e+05
8.733948081113820372e-01 4.350235109506394906e+02 2.414180000000000000e+05
8.796646205952306508e-01 4.329062095340637484e+02 2.468180000000000000e+05
8.859565087287600837e-01 4.292261926511093861e+02 2.499060000000000000e+05
8.922534924202312201e-01 4.275887204560634700e+02 2.547020000000000000e+05
8.985217857854136403e-01 4.265503807639847196e+02 2.544180000000000000e+05
9.047744920414614311e-01 4.240814830669341404e+02 2.603540000000000000e+05
9.110610772062064378e-01 4.211152782239534531e+02 2.649740000000000000e+05
9.173652030728716156e-01 4.167293676554364197e+02 2.687220000000000000e+05
9.236564978724189912e-01 4.163676220494483005e+02 2.715620000000000000e+05
9.299448038968107788e-01 4.127932933347557878e+02 2.755860000000000000e+05
9.362445064485998003e-01 4.116469707263588589e+02 2.801900000000000000e+05
9.425390102875164100e-01 4.066660949918722849e+02 2.828340000000000000e+05
9.488116425969939094e-01 4.069731274025911034e+02 2.851700000000000000e+05
9.550714374598537892e-01 4.036459802271755848e+02 2.898860000000000000e+05
9.613552636148307018e-01 4.023910216730940306e+02 2.944740000000000000e+05
9.676548604748713700e-01 3.978436942869328163e+02 2.994980000000000000e+05
9.739319897320198871e-01 3.990286184837993346e+02 2.999580000000000000e+05
9.801989291478477861e-01 3.942764405049835545e+02 3.058580000000000000e+05
9.864886628427461668e-01 3.931702881385900241e+02 3.107940000000000000e+05
9.927793936164199806e-01 3.900274933266500170e+02 3.130820000000000000e+05
9.990361166530091763e-01 3.883682603974835388e+02 3.160460000000000000e+05
1.005310172388236056e+00 3.864622805139766797e+02 3.222180000000000000e+05
1.011625805491854102e+00 3.849613613024001211e+02 3.285620000000000000e+05
1.017917766942204150e+00 3.828114500708920218e+02 3.279900000000000000e+05
1.024197689983066040e+00 3.808432791039714971e+02 3.352820000000000000e+05
1.030472573734562358e+00 3.799658765800709261e+02 3.359700000000000000e+05
1.036757776698311151e+00 3.774742391490073601e+02 3.440660000000000000e+05
1.043033361905228329e+00 3.755864507162799555e+02 3.437180000000000000e+05
1.049301684494551079e+00 3.727885165140849040e+02 3.514980000000000000e+05
1.055593059295673708e+00 3.721959421506834360e+02 3.544580000000000000e+05
1.061871457102441241e+00 3.691866250277785184e+02 3.585660000000000000e+05
1.068178001041605985e+00 3.677961726319003333e+02 3.661220000000000000e+05
1.074470180493512173e+00 3.651563622891115983e+02 3.658100000000000000e+05
1.080737053769623701e+00 3.632705384562169684e+02 3.716220000000000000e+05
1.087020489212936480e+00 3.613554859767667722e+02 3.759860000000000000e+05
1.093314462971749057e+00 3.599512166095172461e+02 3.821700000000000000e+05
1.099587869600829659e+00 3.595460567003270285e+02 3.818180000000000000e+05
1.105847463881620474e+00 3.562577711534053719e+02 3.895740000000000000e+05
1.112134280670179054e+00 3.549483212132625454e+02 3.936980000000000000e+05
1.118428377412835406e+00 3.524592416398951968e+02 3.994580000000000000e+05
1.124715645780198781e+00 3.528786231767358004e+02 4.022220000000000000e+05
1.130996124361501431e+00 3.493830865750496173e+02 4.069220000000000000e+05
1.137284456696317392e+00 3.479281442431986306e+02 4.128420000000000000e+05
1.143571288435853983e+00 3.458378000364124318e+02 4.153460000000000000e+05
1.149847667202570811e+00 3.438246451542997875e+02 4.211820000000000000e+05
1.156130444085272213e+00 3.436039582840775779e+02 4.250180000000000000e+05
1.162419353814765133e+00 3.410391833886723703e+02 4.311380000000000000e+05
1.168705445387328012e+00 3.380761316937473566e+02 4.343820000000000000e+05
1.174988745725767281e+00 3.382434568408297650e+02 4.395140000000000000e+05
1.181273977502684147e+00 3.367935581416713831e+02 4.447380000000000000e+05
1.187562659051211167e+00 3.343063687220809470e+02 4.489100000000000000e+05
1.193823213156303353e+00 3.321580080779550030e+02 4.506180000000000000e+05
1.200093696126397269e+00 3.315238143625018097e+02 4.595540000000000000e+05
1.206384684590767753e+00 3.307545031326740173e+02 4.631060000000000000e+05
1.212657716259795793e+00 3.271700360384259625e+02 4.670940000000000000e+05
1.218950061014193453e+00 3.269106778549142405e+02 4.749380000000000000e+05
1.225240784026401242e+00 3.253981170988032545e+02 4.771860000000000000e+05
1.231532244371714047e+00 3.239852103240578458e+02 4.846700000000000000e+05
1.237823116543606217e+00 3.234047198064444615e+02 4.870100000000000000e+05
1.244104630523539479e+00 3.205836232813707625e+02 4.933140000000000000e+05
1.250385916236761652e+00 3.193360522344801780e+02 4.963220000000000000e+05
1.256652750742101254e+00 3.172525555044035173e+02 5.017020000000000000e+05
1.262935091931613352e+00 3.156211842977029391e+02 5.085620000000000000e+05
1.269233477511062080e+00 3.157897542724721234e+02 5.142420000000000000e+05
1.275514616938773216e+00 3.131609049991119491e+02 5.161580000000000000e+05
1.281786872211649220e+00 3.115919054268081823e+02 5.226020000000000000e+05
1.288079462048372426e+00 3.110158222908157768e+02 5.306580000000000000e+05
1.294361149637119013e+00 3.092548136183654606e+02 5.300420000000000000e+05
1.300627926004322754e+00 3.076492169909262770e+02 5.388780000000000000e+05
1.306914643728855463e+00 3.067166880110901275e+02 5.441300000000000000e+05
1.313214369136572968e+00 3.060431179141471034e+02 5.511060000000000000e+05
1.319506178663429896e+00 3.037203953512376984e+02 5.539820000000000000e+05
1.325784332573166857e+00 3.015907520811789482e+02 5.582420000000000000e+05
1.332057263563118710e+00 3.017875913845658715e+02 5.645460000000000000e+05
1.338340549575027794e+00 2.995981133177865559e+02 5.704940000000000000e+05
1.344633835480066875e+00 2.995607625488843269e+02 5.767620000000000000e+05
1.350907484373135237e+00 2.976807410536042084e+02 5.782340000000000000e+05
1.357175487163077676e+00 2.964640939255740477e+02 5.856660000000000000e+05
1.363467141694861828e+00 2.959907056668059795e+02 5.944460000000000000e+05
1.369755686854475130e+00 2.931689714195046008e+02 5.952500000000000000e+05
1.376032186684321701e+00 2.918744951058031916e+02 6.034020000000000000e+05
1.382313839440675540e+00 2.913633321896020902e+02 6.073820000000000000e+05
1.388610058625191268e+00 2.890856560805116828e+02 6.170100000000000000e+05
1.394895499348251855e+00 2.882416894329464299e+02 6.167780000000000000e+05
1.401166240321837453e+00 2.867385336549562567e+02 6.247460000000000000e+05
1.407434432864556273e+00 2.851737052729537254e+02 6.280620000000000000e+05
1.413722933193898301e+00 2.844937036214089972e+02 6.394100000000000000e+05
1.420027475896342928e+00 2.834650106000751180e+02 6.429540000000000000e+05
1.426307149789788564e+00 2.811871032443803529e+02 6.459740000000000000e+05
1.432584485912613337e+00 2.817778481854573442e+02 6.534900000000000000e+05
1.438876982104692948e+00 2.794748849544501468e+02 6.607460000000000000e+05
1.445167658311597991e+00 2.782319011565135725e+02 6.646460000000000000e+05
1.451434581318592487e+00 2.776610495574410606e+02 6.672900000000000000e+05
1.457714146029685631e+00 2.764250866773513167e+02 6.790340000000000000e+05
1.464013702919821469e+00 2.750364417569865054e+02 6.827220000000000000e+05
1.470311375243267715e+00 2.729335517523167596e+02 6.912380000000000000e+05
1.476585168270965198e+00 2.729655525433772141e+02 6.886020000000000000e+05
1.482847620858654736e+00 2.715623577397564077e+02 7.008260000000000000e+05
1.489134257848029552e+00 2.703709382811483124e+02 7.056620000000000000e+05
1.495410090151012339e+00 2.687888956537017862e+02 7.100820000000000000e+05
1.501688804650891385e+00 2.680985983611403185e+02 7.191620000000000000e+05
1.507973225127458239e+00 2.664016618490605310e+02 7.222500000000000000e+05
1.514255586288884459e+00 2.661204689251589457e+02 7.315100000000000000e+05
1.520548655276809047e+00 2.647511018389839705e+02 7.364420000000000000e+05
1.526828765310179747e+00 2.633327245681761042e+02 7.408980000000000000e+05
1.533114430439595610e+00 2.623442220439848711e+02 7.501580000000000000e+05
1.539410813276927970e+00 2.612688771959398650e+02 7.548660000000000000e+05
1.545694858079805112e+00 2.599599929167058008e+02 7.608260000000000000e+05
1.551969964575633298e+00 2.591874051259842417e+02 7.640340000000000000e+05
1.558245721095042446e+00 2.582260188085537607e+02 7.738460000000000000e+05
1.564534844516594525e+00 2.569242911504169911e+02 7.797140000000000000e+05
1.570816980798636520e+00 2.558939387365430775e+02 7.843140000000000000e+05
1.577093092211928615e+00 2.550096182575405237e+02 7.913420000000000000e+05
1.583381338673179872e+00 2.540757647270313839e+02 7.994580000000000000e+05
1.589671280639133322e+00 2.527420682189871854e+02 8.049620000000000000e+05
1.595952830483094553e+00 2.523664947312952052e+02 8.095500000000000000e+05
1.602217313416965272e+00 2.511988378024414885e+02 8.134580000000000000e+05
