# Real space DM power spectrum.
# The power spectum is corrected for shot-noise and window function.
# Ngrid=512	Interlacing was set to True.
# redshift=1.259818	model=tabulated	Hz_file=/g100/home/userexternal/mbaldi00/SOURCE/DAKAR2/DSC_m09_m02_Hz.dat	zDf_file=None	H0=67.66	Om=0.311049	Ob=0.04897468161869667	sigma8=0.7882104124	ns=0.9665	Tcmb=0.0	Neff=3.046	m_nu=[0]	Fid_model=w0waCDM	Fid_H0=67.659	Fid_Om=0.311438	Fid_w0=-0.9001	Fid_wa=-0.2025	
# n_dm=1.073742e+00[h/Mpc]^3
# k[h/Mpc]		Pk_dm[Mpc^3/h^3]		Nmodes
8.018239401280879974e-03 5.499888121869828865e+03 1.800000000000000000e+01
1.401654949351664563e-02 6.551424524199577718e+03 6.200000000000000000e+01
1.969250245970122562e-02 4.856714085588649141e+03 9.800000000000000000e+01
2.551337480545044084e-02 7.390987725044432409e+03 2.100000000000000000e+02
3.202906010406358223e-02 5.738350105996812999e+03 3.500000000000000000e+02
3.846520933840009981e-02 4.948636455203161859e+03 4.500000000000000000e+02
4.443307405343879801e-02 3.959504723937012386e+03 6.020000000000000000e+02
5.042305588722229004e-02 3.532578848029058918e+03 7.620000000000000000e+02
5.690925724269420977e-02 3.325576777250253144e+03 1.142000000000000000e+03
6.341842361688614094e-02 2.885817077425384468e+03 1.250000000000000000e+03
6.949987936003544642e-02 2.736147381129087989e+03 1.458000000000000000e+03
7.558128466088295805e-02 2.735897784371360103e+03 1.814000000000000000e+03
8.196268225887480552e-02 2.227814774762390698e+03 2.178000000000000000e+03
8.830226267620121250e-02 2.018432968858531012e+03 2.498000000000000000e+03
9.435210882776298713e-02 1.792254222810586725e+03 2.622000000000000000e+03
1.005600000334900268e-01 1.700321823021550017e+03 3.338000000000000000e+03
1.070138172820522676e-01 1.450827543626351826e+03 3.722000000000000000e+03
1.134272720352065417e-01 1.353238461598046342e+03 4.170000000000000000e+03
1.196088736356262089e-01 1.316544583804457488e+03 4.358000000000000000e+03
1.257803526943431782e-01 1.251236933285535542e+03 5.034000000000000000e+03
1.321489366516601371e-01 1.166623017642395325e+03 5.714000000000000000e+03
1.384562346816501366e-01 1.080138637305023394e+03 5.982000000000000000e+03
1.446496334058954558e-01 1.033986202417811000e+03 6.602000000000000000e+03
1.508534077925902661e-01 9.373225343678810759e+02 7.130000000000000000e+03
1.571727997187746806e-01 8.711758469548841504e+02 8.034000000000000000e+03
1.635416756874734368e-01 7.933709084270112726e+02 8.606000000000000000e+03
1.698255044437522454e-01 7.388704643214797443e+02 9.066000000000000000e+03
1.761012440422073944e-01 7.257176434964545706e+02 9.962000000000000000e+03
1.823997330750334323e-01 6.846349333495551264e+02 1.055000000000000000e+04
1.886505794152418258e-01 6.794907333669488025e+02 1.122600000000000000e+04
1.949080233860110145e-01 6.353065335096921444e+02 1.214600000000000000e+04
2.011423980633682551e-01 5.930124740301758948e+02 1.260600000000000000e+04
2.073952711124279202e-01 5.585721551822314268e+02 1.380200000000000000e+04
2.137387912274538171e-01 5.357953278252759901e+02 1.475400000000000000e+04
2.200329442788883927e-01 5.210663080690595734e+02 1.519400000000000000e+04
2.262928915227388205e-01 4.834180149724855369e+02 1.645400000000000000e+04
2.325983565681614684e-01 4.596093967911301092e+02 1.715400000000000000e+04
2.388889575828848644e-01 4.473685788816420654e+02 1.826600000000000000e+04
2.451217204984029174e-01 4.260078240920511803e+02 1.875000000000000000e+04
2.513735730109318833e-01 4.111614420789379096e+02 2.023400000000000000e+04
2.577068704519516196e-01 3.906626168193238868e+02 2.145000000000000000e+04
2.640202590165574015e-01 3.876169426107045979e+02 2.196200000000000000e+04
2.702896249217050517e-01 3.698893661987201540e+02 2.346200000000000000e+04
2.765613443273721161e-01 3.525283729582021124e+02 2.404200000000000000e+04
2.828696817722480827e-01 3.431463387219234846e+02 2.594600000000000000e+04
2.891484548613966754e-01 3.206808223063096079e+02 2.611800000000000000e+04
2.953521325173381618e-01 3.152976456504990210e+02 2.750600000000000000e+04
3.016073414663040242e-01 3.090419451608830741e+02 2.906600000000000000e+04
3.079380380657114613e-01 2.973852948309674389e+02 3.045000000000000000e+04
3.142758188292146815e-01 2.837515896552376944e+02 3.174200000000000000e+04
3.205460861690284657e-01 2.782817006811984584e+02 3.225000000000000000e+04
3.268125857401938394e-01 2.659974073523918037e+02 3.425000000000000000e+04
3.331235790942642661e-01 2.625969111930835425e+02 3.545400000000000000e+04
3.394044287142444771e-01 2.553430914342773121e+02 3.643400000000000000e+04
3.456389225992096970e-01 2.441219123916814340e+02 3.768200000000000000e+04
3.518805674449744791e-01 2.376556881649376294e+02 3.929400000000000000e+04
3.582029755837912721e-01 2.315207847975662503e+02 4.142600000000000000e+04
3.645115539318926068e-01 2.255918790609096618e+02 4.206600000000000000e+04
3.707638220461956791e-01 2.181428783911237872e+02 4.349000000000000000e+04
3.770538406945189158e-01 2.122218435887909607e+02 4.570200000000000000e+04
3.833585849945114754e-01 2.088125123955779543e+02 4.663400000000000000e+04
3.896511111060295685e-01 2.022940965463632210e+02 4.855400000000000000e+04
3.958767350353735170e-01 1.980448795944043638e+02 4.887000000000000000e+04
4.021123550664917334e-01 1.924732241142932310e+02 5.155400000000000000e+04
4.084534706459355680e-01 1.883509292279358363e+02 5.409000000000000000e+04
4.147693430455148822e-01 1.858823718688061035e+02 5.431400000000000000e+04
4.210541279197388409e-01 1.793372593969185118e+02 5.691000000000000000e+04
4.273285528543883660e-01 1.757031890986039571e+02 5.748200000000000000e+04
4.336210871857300031e-01 1.720846771614713475e+02 6.062600000000000000e+04
4.399178901492071248e-01 1.663537311782845620e+02 6.120600000000000000e+04
4.461481615369914944e-01 1.629156488174254491e+02 6.257000000000000000e+04
4.524185591367541615e-01 1.606527790532561255e+02 6.573000000000000000e+04
4.587151924004577719e-01 1.555844678461625108e+02 6.668600000000000000e+04
4.650253487526455620e-01 1.535685052540166282e+02 6.969800000000000000e+04
4.713138026405762626e-01 1.491575444176445444e+02 7.002600000000000000e+04
4.775801322871031096e-01 1.473956094903777796e+02 7.274600000000000000e+04
4.838809178367569630e-01 1.429322069942004418e+02 7.491000000000000000e+04
4.901499165155780435e-01 1.421102241357197045e+02 7.572200000000000000e+04
4.963993143780123241e-01 1.382903467713744874e+02 7.837800000000000000e+04
5.026659111298577010e-01 1.362824097757531376e+02 8.003000000000000000e+04
5.089643413427887841e-01 1.333775034297602531e+02 8.318600000000000000e+04
5.152747315442799403e-01 1.305128698993410126e+02 8.466600000000000000e+04
5.215661708673858810e-01 1.283875136512066319e+02 8.654600000000000000e+04
5.278286396879566800e-01 1.267078518643070595e+02 8.813400000000000000e+04
5.341160320652750260e-01 1.241655115270690573e+02 9.153800000000000000e+04
5.404304286902661403e-01 1.215509080938549573e+02 9.313800000000000000e+04
5.466976878455739319e-01 1.193765797941899649e+02 9.447800000000000000e+04
5.529595373159058580e-01 1.173647688783935621e+02 9.727400000000000000e+04
5.592440147746206014e-01 1.159672028542139088e+02 9.969000000000000000e+04
5.655545845518847869e-01 1.130007078377054199e+02 1.025900000000000000e+05
5.718545124332512497e-01 1.115826988188508437e+02 1.037700000000000000e+05
5.781226402320145397e-01 1.099440371004075558e+02 1.063460000000000000e+05
5.844054810026423352e-01 1.082427050265858526e+02 1.085460000000000000e+05
5.906692678833675991e-01 1.065711790961754843e+02 1.107260000000000000e+05
5.969160111309492756e-01 1.045686151045569119e+02 1.123220000000000000e+05
6.031708558297608214e-01 1.032735699959255555e+02 1.158900000000000000e+05
6.094688112237535149e-01 1.015017980154523798e+02 1.187660000000000000e+05
6.158118423264375974e-01 9.975661181515377507e+01 1.222980000000000000e+05
6.221022681713845870e-01 9.850890184998932853e+01 1.220900000000000000e+05
6.283660508217905338e-01 9.705231147673178782e+01 1.258100000000000000e+05
6.346461619227155015e-01 9.529030157703441262e+01 1.281900000000000000e+05
6.409396473976692876e-01 9.386573683268561297e+01 1.309940000000000000e+05
6.472371834330832296e-01 9.322974291946925973e+01 1.337220000000000000e+05
6.534767429514126702e-01 9.167424484841605192e+01 1.338860000000000000e+05
6.597637022409679197e-01 8.956027400424575546e+01 1.405380000000000000e+05
6.660751593608625898e-01 8.898070069807040738e+01 1.405940000000000000e+05
6.723401943305717943e-01 8.721931046019099654e+01 1.435940000000000000e+05
6.786079373829640993e-01 8.692720384189739491e+01 1.463100000000000000e+05
6.849135514418230875e-01 8.579972953291853344e+01 1.506500000000000000e+05
6.912250943479077980e-01 8.449208803928449640e+01 1.519140000000000000e+05
6.974710436131158486e-01 8.340755407305920244e+01 1.533980000000000000e+05
7.037307548900212373e-01 8.254591761643263226e+01 1.578660000000000000e+05
7.100217936516199924e-01 8.125724568840286111e+01 1.606580000000000000e+05
7.163250787242370077e-01 7.988742430232690594e+01 1.641020000000000000e+05
7.226009447591926760e-01 7.938367069786716002e+01 1.649940000000000000e+05
7.288716701068771453e-01 7.812579841449255014e+01 1.698500000000000000e+05
7.351879459163250807e-01 7.720572319787477511e+01 1.729860000000000000e+05
7.414685146977839647e-01 7.662725909007680514e+01 1.738940000000000000e+05
7.477104477723024445e-01 7.528896501773198224e+01 1.767780000000000000e+05
7.539885226758882286e-01 7.510643278561158809e+01 1.818020000000000000e+05
7.602914782916944114e-01 7.406750624932857363e+01 1.844300000000000000e+05
7.665892437025125794e-01 7.335574977026440990e+01 1.872420000000000000e+05
7.728738187058056264e-01 7.274251711001002718e+01 1.902500000000000000e+05
7.791494140893913123e-01 7.147065073379185662e+01 1.925700000000000000e+05
7.854515901778583720e-01 7.064627485090935011e+01 1.982540000000000000e+05
7.917409748104085043e-01 6.972070646503637192e+01 1.980740000000000000e+05
7.979940385111662371e-01 6.903929360949736349e+01 2.020500000000000000e+05
8.042571846768763466e-01 6.831860686646051306e+01 2.055020000000000000e+05
8.105619462845171652e-01 6.778274139394137876e+01 2.106660000000000000e+05
8.168641867275381330e-01 6.721655951138153284e+01 2.124260000000000000e+05
8.231256696255031535e-01 6.630266895484908218e+01 2.139180000000000000e+05
8.294110748726144511e-01 6.537663148748575281e+01 2.209940000000000000e+05
8.357113707437004990e-01 6.510326541213075302e+01 2.215220000000000000e+05
8.419948002460609926e-01 6.378554425642457204e+01 2.263140000000000000e+05
8.482593350903800955e-01 6.374272073493074231e+01 2.272940000000000000e+05
8.545301115901441369e-01 6.291455786940543504e+01 2.329620000000000000e+05
8.608435414229801408e-01 6.242418037301675326e+01 2.378180000000000000e+05
8.671393362117422177e-01 6.139763572201452746e+01 2.383980000000000000e+05
8.733948081113820372e-01 6.101570291644153343e+01 2.414180000000000000e+05
8.796646205952306508e-01 6.058073084126180419e+01 2.468180000000000000e+05
8.859565087287600837e-01 6.019422863263844903e+01 2.499060000000000000e+05
8.922534924202312201e-01 5.961625852015409066e+01 2.547020000000000000e+05
8.985217857854136403e-01 5.877114737640999209e+01 2.544180000000000000e+05
9.047744920414614311e-01 5.828782136018099180e+01 2.603540000000000000e+05
9.110610772062064378e-01 5.791476043730267520e+01 2.649740000000000000e+05
9.173652030728716156e-01 5.695525537583145592e+01 2.687220000000000000e+05
9.236564978724189912e-01 5.647616448174734671e+01 2.715620000000000000e+05
9.299448038968107788e-01 5.625046459889841088e+01 2.755860000000000000e+05
9.362445064485998003e-01 5.555786690395263605e+01 2.801900000000000000e+05
9.425390102875164100e-01 5.526398987014010089e+01 2.828340000000000000e+05
9.488116425969939094e-01 5.458416292526178637e+01 2.851700000000000000e+05
9.550714374598537892e-01 5.409624688372331747e+01 2.898860000000000000e+05
9.613552636148307018e-01 5.377621357458615137e+01 2.944740000000000000e+05
9.676548604748713700e-01 5.323673196998915813e+01 2.994980000000000000e+05
9.739319897320198871e-01 5.299804420340010580e+01 2.999580000000000000e+05
9.801989291478477861e-01 5.236597224847236021e+01 3.058580000000000000e+05
9.864886628427461668e-01 5.201934571370411220e+01 3.107940000000000000e+05
9.927793936164199806e-01 5.143406732323875730e+01 3.130820000000000000e+05
9.990361166530091763e-01 5.091474097309593105e+01 3.160460000000000000e+05
1.005310172388236056e+00 5.088094117228878588e+01 3.222180000000000000e+05
1.011625805491854102e+00 5.010725157577318356e+01 3.285620000000000000e+05
1.017917766942204150e+00 4.989010185905627992e+01 3.279900000000000000e+05
1.024197689983066040e+00 4.950602867000845464e+01 3.352820000000000000e+05
1.030472573734562358e+00 4.919724247583545207e+01 3.359700000000000000e+05
1.036757776698311151e+00 4.887175590451352747e+01 3.440660000000000000e+05
1.043033361905228329e+00 4.835810073169957946e+01 3.437180000000000000e+05
1.049301684494551079e+00 4.782150105453746392e+01 3.514980000000000000e+05
1.055593059295673708e+00 4.756474748163942223e+01 3.544580000000000000e+05
1.061871457102441241e+00 4.726524374790255223e+01 3.585660000000000000e+05
1.068178001041605985e+00 4.687437060962365365e+01 3.661220000000000000e+05
1.074470180493512173e+00 4.671845736579074071e+01 3.658100000000000000e+05
1.080737053769623701e+00 4.629890060915728611e+01 3.716220000000000000e+05
1.087020489212936480e+00 4.568228005952515502e+01 3.759860000000000000e+05
1.093314462971749057e+00 4.554487911573174586e+01 3.821700000000000000e+05
1.099587869600829659e+00 4.520346939433307654e+01 3.818180000000000000e+05
1.105847463881620474e+00 4.490681344062167568e+01 3.895740000000000000e+05
1.112134280670179054e+00 4.449490768309474475e+01 3.936980000000000000e+05
1.118428377412835406e+00 4.423220400389840989e+01 3.994580000000000000e+05
1.124715645780198781e+00 4.386143366447636538e+01 4.022220000000000000e+05
1.130996124361501431e+00 4.371542053585778831e+01 4.069220000000000000e+05
1.137284456696317392e+00 4.344581928595103903e+01 4.128420000000000000e+05
1.143571288435853983e+00 4.296881851257447948e+01 4.153460000000000000e+05
1.149847667202570811e+00 4.287481823861965324e+01 4.211820000000000000e+05
1.156130444085272213e+00 4.235907924366045307e+01 4.250180000000000000e+05
1.162419353814765133e+00 4.200580660444087755e+01 4.311380000000000000e+05
1.168705445387328012e+00 4.173254010846070372e+01 4.343820000000000000e+05
1.174988745725767281e+00 4.162505560673938021e+01 4.395140000000000000e+05
1.181273977502684147e+00 4.129314666345277374e+01 4.447380000000000000e+05
1.187562659051211167e+00 4.086645426261247138e+01 4.489100000000000000e+05
1.193823213156303353e+00 4.070390282694415873e+01 4.506180000000000000e+05
1.200093696126397269e+00 4.040290147740017090e+01 4.595540000000000000e+05
1.206384684590767753e+00 4.015934781186192026e+01 4.631060000000000000e+05
1.212657716259795793e+00 3.983484440676299698e+01 4.670940000000000000e+05
1.218950061014193453e+00 3.961480344604405701e+01 4.749380000000000000e+05
1.225240784026401242e+00 3.936252929865825934e+01 4.771860000000000000e+05
1.231532244371714047e+00 3.912999337231748598e+01 4.846700000000000000e+05
1.237823116543606217e+00 3.898676124296527234e+01 4.870100000000000000e+05
1.244104630523539479e+00 3.872697214233964758e+01 4.933140000000000000e+05
1.250385916236761652e+00 3.845648614633583406e+01 4.963220000000000000e+05
1.256652750742101254e+00 3.814560356879236025e+01 5.017020000000000000e+05
1.262935091931613352e+00 3.790961324048671344e+01 5.085620000000000000e+05
1.269233477511062080e+00 3.766896289409380927e+01 5.142420000000000000e+05
1.275514616938773216e+00 3.752390625066670538e+01 5.161580000000000000e+05
1.281786872211649220e+00 3.732934998308617480e+01 5.226020000000000000e+05
1.288079462048372426e+00 3.710885396093095778e+01 5.306580000000000000e+05
1.294361149637119013e+00 3.683698257856106295e+01 5.300420000000000000e+05
1.300627926004322754e+00 3.664886440648228216e+01 5.388780000000000000e+05
1.306914643728855463e+00 3.635940206839262601e+01 5.441300000000000000e+05
1.313214369136572968e+00 3.630515098945386399e+01 5.511060000000000000e+05
1.319506178663429896e+00 3.601297886478147348e+01 5.539820000000000000e+05
1.325784332573166857e+00 3.562982115874747535e+01 5.582420000000000000e+05
1.332057263563118710e+00 3.555621962743714448e+01 5.645460000000000000e+05
1.338340549575027794e+00 3.532461350884902629e+01 5.704940000000000000e+05
1.344633835480066875e+00 3.516688431141376725e+01 5.767620000000000000e+05
1.350907484373135237e+00 3.505106171963218031e+01 5.782340000000000000e+05
1.357175487163077676e+00 3.475574479825574770e+01 5.856660000000000000e+05
1.363467141694861828e+00 3.457656880660334053e+01 5.944460000000000000e+05
1.369755686854475130e+00 3.439260518682929302e+01 5.952500000000000000e+05
1.376032186684321701e+00 3.414636692591650302e+01 6.034020000000000000e+05
1.382313839440675540e+00 3.398054178751576870e+01 6.073820000000000000e+05
1.388610058625191268e+00 3.377971614436800962e+01 6.170100000000000000e+05
1.394895499348251855e+00 3.357504438399848112e+01 6.167780000000000000e+05
1.401166240321837453e+00 3.337885468142137313e+01 6.247460000000000000e+05
1.407434432864556273e+00 3.320425321248833939e+01 6.280620000000000000e+05
1.413722933193898301e+00 3.318388988687245700e+01 6.394100000000000000e+05
1.420027475896342928e+00 3.279331091393891029e+01 6.429540000000000000e+05
1.426307149789788564e+00 3.267637061427447520e+01 6.459740000000000000e+05
1.432584485912613337e+00 3.256638970866352878e+01 6.534900000000000000e+05
1.438876982104692948e+00 3.236841438936160387e+01 6.607460000000000000e+05
1.445167658311597991e+00 3.227440498561959714e+01 6.646460000000000000e+05
1.451434581318592487e+00 3.196097912329697266e+01 6.672900000000000000e+05
1.457714146029685631e+00 3.182472498706773933e+01 6.790340000000000000e+05
1.464013702919821469e+00 3.165798610446619676e+01 6.827220000000000000e+05
1.470311375243267715e+00 3.147298100823152822e+01 6.912380000000000000e+05
1.476585168270965198e+00 3.140738977301057844e+01 6.886020000000000000e+05
1.482847620858654736e+00 3.126960319012498957e+01 7.008260000000000000e+05
1.489134257848029552e+00 3.105067163791120066e+01 7.056620000000000000e+05
1.495410090151012339e+00 3.083243992042030612e+01 7.100820000000000000e+05
1.501688804650891385e+00 3.077410958114358408e+01 7.191620000000000000e+05
1.507973225127458239e+00 3.055280342053855236e+01 7.222500000000000000e+05
1.514255586288884459e+00 3.033596290336841861e+01 7.315100000000000000e+05
1.520548655276809047e+00 3.023510465251171198e+01 7.364420000000000000e+05
1.526828765310179747e+00 3.007227036260395181e+01 7.408980000000000000e+05
1.533114430439595610e+00 2.993098110007705159e+01 7.501580000000000000e+05
1.539410813276927970e+00 2.973971042991777836e+01 7.548660000000000000e+05
1.545694858079805112e+00 2.955656821776017651e+01 7.608260000000000000e+05
1.551969964575633298e+00 2.946624611997141230e+01 7.640340000000000000e+05
1.558245721095042446e+00 2.942060015936518269e+01 7.738460000000000000e+05
1.564534844516594525e+00 2.922565293178815082e+01 7.797140000000000000e+05
1.570816980798636520e+00 2.905966827853772116e+01 7.843140000000000000e+05
1.577093092211928615e+00 2.878530310682187832e+01 7.913420000000000000e+05
1.583381338673179872e+00 2.885582822004790771e+01 7.994580000000000000e+05
1.589671280639133322e+00 2.853344719091382231e+01 8.049620000000000000e+05
1.595952830483094553e+00 2.848725070683718030e+01 8.095500000000000000e+05
1.602217313416965272e+00 2.842362629797536400e+01 8.134580000000000000e+05
