# Real space DM power spectrum.
# The power spectum is corrected for shot-noise and window function.
# Ngrid=512	Interlacing was set to True.
# redshift=0.264800	model=tabulated	Hz_file=/g100/home/userexternal/mbaldi00/SOURCE/DAKAR2/DSC_m09_m02_Hz.dat	zDf_file=None	H0=67.66	Om=0.311049	Ob=0.04897468161869667	sigma8=0.7882104124	ns=0.9665	Tcmb=0.0	Neff=3.046	m_nu=[0]	Fid_model=w0waCDM	Fid_H0=67.659	Fid_Om=0.311438	Fid_w0=-0.9001	Fid_wa=-0.2025	
# n_dm=1.073742e+00[h/Mpc]^3
# k[h/Mpc]		Pk_dm[Mpc^3/h^3]		Nmodes
8.018239401280879974e-03 1.378265895520316190e+04 1.800000000000000000e+01
1.401654949351664563e-02 1.643466343548989971e+04 6.200000000000000000e+01
1.969250245970122562e-02 1.211795005497640341e+04 9.800000000000000000e+01
2.551337480545044084e-02 1.835823177266348284e+04 2.100000000000000000e+02
3.202906010406358223e-02 1.427144867742538372e+04 3.500000000000000000e+02
3.846520933840009981e-02 1.228839089964760751e+04 4.500000000000000000e+02
4.443307405343879801e-02 9.796247248853956989e+03 6.020000000000000000e+02
5.042305588722229004e-02 8.769360016008062303e+03 7.620000000000000000e+02
5.690925724269420977e-02 8.297326120507696032e+03 1.142000000000000000e+03
6.341842361688614094e-02 7.136415877425384679e+03 1.250000000000000000e+03
6.949987936003544642e-02 6.807147552596851710e+03 1.458000000000000000e+03
7.558128466088295805e-02 6.808483782166288620e+03 1.814000000000000000e+03
8.196268225887480552e-02 5.532614591107661909e+03 2.178000000000000000e+03
8.830226267620121250e-02 4.993469398001845548e+03 2.498000000000000000e+03
9.435210882776298713e-02 4.449992018386483323e+03 2.622000000000000000e+03
1.005600000334900268e-01 4.258391625298362669e+03 3.338000000000000000e+03
1.070138172820522676e-01 3.647437565120172621e+03 3.722000000000000000e+03
1.134272720352065417e-01 3.454834384859437250e+03 4.170000000000000000e+03
1.196088736356262089e-01 3.339919067512580568e+03 4.358000000000000000e+03
1.257803526943431782e-01 3.152814406467895424e+03 5.034000000000000000e+03
1.321489366516601371e-01 2.966704659224474199e+03 5.714000000000000000e+03
1.384562346816501366e-01 2.727269446398971922e+03 5.982000000000000000e+03
1.446496334058954558e-01 2.645338595631988483e+03 6.602000000000000000e+03
1.508534077925902661e-01 2.415932913049507988e+03 7.130000000000000000e+03
1.571727997187746806e-01 2.259643982379330282e+03 8.034000000000000000e+03
1.635416756874734368e-01 2.090426799665682211e+03 8.606000000000000000e+03
1.698255044437522454e-01 1.954314651394058728e+03 9.066000000000000000e+03
1.761012440422073944e-01 1.916603108262565911e+03 9.962000000000000000e+03
1.823997330750334323e-01 1.810020525766616629e+03 1.055000000000000000e+04
1.886505794152418258e-01 1.794589789130355257e+03 1.122600000000000000e+04
1.949080233860110145e-01 1.676875692080415092e+03 1.214600000000000000e+04
2.011423980633682551e-01 1.602791983787434447e+03 1.260600000000000000e+04
2.073952711124279202e-01 1.488165764804025457e+03 1.380200000000000000e+04
2.137387912274538171e-01 1.439366901635768045e+03 1.475400000000000000e+04
2.200329442788883927e-01 1.428244273055238182e+03 1.519400000000000000e+04
2.262928915227388205e-01 1.331541632329967115e+03 1.645400000000000000e+04
2.325983565681614684e-01 1.285949288361609206e+03 1.715400000000000000e+04
2.388889575828848644e-01 1.259151782648202925e+03 1.826600000000000000e+04
2.451217204984029174e-01 1.202992517425384449e+03 1.875000000000000000e+04
2.513735730109318833e-01 1.167302145844876350e+03 2.023400000000000000e+04
2.577068704519516196e-01 1.111356043392750507e+03 2.145000000000000000e+04
2.640202590165574015e-01 1.090356720408719411e+03 2.196200000000000000e+04
2.702896249217050517e-01 1.049013268679327211e+03 2.346200000000000000e+04
2.765613443273721161e-01 1.023381130632272516e+03 2.404200000000000000e+04
2.828696817722480827e-01 9.959962192430057257e+02 2.594600000000000000e+04
2.891484548613966754e-01 9.475486529212112146e+02 2.611800000000000000e+04
2.953521325173381618e-01 9.271524409678843313e+02 2.750600000000000000e+04
3.016073414663040242e-01 9.228438098825509996e+02 2.906600000000000000e+04
3.079380380657114613e-01 8.778843096092925862e+02 3.045000000000000000e+04
3.142758188292146815e-01 8.495520118088511481e+02 3.174200000000000000e+04
3.205460861690284657e-01 8.358118092083302599e+02 3.225000000000000000e+04
3.268125857401938394e-01 8.126648818049466172e+02 3.425000000000000000e+04
3.331235790942642661e-01 7.914718477305686974e+02 3.545400000000000000e+04
3.394044287142444771e-01 7.837128010461782424e+02 3.643400000000000000e+04
3.456389225992096970e-01 7.597244812574529078e+02 3.768200000000000000e+04
3.518805674449744791e-01 7.350295874879894882e+02 3.929400000000000000e+04
3.582029755837912721e-01 7.188738722305794226e+02 4.142600000000000000e+04
3.645115539318926068e-01 7.073539434359394136e+02 4.206600000000000000e+04
3.707638220461956791e-01 6.884681255743843167e+02 4.349000000000000000e+04
3.770538406945189158e-01 6.769638242460925994e+02 4.570200000000000000e+04
3.833585849945114754e-01 6.643160076994334986e+02 4.663400000000000000e+04
3.896511111060295685e-01 6.562788763791268138e+02 4.855400000000000000e+04
3.958767350353735170e-01 6.394969156083187727e+02 4.887000000000000000e+04
4.021123550664917334e-01 6.251957286726203620e+02 5.155400000000000000e+04
4.084534706459355680e-01 6.182787717126834650e+02 5.409000000000000000e+04
4.147693430455148822e-01 6.126166024539222690e+02 5.431400000000000000e+04
4.210541279197388409e-01 5.926827347088144506e+02 5.691000000000000000e+04
4.273285528543883660e-01 5.840772018330251285e+02 5.748200000000000000e+04
4.336210871857300031e-01 5.732485342524884118e+02 6.062600000000000000e+04
4.399178901492071248e-01 5.532935573391184789e+02 6.120600000000000000e+04
4.461481615369914944e-01 5.495964702973678868e+02 6.257000000000000000e+04
4.524185591367541615e-01 5.445518358005557502e+02 6.573000000000000000e+04
4.587151924004577719e-01 5.317103713341509774e+02 6.668600000000000000e+04
4.650253487526455620e-01 5.302299733018802499e+02 6.969800000000000000e+04
4.713138026405762626e-01 5.157437980948501490e+02 7.002600000000000000e+04
4.775801322871031096e-01 5.123689276109618049e+02 7.274600000000000000e+04
4.838809178367569630e-01 5.006328477631231522e+02 7.491000000000000000e+04
4.901499165155780435e-01 4.938320487045372147e+02 7.572200000000000000e+04
4.963993143780123241e-01 4.893658526531270354e+02 7.837800000000000000e+04
5.026659111298577010e-01 4.827405504729916288e+02 8.003000000000000000e+04
5.089643413427887841e-01 4.792752506468400497e+02 8.318600000000000000e+04
5.152747315442799403e-01 4.690591340431531080e+02 8.466600000000000000e+04
5.215661708673858810e-01 4.613372975811398646e+02 8.654600000000000000e+04
5.278286396879566800e-01 4.545468810698349671e+02 8.813400000000000000e+04
5.341160320652750260e-01 4.533406519059280981e+02 9.153800000000000000e+04
5.404304286902661403e-01 4.479581962039711129e+02 9.313800000000000000e+04
5.466976878455739319e-01 4.400074356548136052e+02 9.447800000000000000e+04
5.529595373159058580e-01 4.301651677516793484e+02 9.727400000000000000e+04
5.592440147746206014e-01 4.316305793212617914e+02 9.969000000000000000e+04
5.655545845518847869e-01 4.209838738382902648e+02 1.025900000000000000e+05
5.718545124332512497e-01 4.162340624114113439e+02 1.037700000000000000e+05
5.781226402320145397e-01 4.165897125371893708e+02 1.063460000000000000e+05
5.844054810026423352e-01 4.100396574707108925e+02 1.085460000000000000e+05
5.906692678833675991e-01 4.072432705652071263e+02 1.107260000000000000e+05
5.969160111309492756e-01 3.985709654900557553e+02 1.123220000000000000e+05
6.031708558297608214e-01 3.948952716095246842e+02 1.158900000000000000e+05
6.094688112237535149e-01 3.895325812362394231e+02 1.187660000000000000e+05
6.158118423264375974e-01 3.877776669427927914e+02 1.222980000000000000e+05
6.221022681713845870e-01 3.819481270117552754e+02 1.220900000000000000e+05
6.283660508217905338e-01 3.751313433501917984e+02 1.258100000000000000e+05
6.346461619227155015e-01 3.753577171320698653e+02 1.281900000000000000e+05
6.409396473976692876e-01 3.715361492179857237e+02 1.309940000000000000e+05
6.472371834330832296e-01 3.687310216918477863e+02 1.337220000000000000e+05
6.534767429514126702e-01 3.622681157535144507e+02 1.338860000000000000e+05
6.597637022409679197e-01 3.584114601603031929e+02 1.405380000000000000e+05
6.660751593608625898e-01 3.544665749174538973e+02 1.405940000000000000e+05
6.723401943305717943e-01 3.513260976518564007e+02 1.435940000000000000e+05
6.786079373829640993e-01 3.486962626895496555e+02 1.463100000000000000e+05
6.849135514418230875e-01 3.470710670702567313e+02 1.506500000000000000e+05
6.912250943479077980e-01 3.415181422541692200e+02 1.519140000000000000e+05
6.974710436131158486e-01 3.389676330832157873e+02 1.533980000000000000e+05
7.037307548900212373e-01 3.361264352706456862e+02 1.578660000000000000e+05
7.100217936516199924e-01 3.320727979796052978e+02 1.606580000000000000e+05
7.163250787242370077e-01 3.295462096919016517e+02 1.641020000000000000e+05
7.226009447591926760e-01 3.278931195263094196e+02 1.649940000000000000e+05
7.288716701068771453e-01 3.241533992387492162e+02 1.698500000000000000e+05
7.351879459163250807e-01 3.225729610090270967e+02 1.729860000000000000e+05
7.414685146977839647e-01 3.180865848862515008e+02 1.738940000000000000e+05
7.477104477723024445e-01 3.159658705150223454e+02 1.767780000000000000e+05
7.539885226758882286e-01 3.142951545818514774e+02 1.818020000000000000e+05
7.602914782916944114e-01 3.095250456951887941e+02 1.844300000000000000e+05
7.665892437025125794e-01 3.094431446923438784e+02 1.872420000000000000e+05
7.728738187058056264e-01 3.059339809733477296e+02 1.902500000000000000e+05
7.791494140893913123e-01 3.025995285444581100e+02 1.925700000000000000e+05
7.854515901778583720e-01 3.008692564805360234e+02 1.982540000000000000e+05
7.917409748104085043e-01 2.984282501103406844e+02 1.980740000000000000e+05
7.979940385111662371e-01 2.957458365444144874e+02 2.020500000000000000e+05
8.042571846768763466e-01 2.928891755227266458e+02 2.055020000000000000e+05
8.105619462845171652e-01 2.930801458161072901e+02 2.106660000000000000e+05
8.168641867275381330e-01 2.897875913059829713e+02 2.124260000000000000e+05
8.231256696255031535e-01 2.885960103286465142e+02 2.139180000000000000e+05
8.294110748726144511e-01 2.861369960222694999e+02 2.209940000000000000e+05
8.357113707437004990e-01 2.816285315256544663e+02 2.215220000000000000e+05
8.419948002460609926e-01 2.801675400675542278e+02 2.263140000000000000e+05
8.482593350903800955e-01 2.787033708180829308e+02 2.272940000000000000e+05
8.545301115901441369e-01 2.774388150443953691e+02 2.329620000000000000e+05
8.608435414229801408e-01 2.746798422657246306e+02 2.378180000000000000e+05
8.671393362117422177e-01 2.725457871326807435e+02 2.383980000000000000e+05
8.733948081113820372e-01 2.707429022139255608e+02 2.414180000000000000e+05
8.796646205952306508e-01 2.695626932589136686e+02 2.468180000000000000e+05
8.859565087287600837e-01 2.658753807458330130e+02 2.499060000000000000e+05
8.922534924202312201e-01 2.657051074494910949e+02 2.547020000000000000e+05
8.985217857854136403e-01 2.644338638508732515e+02 2.544180000000000000e+05
9.047744920414614311e-01 2.626519832320938690e+02 2.603540000000000000e+05
9.110610772062064378e-01 2.601233318443086659e+02 2.649740000000000000e+05
9.173652030728716156e-01 2.571645832313847677e+02 2.687220000000000000e+05
9.236564978724189912e-01 2.559595237146297109e+02 2.715620000000000000e+05
9.299448038968107788e-01 2.548621937868832958e+02 2.755860000000000000e+05
9.362445064485998003e-01 2.523951487484153233e+02 2.801900000000000000e+05
9.425390102875164100e-01 2.511018558975625297e+02 2.828340000000000000e+05
9.488116425969939094e-01 2.502942341108703772e+02 2.851700000000000000e+05
9.550714374598537892e-01 2.478276516428355194e+02 2.898860000000000000e+05
9.613552636148307018e-01 2.472220084495156982e+02 2.944740000000000000e+05
9.676548604748713700e-01 2.445942435393485539e+02 2.994980000000000000e+05
9.739319897320198871e-01 2.441816065687979176e+02 2.999580000000000000e+05
9.801989291478477861e-01 2.415812159236418779e+02 3.058580000000000000e+05
9.864886628427461668e-01 2.410688962198271383e+02 3.107940000000000000e+05
9.927793936164199806e-01 2.382538876897880868e+02 3.130820000000000000e+05
9.990361166530091763e-01 2.372021896356324078e+02 3.160460000000000000e+05
1.005310172388236056e+00 2.366555533913454497e+02 3.222180000000000000e+05
1.011625805491854102e+00 2.348572104876376159e+02 3.285620000000000000e+05
1.017917766942204150e+00 2.336977087982922399e+02 3.279900000000000000e+05
1.024197689983066040e+00 2.318704860521524438e+02 3.352820000000000000e+05
1.030472573734562358e+00 2.307945100890152048e+02 3.359700000000000000e+05
1.036757776698311151e+00 2.297020326537418953e+02 3.440660000000000000e+05
1.043033361905228329e+00 2.282148030283497349e+02 3.437180000000000000e+05
1.049301684494551079e+00 2.257662290472998734e+02 3.514980000000000000e+05
1.055593059295673708e+00 2.256839379075855163e+02 3.544580000000000000e+05
1.061871457102441241e+00 2.245085685472421346e+02 3.585660000000000000e+05
1.068178001041605985e+00 2.225152225660753231e+02 3.661220000000000000e+05
1.074470180493512173e+00 2.207886741449930526e+02 3.658100000000000000e+05
1.080737053769623701e+00 2.201440927667798348e+02 3.716220000000000000e+05
1.087020489212936480e+00 2.186200436996606982e+02 3.759860000000000000e+05
1.093314462971749057e+00 2.168978319901070222e+02 3.821700000000000000e+05
1.099587869600829659e+00 2.174929528655156616e+02 3.818180000000000000e+05
1.105847463881620474e+00 2.137793306003910629e+02 3.895740000000000000e+05
1.112134280670179054e+00 2.142123052822697389e+02 3.936980000000000000e+05
1.118428377412835406e+00 2.127157091533759399e+02 3.994580000000000000e+05
1.124715645780198781e+00 2.116189407128228197e+02 4.022220000000000000e+05
1.130996124361501431e+00 2.103897266682369889e+02 4.069220000000000000e+05
1.137284456696317392e+00 2.092113663959834469e+02 4.128420000000000000e+05
1.143571288435853983e+00 2.078806269806950411e+02 4.153460000000000000e+05
1.149847667202570811e+00 2.070353806558169651e+02 4.211820000000000000e+05
1.156130444085272213e+00 2.057425030045364736e+02 4.250180000000000000e+05
1.162419353814765133e+00 2.038295846059160397e+02 4.311380000000000000e+05
1.168705445387328012e+00 2.032346695705470552e+02 4.343820000000000000e+05
1.174988745725767281e+00 2.025206357247788560e+02 4.395140000000000000e+05
1.181273977502684147e+00 2.013909615567157800e+02 4.447380000000000000e+05
1.187562659051211167e+00 1.997139203471282940e+02 4.489100000000000000e+05
1.193823213156303353e+00 1.990251460972973234e+02 4.506180000000000000e+05
1.200093696126397269e+00 1.978806037713634396e+02 4.595540000000000000e+05
1.206384684590767753e+00 1.973013239469152325e+02 4.631060000000000000e+05
1.212657716259795793e+00 1.953278629426465614e+02 4.670940000000000000e+05
1.218950061014193453e+00 1.952342569326044099e+02 4.749380000000000000e+05
1.225240784026401242e+00 1.938586167781735696e+02 4.771860000000000000e+05
1.231532244371714047e+00 1.931725419104981256e+02 4.846700000000000000e+05
1.237823116543606217e+00 1.922058532533962705e+02 4.870100000000000000e+05
1.244104630523539479e+00 1.913152546561138365e+02 4.933140000000000000e+05
1.250385916236761652e+00 1.903716782998168355e+02 4.963220000000000000e+05
1.256652750742101254e+00 1.881943336914548297e+02 5.017020000000000000e+05
1.262935091931613352e+00 1.879884787475438657e+02 5.085620000000000000e+05
1.269233477511062080e+00 1.872497594840261854e+02 5.142420000000000000e+05
1.275514616938773216e+00 1.861167983495976443e+02 5.161580000000000000e+05
1.281786872211649220e+00 1.849647436478635711e+02 5.226020000000000000e+05
1.288079462048372426e+00 1.835488209453163790e+02 5.306580000000000000e+05
1.294361149637119013e+00 1.831185451717140609e+02 5.300420000000000000e+05
1.300627926004322754e+00 1.823396515605319905e+02 5.388780000000000000e+05
1.306914643728855463e+00 1.821076129738747795e+02 5.441300000000000000e+05
1.313214369136572968e+00 1.813156063283541926e+02 5.511060000000000000e+05
1.319506178663429896e+00 1.794377580092302082e+02 5.539820000000000000e+05
1.325784332573166857e+00 1.786298569855036078e+02 5.582420000000000000e+05
1.332057263563118710e+00 1.780041618677505824e+02 5.645460000000000000e+05
1.338340549575027794e+00 1.771118189834026566e+02 5.704940000000000000e+05
1.344633835480066875e+00 1.763732987423228735e+02 5.767620000000000000e+05
1.350907484373135237e+00 1.750887938488393729e+02 5.782340000000000000e+05
1.357175487163077676e+00 1.743659014404374545e+02 5.856660000000000000e+05
1.363467141694861828e+00 1.739765681337079002e+02 5.944460000000000000e+05
1.369755686854475130e+00 1.728086119066948925e+02 5.952500000000000000e+05
1.376032186684321701e+00 1.723187495166271788e+02 6.034020000000000000e+05
1.382313839440675540e+00 1.706034940646659095e+02 6.073820000000000000e+05
1.388610058625191268e+00 1.697987206985891646e+02 6.170100000000000000e+05
1.394895499348251855e+00 1.691762623262726777e+02 6.167780000000000000e+05
1.401166240321837453e+00 1.679635947197729706e+02 6.247460000000000000e+05
1.407434432864556273e+00 1.677474002266366142e+02 6.280620000000000000e+05
1.413722933193898301e+00 1.664278866964312726e+02 6.394100000000000000e+05
1.420027475896342928e+00 1.659214724931498779e+02 6.429540000000000000e+05
1.426307149789788564e+00 1.647879912058153309e+02 6.459740000000000000e+05
1.432584485912613337e+00 1.646994292348995828e+02 6.534900000000000000e+05
1.438876982104692948e+00 1.632205905659862140e+02 6.607460000000000000e+05
1.445167658311597991e+00 1.626795379436152871e+02 6.646460000000000000e+05
1.451434581318592487e+00 1.622624792207058988e+02 6.672900000000000000e+05
1.457714146029685631e+00 1.617990738414697205e+02 6.790340000000000000e+05
1.464013702919821469e+00 1.601130146519569735e+02 6.827220000000000000e+05
1.470311375243267715e+00 1.594208687111645304e+02 6.912380000000000000e+05
1.476585168270965198e+00 1.593665563162387571e+02 6.886020000000000000e+05
1.482847620858654736e+00 1.587545566593170747e+02 7.008260000000000000e+05
1.489134257848029552e+00 1.574940765541458916e+02 7.056620000000000000e+05
1.495410090151012339e+00 1.568493055781893872e+02 7.100820000000000000e+05
1.501688804650891385e+00 1.561913730071866837e+02 7.191620000000000000e+05
1.507973225127458239e+00 1.552303388999431775e+02 7.222500000000000000e+05
1.514255586288884459e+00 1.547059318716668770e+02 7.315100000000000000e+05
1.520548655276809047e+00 1.541760613062604079e+02 7.364420000000000000e+05
1.526828765310179747e+00 1.533466590098941253e+02 7.408980000000000000e+05
1.533114430439595610e+00 1.525366561711954034e+02 7.501580000000000000e+05
1.539410813276927970e+00 1.518935337575017570e+02 7.548660000000000000e+05
1.545694858079805112e+00 1.512181780996517091e+02 7.608260000000000000e+05
1.551969964575633298e+00 1.502433214857273924e+02 7.640340000000000000e+05
1.558245721095042446e+00 1.496881960376148584e+02 7.738460000000000000e+05
1.564534844516594525e+00 1.494413833149799302e+02 7.797140000000000000e+05
1.570816980798636520e+00 1.481195830575675529e+02 7.843140000000000000e+05
1.577093092211928615e+00 1.475882302862209201e+02 7.913420000000000000e+05
1.583381338673179872e+00 1.469011339146560147e+02 7.994580000000000000e+05
1.589671280639133322e+00 1.466967344019871291e+02 8.049620000000000000e+05
1.595952830483094553e+00 1.456782753501575485e+02 8.095500000000000000e+05
1.602217313416965272e+00 1.454500468384335079e+02 8.134580000000000000e+05
