# Real space DM power spectrum.
# The power spectum is corrected for shot-noise and window function.
# Ngrid=512	Interlacing was set to True.
# redshift=0.000000	model=tabulated	Hz_file=/g100/home/userexternal/mbaldi00/SOURCE/DAKAR2/DSC_m09_m02_Hz.dat	zDf_file=None	H0=67.66	Om=0.311049	Ob=0.04897468161869667	sigma8=0.7882104124	ns=0.9665	Tcmb=0.0	Neff=3.046	m_nu=[0]	Fid_model=w0waCDM	Fid_H0=67.659	Fid_Om=0.311438	Fid_w0=-0.9001	Fid_wa=-0.2025	
# n_dm=1.073742e+00[h/Mpc]^3
# k[h/Mpc]		Pk_dm[Mpc^3/h^3]		Nmodes
8.018239401280879974e-03 1.788652006631427139e+04 1.800000000000000000e+01
1.401654949351664563e-02 2.133709488710280493e+04 6.200000000000000000e+01
1.969250245970122562e-02 1.570087735089477064e+04 9.800000000000000000e+01
2.551337480545044084e-02 2.374497582028252873e+04 2.100000000000000000e+02
3.202906010406358223e-02 1.846920724885395612e+04 3.500000000000000000e+02
3.846520933840009981e-02 1.589721089964760722e+04 4.500000000000000000e+02
4.443307405343879801e-02 1.265544243157820893e+04 6.020000000000000000e+02
5.042305588722229004e-02 1.134186920235976686e+04 7.620000000000000000e+02
5.690925724269420977e-02 1.075079547252170596e+04 1.142000000000000000e+03
6.341842361688614094e-02 9.215790277425385284e+03 1.250000000000000000e+03
6.949987936003544642e-02 8.807143437370514221e+03 1.458000000000000000e+03
7.558128466088295805e-02 8.808358093081393235e+03 1.814000000000000000e+03
8.196268225887480552e-02 7.158694021778001115e+03 2.178000000000000000e+03
8.830226267620121250e-02 6.455539053726424754e+03 2.498000000000000000e+03
9.435210882776298713e-02 5.759472567585567958e+03 2.622000000000000000e+03
1.005600000334900268e-01 5.528583356874156379e+03 3.338000000000000000e+03
1.070138172820522676e-01 4.754974641960580811e+03 3.722000000000000000e+03
1.134272720352065417e-01 4.522206806921787575e+03 4.170000000000000000e+03
1.196088736356262089e-01 4.362373404364347152e+03 4.358000000000000000e+03
1.257803526943431782e-01 4.109957831179854111e+03 5.034000000000000000e+03
1.321489366516601371e-01 3.875211134548240807e+03 5.714000000000000000e+03
1.384562346816501366e-01 3.560932602534043781e+03 5.982000000000000000e+03
1.446496334058954558e-01 3.471262255129110599e+03 6.602000000000000000e+03
1.508534077925902661e-01 3.177755353442214982e+03 7.130000000000000000e+03
1.571727997187746806e-01 2.983052247253614496e+03 8.034000000000000000e+03
1.635416756874734368e-01 2.780975486628266026e+03 8.606000000000000000e+03
1.698255044437522454e-01 2.599144565358320506e+03 9.066000000000000000e+03
1.761012440422073944e-01 2.547569380095530960e+03 9.962000000000000000e+03
1.823997330750334323e-01 2.409172184534389089e+03 1.055000000000000000e+04
1.886505794152418258e-01 2.386337695775642715e+03 1.122600000000000000e+04
1.949080233860110145e-01 2.233147057138870423e+03 1.214600000000000000e+04
2.011423980633682551e-01 2.155230505126479329e+03 1.260600000000000000e+04
2.073952711124279202e-01 1.993752636271928623e+03 1.380200000000000000e+04
2.137387912274538171e-01 1.930715552848998414e+03 1.475400000000000000e+04
2.200329442788883927e-01 1.927230451810009981e+03 1.519400000000000000e+04
2.262928915227388205e-01 1.801101131539885500e+03 1.645400000000000000e+04
2.325983565681614684e-01 1.747782796581266439e+03 1.715400000000000000e+04
2.388889575828848644e-01 1.716249559939344863e+03 1.826600000000000000e+04
2.451217204984029174e-01 1.646111770758717739e+03 1.875000000000000000e+04
2.513735730109318833e-01 1.595120866809589188e+03 2.023400000000000000e+04
2.577068704519516196e-01 1.523029236865943858e+03 2.145000000000000000e+04
2.640202590165574015e-01 1.491704411875798996e+03 2.196200000000000000e+04
2.702896249217050517e-01 1.439883782702002009e+03 2.346200000000000000e+04
2.765613443273721161e-01 1.412882503230226121e+03 2.404200000000000000e+04
2.828696817722480827e-01 1.376491941126918391e+03 2.594600000000000000e+04
2.891484548613966754e-01 1.318641998506631353e+03 2.611800000000000000e+04
2.953521325173381618e-01 1.286830474851400595e+03 2.750600000000000000e+04
3.016073414663040242e-01 1.283976267048999716e+03 2.906600000000000000e+04
3.079380380657114613e-01 1.221371600249686708e+03 3.045000000000000000e+04
3.142758188292146815e-01 1.185991744654922741e+03 3.174200000000000000e+04
3.205460861690284657e-01 1.170361576650190727e+03 3.225000000000000000e+04
3.268125857401938394e-01 1.146676735819545229e+03 3.425000000000000000e+04
3.331235790942642661e-01 1.109775734457031149e+03 3.545400000000000000e+04
3.394044287142444771e-01 1.106358571480388036e+03 3.643400000000000000e+04
3.456389225992096970e-01 1.075372589107354770e+03 3.768200000000000000e+04
3.518805674449744791e-01 1.045011467673259631e+03 3.929400000000000000e+04
3.582029755837912721e-01 1.022175615097378000e+03 4.142600000000000000e+04
3.645115539318926068e-01 1.005776042042890367e+03 4.206600000000000000e+04
3.707638220461956791e-01 9.845808411411812813e+02 4.349000000000000000e+04
3.770538406945189158e-01 9.675868166753080004e+02 4.570200000000000000e+04
3.833585849945114754e-01 9.501130656399919872e+02 4.663400000000000000e+04
3.896511111060295685e-01 9.442332364730427798e+02 4.855400000000000000e+04
3.958767350353735170e-01 9.197501589068659769e+02 4.887000000000000000e+04
4.021123550664917334e-01 9.011026612093779704e+02 5.155400000000000000e+04
4.084534706459355680e-01 8.954062629310233206e+02 5.409000000000000000e+04
4.147693430455148822e-01 8.862098196723189858e+02 5.431400000000000000e+04
4.210541279197388409e-01 8.598234129727400159e+02 5.691000000000000000e+04
4.273285528543883660e-01 8.468848285683510539e+02 5.748200000000000000e+04
4.336210871857300031e-01 8.341670840496051369e+02 6.062600000000000000e+04
4.399178901492071248e-01 8.075224891431900005e+02 6.120600000000000000e+04
4.461481615369914944e-01 8.019468618588191475e+02 6.257000000000000000e+04
4.524185591367541615e-01 7.965878619682113140e+02 6.573000000000000000e+04
4.587151924004577719e-01 7.820992985452597850e+02 6.668600000000000000e+04
4.650253487526455620e-01 7.790628809893318021e+02 6.969800000000000000e+04
4.713138026405762626e-01 7.597595065459969419e+02 7.002600000000000000e+04
4.775801322871031096e-01 7.541963820414458723e+02 7.274600000000000000e+04
4.838809178367569630e-01 7.393716009335944364e+02 7.491000000000000000e+04
4.901499165155780435e-01 7.325930428673960932e+02 7.572200000000000000e+04
4.963993143780123241e-01 7.241109596984714472e+02 7.837800000000000000e+04
5.026659111298577010e-01 7.159754373903975875e+02 8.003000000000000000e+04
5.089643413427887841e-01 7.143152333362348827e+02 8.318600000000000000e+04
5.152747315442799403e-01 6.977895334951173254e+02 8.466600000000000000e+04
5.215661708673858810e-01 6.887289274658254499e+02 8.654600000000000000e+04
5.278286396879566800e-01 6.782759300180274522e+02 8.813400000000000000e+04
5.341160320652750260e-01 6.801026086889035014e+02 9.153800000000000000e+04
5.404304286902661403e-01 6.728000008379550536e+02 9.313800000000000000e+04
5.466976878455739319e-01 6.611608046931082754e+02 9.447800000000000000e+04
5.529595373159058580e-01 6.467933726162885932e+02 9.727400000000000000e+04
5.592440147746206014e-01 6.513958516655289941e+02 9.969000000000000000e+04
5.655545845518847869e-01 6.363188967450063274e+02 1.025900000000000000e+05
5.718545124332512497e-01 6.308145770110065769e+02 1.037700000000000000e+05
5.781226402320145397e-01 6.305445016218751562e+02 1.063460000000000000e+05
5.844054810026423352e-01 6.226087065374659915e+02 1.085460000000000000e+05
5.906692678833675991e-01 6.193696726749193431e+02 1.107260000000000000e+05
5.969160111309492756e-01 6.066269473992098256e+02 1.123220000000000000e+05
6.031708558297608214e-01 6.007414360758289149e+02 1.158900000000000000e+05
6.094688112237535149e-01 5.948537337546370054e+02 1.187660000000000000e+05
6.158118423264375974e-01 5.943625988304769407e+02 1.222980000000000000e+05
6.221022681713845870e-01 5.836032339001162654e+02 1.220900000000000000e+05
6.283660508217905338e-01 5.744297457029459792e+02 1.258100000000000000e+05
6.346461619227155015e-01 5.766415302220144667e+02 1.281900000000000000e+05
6.409396473976692876e-01 5.737605869784938477e+02 1.309940000000000000e+05
6.472371834330832296e-01 5.673822832643638776e+02 1.337220000000000000e+05
6.534767429514126702e-01 5.589654254050090003e+02 1.338860000000000000e+05
6.597637022409679197e-01 5.553266574734853975e+02 1.405380000000000000e+05
6.660751593608625898e-01 5.496873382501707965e+02 1.405940000000000000e+05
6.723401943305717943e-01 5.458368710825011476e+02 1.435940000000000000e+05
6.786079373829640993e-01 5.400833449122275169e+02 1.463100000000000000e+05
6.849135514418230875e-01 5.377445486500774905e+02 1.506500000000000000e+05
6.912250943479077980e-01 5.337275502086698680e+02 1.519140000000000000e+05
6.974710436131158486e-01 5.289571505475895492e+02 1.533980000000000000e+05
7.037307548900212373e-01 5.242544932438635215e+02 1.578660000000000000e+05
7.100217936516199924e-01 5.191006957500244425e+02 1.606580000000000000e+05
7.163250787242370077e-01 5.149236456768378503e+02 1.641020000000000000e+05
7.226009447591926760e-01 5.136514137673120786e+02 1.649940000000000000e+05
7.288716701068771453e-01 5.077770671810512795e+02 1.698500000000000000e+05
7.351879459163250807e-01 5.040593703138263777e+02 1.729860000000000000e+05
7.414685146977839647e-01 4.995876602540042768e+02 1.738940000000000000e+05
7.477104477723024445e-01 4.983839315859701173e+02 1.767780000000000000e+05
7.539885226758882286e-01 4.934282994317431417e+02 1.818020000000000000e+05
7.602914782916944114e-01 4.889229527601999621e+02 1.844300000000000000e+05
7.665892437025125794e-01 4.900474535546717334e+02 1.872420000000000000e+05
7.728738187058056264e-01 4.844155788708510499e+02 1.902500000000000000e+05
7.791494140893913123e-01 4.792181088009882046e+02 1.925700000000000000e+05
7.854515901778583720e-01 4.770794716590443727e+02 1.982540000000000000e+05
7.917409748104085043e-01 4.741377122305583498e+02 1.980740000000000000e+05
7.979940385111662371e-01 4.699542206077651372e+02 2.020500000000000000e+05
8.042571846768763466e-01 4.657144521623700371e+02 2.055020000000000000e+05
8.105619462845171652e-01 4.654847103875141556e+02 2.106660000000000000e+05
8.168641867275381330e-01 4.611071849527116910e+02 2.124260000000000000e+05
8.231256696255031535e-01 4.606896723860704128e+02 2.139180000000000000e+05
8.294110748726144511e-01 4.574367417167227359e+02 2.209940000000000000e+05
8.357113707437004990e-01 4.510595406353591557e+02 2.215220000000000000e+05
8.419948002460609926e-01 4.494243425632018329e+02 2.263140000000000000e+05
8.482593350903800955e-01 4.449587757121848313e+02 2.272940000000000000e+05
8.545301115901441369e-01 4.457574249464394711e+02 2.329620000000000000e+05
8.608435414229801408e-01 4.414055905270000721e+02 2.378180000000000000e+05
8.671393362117422177e-01 4.387935408890041913e+02 2.383980000000000000e+05
8.733948081113820372e-01 4.350472374333375569e+02 2.414180000000000000e+05
8.796646205952306508e-01 4.329296762180171072e+02 2.468180000000000000e+05
8.859565087287600837e-01 4.292495614377731954e+02 2.499060000000000000e+05
8.922534924202312201e-01 4.276119947138234920e+02 2.547020000000000000e+05
8.985217857854136403e-01 4.265736495578593690e+02 2.544180000000000000e+05
9.047744920414614311e-01 4.241047437043739023e+02 2.603540000000000000e+05
9.110610772062064378e-01 4.211384654045824618e+02 2.649740000000000000e+05
9.173652030728716156e-01 4.167524398266766070e+02 2.687220000000000000e+05
9.236564978724189912e-01 4.163908064419626953e+02 2.715620000000000000e+05
9.299448038968107788e-01 4.128162262849056674e+02 2.755860000000000000e+05
9.362445064485998003e-01 4.116699836818533527e+02 2.801900000000000000e+05
9.425390102875164100e-01 4.066888079613172522e+02 2.828340000000000000e+05
9.488116425969939094e-01 4.069957104232454412e+02 2.851700000000000000e+05
9.550714374598537892e-01 4.036686098125987883e+02 2.898860000000000000e+05
9.613552636148307018e-01 4.024134073506071445e+02 2.944740000000000000e+05
9.676548604748713700e-01 3.978661051210619348e+02 2.994980000000000000e+05
9.739319897320198871e-01 3.990511016314400194e+02 2.999580000000000000e+05
9.801989291478477861e-01 3.942986207324093471e+02 3.058580000000000000e+05
9.864886628427461668e-01 3.931923220259881191e+02 3.107940000000000000e+05
9.927793936164199806e-01 3.900498772388519342e+02 3.130820000000000000e+05
9.990361166530091763e-01 3.883903837592725949e+02 3.160460000000000000e+05
1.005310172388236056e+00 3.864840545923956370e+02 3.222180000000000000e+05
1.011625805491854102e+00 3.849832506261807339e+02 3.285620000000000000e+05
1.017917766942204150e+00 3.828332068317689050e+02 3.279900000000000000e+05
1.024197689983066040e+00 3.808649921693910869e+02 3.352820000000000000e+05
1.030472573734562358e+00 3.799876642396833972e+02 3.359700000000000000e+05
1.036757776698311151e+00 3.774958629072397684e+02 3.440660000000000000e+05
1.043033361905228329e+00 3.756078403438234545e+02 3.437180000000000000e+05
1.049301684494551079e+00 3.728100244600760789e+02 3.514980000000000000e+05
1.055593059295673708e+00 3.722172930582662502e+02 3.544580000000000000e+05
1.061871457102441241e+00 3.692078205677906908e+02 3.585660000000000000e+05
1.068178001041605985e+00 3.678174988564921364e+02 3.661220000000000000e+05
1.074470180493512173e+00 3.651774880101143026e+02 3.658100000000000000e+05
1.080737053769623701e+00 3.632915059985045332e+02 3.716220000000000000e+05
1.087020489212936480e+00 3.613763378169948624e+02 3.759860000000000000e+05
1.093314462971749057e+00 3.599722334344904198e+02 3.821700000000000000e+05
1.099587869600829659e+00 3.595669252816929884e+02 3.818180000000000000e+05
1.105847463881620474e+00 3.562787171097576788e+02 3.895740000000000000e+05
1.112134280670179054e+00 3.549689664794310033e+02 3.936980000000000000e+05
1.118428377412835406e+00 3.524797894822215198e+02 3.994580000000000000e+05
1.124715645780198781e+00 3.528993878290919497e+02 4.022220000000000000e+05
1.130996124361501431e+00 3.494035720734989354e+02 4.069220000000000000e+05
1.137284456696317392e+00 3.479486072774829495e+02 4.128420000000000000e+05
1.143571288435853983e+00 3.458580241387271599e+02 4.153460000000000000e+05
1.149847667202570811e+00 3.438448169565135686e+02 4.211820000000000000e+05
1.156130444085272213e+00 3.436242115439395093e+02 4.250180000000000000e+05
1.162419353814765133e+00 3.410594089313060522e+02 4.311380000000000000e+05
1.168705445387328012e+00 3.380960220206945905e+02 4.343820000000000000e+05
1.174988745725767281e+00 3.382634061484741324e+02 4.395140000000000000e+05
1.181273977502684147e+00 3.368135969060675166e+02 4.447380000000000000e+05
1.187562659051211167e+00 3.343263281794331760e+02 4.489100000000000000e+05
1.193823213156303353e+00 3.321778208683894604e+02 4.506180000000000000e+05
1.200093696126397269e+00 3.315436945071638206e+02 4.595540000000000000e+05
1.206384684590767753e+00 3.307743344455915917e+02 4.631060000000000000e+05
1.212657716259795793e+00 3.271895952706148023e+02 4.670940000000000000e+05
1.218950061014193453e+00 3.269301835588166796e+02 4.749380000000000000e+05
1.225240784026401242e+00 3.254175309122848034e+02 4.771860000000000000e+05
1.231532244371714047e+00 3.240046874940911152e+02 4.846700000000000000e+05
1.237823116543606217e+00 3.234240705384623311e+02 4.870100000000000000e+05
1.244104630523539479e+00 3.206028564675361849e+02 4.933140000000000000e+05
1.250385916236761652e+00 3.193553300420325627e+02 4.963220000000000000e+05
1.256652750742101254e+00 3.172718817179725761e+02 5.017020000000000000e+05
1.262935091931613352e+00 3.156401868971893236e+02 5.085620000000000000e+05
1.269233477511062080e+00 3.158086714359865823e+02 5.142420000000000000e+05
1.275514616938773216e+00 3.131798449361079975e+02 5.161580000000000000e+05
1.281786872211649220e+00 3.116107955190772145e+02 5.226020000000000000e+05
1.288079462048372426e+00 3.110349080296531952e+02 5.306580000000000000e+05
1.294361149637119013e+00 3.092735894889568726e+02 5.300420000000000000e+05
1.300627926004322754e+00 3.076678037582465208e+02 5.388780000000000000e+05
1.306914643728855463e+00 3.067353012101418699e+02 5.441300000000000000e+05
1.313214369136572968e+00 3.060616987316305426e+02 5.511060000000000000e+05
1.319506178663429896e+00 3.037388797063250649e+02 5.539820000000000000e+05
1.325784332573166857e+00 3.016090953803216621e+02 5.582420000000000000e+05
1.332057263563118710e+00 3.018059565842129928e+02 5.645460000000000000e+05
1.338340549575027794e+00 2.996162589950416759e+02 5.704940000000000000e+05
1.344633835480066875e+00 2.995792381072602666e+02 5.767620000000000000e+05
1.350907484373135237e+00 2.976990312267867012e+02 5.782340000000000000e+05
1.357175487163077676e+00 2.964824251928833974e+02 5.856660000000000000e+05
1.363467141694861828e+00 2.960088738435621281e+02 5.944460000000000000e+05
1.369755686854475130e+00 2.931870344182446502e+02 5.952500000000000000e+05
1.376032186684321701e+00 2.918923671049016662e+02 6.034020000000000000e+05
1.382313839440675540e+00 2.913813505042706424e+02 6.073820000000000000e+05
1.388610058625191268e+00 2.891035228898016385e+02 6.170100000000000000e+05
1.394895499348251855e+00 2.882594591977564278e+02 6.167780000000000000e+05
1.401166240321837453e+00 2.867564865510132108e+02 6.247460000000000000e+05
1.407434432864556273e+00 2.851913595809678554e+02 6.280620000000000000e+05
1.413722933193898301e+00 2.845114950228571615e+02 6.394100000000000000e+05
1.420027475896342928e+00 2.834826043937213171e+02 6.429540000000000000e+05
1.426307149789788564e+00 2.812044909410988112e+02 6.459740000000000000e+05
1.432584485912613337e+00 2.817953297077453954e+02 6.534900000000000000e+05
1.438876982104692948e+00 2.794923440083074979e+02 6.607460000000000000e+05
1.445167658311597991e+00 2.782492336914269231e+02 6.646460000000000000e+05
1.451434581318592487e+00 2.776783613708954590e+02 6.672900000000000000e+05
1.457714146029685631e+00 2.764422404575743712e+02 6.790340000000000000e+05
1.464013702919821469e+00 2.750538075369086641e+02 6.827220000000000000e+05
1.470311375243267715e+00 2.729506804402651028e+02 6.912380000000000000e+05
1.476585168270965198e+00 2.729826306233130708e+02 6.886020000000000000e+05
1.482847620858654736e+00 2.715793434109501163e+02 7.008260000000000000e+05
1.489134257848029552e+00 2.703879435896387804e+02 7.056620000000000000e+05
1.495410090151012339e+00 2.688057500451664623e+02 7.100820000000000000e+05
1.501688804650891385e+00 2.681155736740739712e+02 7.191620000000000000e+05
1.507973225127458239e+00 2.664182765946472387e+02 7.222500000000000000e+05
1.514255586288884459e+00 2.661372233099247069e+02 7.315100000000000000e+05
1.520548655276809047e+00 2.647678091967935643e+02 7.364420000000000000e+05
1.526828765310179747e+00 2.633492234654602271e+02 7.408980000000000000e+05
1.533114430439595610e+00 2.623607092373494538e+02 7.501580000000000000e+05
1.539410813276927970e+00 2.612852403650321094e+02 7.548660000000000000e+05
1.545694858079805112e+00 2.599763330522952742e+02 7.608260000000000000e+05
1.551969964575633298e+00 2.592037394775968551e+02 7.640340000000000000e+05
1.558245721095042446e+00 2.582423114559280748e+02 7.738460000000000000e+05
1.564534844516594525e+00 2.569405432633712394e+02 7.797140000000000000e+05
1.570816980798636520e+00 2.559103199308096350e+02 7.843140000000000000e+05
1.577093092211928615e+00 2.550257124367955157e+02 7.913420000000000000e+05
1.583381338673179872e+00 2.540918756421764044e+02 7.994580000000000000e+05
1.589671280639133322e+00 2.527579695907289477e+02 8.049620000000000000e+05
1.595952830483094553e+00 2.523824048047928272e+02 8.095500000000000000e+05
1.602217313416965272e+00 2.512147107792884810e+02 8.134580000000000000e+05
